0.000000000000000000e+00
0.000000000000000000e+00
9.476012836648808335e-01
0.000000000000000000e+00
0.000000000000000000e+00
0.000000000000000000e+00
1.000000000000000000e+00
1.000000000000000000e+00
1.000000000000000000e+00
1.000000000000000000e+00
1.000000000000000000e+00
1.000000000000000000e+00
1.000000000000000000e+00
1.000000000000000000e+00
8.255734993319130410e-01
0.000000000000000000e+00
1.827557382377687943e-03
8.027915901364363060e-02
8.799612526443091332e-01
5.911444669884278191e-01
0.000000000000000000e+00
0.000000000000000000e+00
1.788955761217133344e-01
1.000000000000000000e+00
1.000000000000000000e+00
1.616900621139222283e-01
0.000000000000000000e+00
0.000000000000000000e+00
7.299453322707316616e-03
9.553721691652280468e-01
9.930173579863674771e-01
9.692924128020582453e-01
1.566967454557387507e-01
2.685579259631358084e-03
2.599612722126067380e-02
4.163474667905900373e-01
5.436961828415970421e-01
2.617094059129239716e-02
4.798606300901061520e-04
1.139048261869858580e-02
5.851617255057739442e-01
9.730546855020131281e-01
4.994189638543063969e-01
4.667974160863121863e-02
5.125300186896432353e-02
6.891003624444155262e-01
1.000000000000000000e+00
1.000000000000000000e+00
1.000000000000000000e+00
1.000000000000000000e+00
1.000000000000000000e+00
9.323612013586488612e-01
9.096402316874874217e-02
4.963644182680915229e-01
1.000000000000000000e+00
1.000000000000000000e+00
1.000000000000000000e+00
1.000000000000000000e+00
9.918774990861450869e-01
5.968886586123027787e-04
0.000000000000000000e+00
5.968886586123027787e-04
9.918774990861450869e-01
1.000000000000000000e+00
1.000000000000000000e+00
1.000000000000000000e+00
1.000000000000000000e+00
4.963644182680915229e-01
9.096402316874874217e-02
9.323612013586488612e-01
1.000000000000000000e+00
1.000000000000000000e+00
1.000000000000000000e+00
1.000000000000000000e+00
1.000000000000000000e+00
6.891003624444155262e-01
5.125300186896432353e-02
4.667974160863121863e-02
4.994189638543063969e-01
9.730546855020131281e-01
5.851617255057739442e-01
1.139048261869858580e-02
4.798606300901061520e-04
2.617094059129239716e-02
5.436961828415970421e-01
4.163474667905900373e-01
2.599612722126067380e-02
2.685579259631358084e-03
1.566967454557387507e-01
9.692924128020582453e-01
9.930173579863674771e-01
9.553721691652280468e-01
7.299453322707316616e-03
0.000000000000000000e+00
0.000000000000000000e+00
1.616900621139222283e-01
1.000000000000000000e+00
1.000000000000000000e+00
1.788955761217133344e-01
0.000000000000000000e+00
0.000000000000000000e+00
5.911444669884278191e-01
8.799612526443091332e-01
8.027915901364363060e-02
1.827557382377687943e-03
0.000000000000000000e+00
8.255734993319130410e-01
1.000000000000000000e+00
1.000000000000000000e+00
1.000000000000000000e+00
1.000000000000000000e+00
1.000000000000000000e+00
1.000000000000000000e+00
1.000000000000000000e+00
1.000000000000000000e+00
0.000000000000000000e+00
0.000000000000000000e+00
0.000000000000000000e+00
9.476012836648808335e-01
0.000000000000000000e+00
0.000000000000000000e+00
