3.889927337053730172e-01
3.857319311065818823e-01
4.564197081254311450e-01
5.638199246194784964e-01
5.898307804183559044e-01
4.778165459756945621e-01
4.074768980567240462e-01
4.795163773042117050e-01
6.090690554242950139e-01
6.742775864637100547e-01
5.782860377386591644e-01
3.591048050454677676e-01
2.456391939405807856e-01
2.499509619042289965e-01
3.711637036374375032e-01
5.962536967052838310e-01
7.334469295423966528e-01
7.322199195331399180e-01
5.668009682660359871e-01
3.606692996201606438e-01
2.464857062318694947e-01
2.181828268254235592e-01
2.649032590983781410e-01
3.874885452086881399e-01
5.888473654513829425e-01
6.871947656190928733e-01
7.107348035048883794e-01
7.210574236221044542e-01
7.108603812955277546e-01
6.877244560801268891e-01
6.269688875906243020e-01
5.687330229109893720e-01
5.185651011335641325e-01
4.909582268504608105e-01
5.293658241558154565e-01
6.433361589198186570e-01
6.891215573153273155e-01
6.625500348072362877e-01
6.070281280574310045e-01
5.982828291226307549e-01
6.395548485899792412e-01
6.794332501793136636e-01
6.592521874070729204e-01
6.479452492344035530e-01
6.350820649159600872e-01
6.154429607029531235e-01
5.817755207318404675e-01
5.289202960299675960e-01
4.632438058815964710e-01
3.950730939325989288e-01
3.321276352633831253e-01
2.815371806975789370e-01
2.532030404571690152e-01
2.754360208503455754e-01
4.789828988022626355e-01
7.832460902666261715e-01
7.662669376275049737e-01
5.650987042157850082e-01
3.343142930433638527e-01
2.577646919013516502e-01
2.404099500540622936e-01
2.577646919013516502e-01
3.343142930433638527e-01
5.650987042157850082e-01
7.662669376275049737e-01
7.832460902666261715e-01
4.789828988022626355e-01
2.754360208503455754e-01
2.532030404571690152e-01
2.815371806975789370e-01
3.321276352633831253e-01
3.950730939325989288e-01
4.632438058815964710e-01
5.289202960299675960e-01
5.817755207318404675e-01
6.154429607029531235e-01
6.350820649159600872e-01
6.479452492344035530e-01
6.592521874070729204e-01
6.794332501793136636e-01
6.395548485899792412e-01
5.982828291226307549e-01
6.070281280574310045e-01
6.625500348072362877e-01
6.891215573153273155e-01
6.433361589198186570e-01
5.293658241558154565e-01
4.909582268504608105e-01
5.185651011335641325e-01
5.687330229109893720e-01
6.269688875906243020e-01
6.877244560801268891e-01
7.108603812955277546e-01
7.210574236221044542e-01
7.107348035048883794e-01
6.871947656190928733e-01
5.888473654513829425e-01
3.874885452086881399e-01
2.649032590983781410e-01
2.181828268254235592e-01
2.464857062318694947e-01
3.606692996201606438e-01
5.668009682660359871e-01
7.322199195331399180e-01
7.334469295423966528e-01
5.962536967052838310e-01
3.711637036374375032e-01
2.499509619042289965e-01
2.456391939405807856e-01
3.591048050454677676e-01
5.782860377386591644e-01
6.742775864637100547e-01
6.090690554242950139e-01
4.795163773042117050e-01
4.074768980567240462e-01
4.778165459756945621e-01
5.898307804183559044e-01
5.638199246194784964e-01
4.564197081254311450e-01
3.857319311065818823e-01
3.889927337053730172e-01
