1.331025420006138049e-01
2.425146784687451096e-01
5.451993207542286113e-01
9.120700795655226623e-01
8.718013551719752119e-01
8.296299575349593836e-01
6.388083038466956243e-01
4.373937128947570918e-01
5.516881957821728744e-01
7.388554990570025405e-01
6.258330488090237953e-01
6.266571088045544968e-01
3.325566606816138249e-01
2.231125521356321362e-01
5.999635895683277376e-01
7.686337474500785083e-01
7.990671415013390622e-01
7.567304203143211394e-01
4.822399728065904778e-01
1.814985378446879738e-01
1.195095653205344860e-01
4.657605963214075245e-02
7.185774827674103193e-02
7.952558638076069608e-02
9.609680855640849451e-02
9.642244965229269937e-02
1.914683474293000509e-01
3.992655104983651726e-01
2.695796640763937768e-01
1.064819825213473431e-01
1.296875159856868687e-01
6.088926404778835511e-02
4.387585356683514903e-01
8.758995429983335024e-01
7.457974163836940118e-01
7.543223146739755913e-01
5.058234076340758500e-01
4.655110223237594047e-01
3.664362894589483499e-01
2.094873445692138902e-01
3.262913096715304717e-01
6.167087644526444423e-01
6.663051062666961455e-01
6.841563319332790716e-01
5.400234742748712957e-01
5.989558200088930251e-01
7.878528420532902032e-01
6.139640616083108515e-01
7.306680424362334003e-01
6.300742348431491724e-01
5.074805229435547238e-01
5.555432481462001526e-01
4.963953942088525917e-01
7.561874562345476392e-01
8.114971755958757527e-01
8.104927676433636430e-01
8.823573573557091931e-01
8.167639622593162452e-01
7.465447243364005114e-01
5.195437214535602033e-01
4.321156868677555329e-01
5.195437214535602033e-01
7.465447243364005114e-01
8.167639622593162452e-01
8.823573573557091931e-01
8.104927676433636430e-01
8.114971755958757527e-01
7.561874562345476392e-01
4.963953942088525917e-01
5.555432481462001526e-01
5.074805229435547238e-01
6.300742348431491724e-01
7.306680424362334003e-01
6.139640616083108515e-01
7.878528420532902032e-01
5.989558200088930251e-01
5.400234742748712957e-01
6.841563319332790716e-01
6.663051062666961455e-01
6.167087644526444423e-01
3.262913096715304717e-01
2.094873445692138902e-01
3.664362894589483499e-01
4.655110223237594047e-01
5.058234076340758500e-01
7.543223146739755913e-01
7.457974163836940118e-01
8.758995429983335024e-01
4.387585356683514903e-01
6.088926404778835511e-02
1.296875159856868687e-01
1.064819825213473431e-01
2.695796640763937768e-01
3.992655104983651726e-01
1.914683474293000509e-01
9.642244965229269937e-02
9.609680855640849451e-02
7.952558638076069608e-02
7.185774827674103193e-02
4.657605963214075245e-02
1.195095653205344860e-01
1.814985378446879738e-01
4.822399728065904778e-01
7.567304203143211394e-01
7.990671415013390622e-01
7.686337474500785083e-01
5.999635895683277376e-01
2.231125521356321362e-01
3.325566606816138249e-01
6.266571088045544968e-01
6.258330488090237953e-01
7.388554990570025405e-01
5.516881957821728744e-01
4.373937128947570918e-01
6.388083038466956243e-01
8.296299575349593836e-01
8.718013551719752119e-01
9.120700795655226623e-01
5.451993207542286113e-01
2.425146784687451096e-01
1.331025420006138049e-01
