1.803754985335264127e-01
7.823856193624710853e-01
8.880494946045911497e-01
8.691405062243184876e-01
7.497888120762191688e-02
1.473282536475907234e-01
7.689120216599336644e-01
5.482024436788726085e-01
9.607614959099841645e-01
8.631308877992333040e-01
8.776973682695243806e-01
2.731966001091367113e-01
4.227360841737482500e-01
8.826817969645618378e-01
7.083750354209846778e-01
9.703502170856224129e-01
9.123202982345138823e-01
9.324682330224078886e-01
8.662874592196664336e-01
9.345275054269108761e-01
7.891747767559644799e-01
8.557547637736091506e-01
8.877484966964312996e-01
9.272500494373430158e-01
8.587104221457304565e-01
2.928077109398619093e-01
5.474620834117147616e-01
1.897058030731997302e-01
1.875800379452257083e-01
3.963686048712488641e-01
9.397385915808873502e-01
9.946348062480756536e-01
9.603434486891863076e-01
9.418504571204123765e-01
8.908980436301866535e-01
8.759614155086856702e-01
7.225945683902071925e-01
4.874124983625802709e-01
2.022046890076173165e-01
2.211588519270965003e-01
2.648975801238898087e-01
7.944683324217091114e-01
7.153071073520750334e-01
4.271172321000496486e-01
8.378817017055175675e-01
8.975465962674185061e-01
9.230824212766686188e-01
9.358192044288273781e-01
9.090902784265616488e-01
8.945811007573248874e-01
4.933958370046895303e-01
1.247764257747195904e-01
7.523660149675932551e-01
1.477554046477023708e-01
7.376889148417197228e-01
9.578543074829418136e-02
9.320548472259274631e-01
2.192724571416950763e-01
7.846002832643879099e-01
4.199134517985006476e-01
9.076216603370964586e-01
4.199134517985006476e-01
7.846002832643879099e-01
2.192724571416950763e-01
9.320548472259274631e-01
9.578543074829418136e-02
7.376889148417197228e-01
1.477554046477023708e-01
7.523660149675932551e-01
1.247764257747195904e-01
4.933958370046895303e-01
8.945811007573248874e-01
9.090902784265616488e-01
9.358192044288273781e-01
9.230824212766686188e-01
8.975465962674185061e-01
8.378817017055175675e-01
4.271172321000496486e-01
7.153071073520750334e-01
7.944683324217091114e-01
2.648975801238898087e-01
2.211588519270965003e-01
2.022046890076173165e-01
4.874124983625802709e-01
7.225945683902071925e-01
8.759614155086856702e-01
8.908980436301866535e-01
9.418504571204123765e-01
9.603434486891863076e-01
9.946348062480756536e-01
9.397385915808873502e-01
3.963686048712488641e-01
1.875800379452257083e-01
1.897058030731997302e-01
5.474620834117147616e-01
2.928077109398619093e-01
8.587104221457304565e-01
9.272500494373430158e-01
8.877484966964312996e-01
8.557547637736091506e-01
7.891747767559644799e-01
9.345275054269108761e-01
8.662874592196664336e-01
9.324682330224078886e-01
9.123202982345138823e-01
9.703502170856224129e-01
7.083750354209846778e-01
8.826817969645618378e-01
4.227360841737482500e-01
2.731966001091367113e-01
8.776973682695243806e-01
8.631308877992333040e-01
9.607614959099841645e-01
5.482024436788726085e-01
7.689120216599336644e-01
1.473282536475907234e-01
7.497888120762191688e-02
8.691405062243184876e-01
8.880494946045911497e-01
7.823856193624710853e-01
1.803754985335264127e-01
