lambda, Y
7e-07, 1.15227
6.98249e-07, 1.15202
6.96506e-07, 1.15177
6.94772e-07, 1.15152
6.93046e-07, 1.15128
6.91329e-07, 1.15105
6.89621e-07, 1.15079
6.87921e-07, 1.1505
6.8623e-07, 1.15019
6.84546e-07, 1.14986
6.82871e-07, 1.14954
6.81204e-07, 1.14925
6.79545e-07, 1.14899
6.77895e-07, 1.14876
6.76252e-07, 1.14856
6.74617e-07, 1.14836
6.7299e-07, 1.14819
6.71371e-07, 1.14804
6.6976e-07, 1.14796
6.68156e-07, 1.14796
6.66561e-07, 1.14805
6.64972e-07, 1.14823
6.63391e-07, 1.14849
6.61818e-07, 1.14882
6.60252e-07, 1.14923
6.58694e-07, 1.14972
6.57143e-07, 1.1503
6.55599e-07, 1.151
6.54063e-07, 1.15181
6.52533e-07, 1.15272
6.51011e-07, 1.15372
6.49496e-07, 1.1548
6.47988e-07, 1.15594
6.46486e-07, 1.15715
6.44992e-07, 1.15843
6.43505e-07, 1.15979
6.42025e-07, 1.16123
6.40551e-07, 1.16275
6.39084e-07, 1.16433
6.37624e-07, 1.16596
6.3617e-07, 1.16764
6.34723e-07, 1.16935
6.33283e-07, 1.17112
6.31849e-07, 1.17295
6.30422e-07, 1.17485
6.29001e-07, 1.17682
6.27586e-07, 1.17884
6.26178e-07, 1.18091
6.24776e-07, 1.18301
6.2338e-07, 1.18517
6.21991e-07, 1.18737
6.20608e-07, 1.18964
6.19231e-07, 1.19199
6.1786e-07, 1.1944
6.16495e-07, 1.19688
6.15136e-07, 1.19941
6.13783e-07, 1.20199
6.12436e-07, 1.20463
6.11095e-07, 1.20734
6.0976e-07, 1.21011
6.0843e-07, 1.21296
6.07107e-07, 1.2159
6.05789e-07, 1.21891
6.04477e-07, 1.22199
6.0317e-07, 1.22513
6.01869e-07, 1.22834
6.00574e-07, 1.23162
5.99284e-07, 1.23498
5.98e-07, 1.23843
5.96721e-07, 1.24196
5.95448e-07, 1.24559
5.9418e-07, 1.2493
5.92918e-07, 1.25308
5.91661e-07, 1.25694
5.90409e-07, 1.26088
5.89163e-07, 1.2649
5.87921e-07, 1.26903
5.86685e-07, 1.27325
5.85455e-07, 1.27757
5.84229e-07, 1.28198
5.83008e-07, 1.28648
5.81793e-07, 1.29106
5.80583e-07, 1.29573
5.79377e-07, 1.3005
5.78177e-07, 1.30537
5.76981e-07, 1.31034
5.75791e-07, 1.31542
5.74605e-07, 1.3206
5.73425e-07, 1.32588
5.72249e-07, 1.33125
5.71078e-07, 1.33671
5.69912e-07, 1.34227
5.6875e-07, 1.34795
5.67593e-07, 1.35373
5.66441e-07, 1.35963
5.65294e-07, 1.36563
5.64151e-07, 1.37173
5.63013e-07, 1.37793
5.61879e-07, 1.38423
5.6075e-07, 1.39063
5.59626e-07, 1.39715
5.58506e-07, 1.40377
5.5739e-07, 1.41051
5.56279e-07, 1.41736
5.55172e-07, 1.42431
5.5407e-07, 1.43135
5.52972e-07, 1.4385
5.51879e-07, 1.44574
5.50789e-07, 1.45309
5.49705e-07, 1.46055
5.48624e-07, 1.46812
5.47547e-07, 1.47578
5.46475e-07, 1.48354
5.45407e-07, 1.49139
5.44343e-07, 1.49933
5.43284e-07, 1.50735
5.42228e-07, 1.51547
5.41176e-07, 1.52368
5.40129e-07, 1.53198
5.39086e-07, 1.54036
5.38046e-07, 1.54881
5.37011e-07, 1.55734
5.3598e-07, 1.56593
5.34952e-07, 1.57458
5.33929e-07, 1.58329
5.32909e-07, 1.59207
5.31893e-07, 1.6009
5.30881e-07, 1.60978
5.29873e-07, 1.61871
5.28869e-07, 1.62766
5.27869e-07, 1.63664
5.26872e-07, 1.64565
5.25879e-07, 1.65467
5.2489e-07, 1.6637
5.23905e-07, 1.67275
5.22923e-07, 1.6818
5.21945e-07, 1.69085
5.20971e-07, 1.69988
5.2e-07, 1.70887
5.19033e-07, 1.71784
5.18069e-07, 1.72677
5.17109e-07, 1.73566
5.16153e-07, 1.7445
5.152e-07, 1.75329
5.14251e-07, 1.76201
5.13305e-07, 1.77066
5.12362e-07, 1.77922
5.11423e-07, 1.78769
5.10488e-07, 1.79606
5.09556e-07, 1.80433
5.08627e-07, 1.8125
5.07702e-07, 1.82055
5.0678e-07, 1.82848
5.05861e-07, 1.83628
5.04946e-07, 1.84394
5.04034e-07, 1.85145
5.03125e-07, 1.85882
5.0222e-07, 1.86603
5.01317e-07, 1.87308
5.00418e-07, 1.87998
4.99523e-07, 1.8867
4.9863e-07, 1.89326
4.97741e-07, 1.89963
4.96855e-07, 1.90582
4.95972e-07, 1.91182
4.95092e-07, 1.91763
4.94215e-07, 1.92326
4.93341e-07, 1.9287
4.92471e-07, 1.93396
4.91603e-07, 1.93901
4.90739e-07, 1.94387
4.89877e-07, 1.94852
4.89019e-07, 1.95298
4.88163e-07, 1.95724
4.87311e-07, 1.9613
4.86461e-07, 1.96518
4.85615e-07, 1.96886
4.84771e-07, 1.97236
4.83931e-07, 1.97566
4.83093e-07, 1.97876
4.82258e-07, 1.98168
4.81426e-07, 1.98441
4.80597e-07, 1.98697
4.79771e-07, 1.98935
4.78947e-07, 1.99157
4.78127e-07, 1.99361
4.77309e-07, 1.99549
4.76494e-07, 1.9972
4.75682e-07, 1.99875
4.74872e-07, 2.00015
4.74066e-07, 2.0014
4.73262e-07, 2.00251
4.7246e-07, 2.00348
4.71662e-07, 2.00433
4.70866e-07, 2.00504
4.70073e-07, 2.00563
4.69283e-07, 2.00609
4.68495e-07, 2.00643
4.67709e-07, 2.00667
4.66927e-07, 2.00681
4.66147e-07, 2.00685
4.6537e-07, 2.00681
4.64595e-07, 2.00667
4.63823e-07, 2.00644
4.63053e-07, 2.00613
4.62286e-07, 2.00575
4.61521e-07, 2.00529
4.60759e-07, 2.00477
4.6e-07, 2.0042
4.59243e-07, 2.00357
4.58488e-07, 2.00289
4.57736e-07, 2.00215
4.56987e-07, 2.00138
4.5624e-07, 2.00056
4.55495e-07, 1.9997
4.54753e-07, 1.99881
4.54013e-07, 1.9979
4.53276e-07, 1.99697
4.52541e-07, 1.99602
4.51808e-07, 1.99505
4.51078e-07, 1.99407
4.5035e-07, 1.99307
4.49624e-07, 1.99206
4.48901e-07, 1.99105
4.4818e-07, 1.99005
4.47461e-07, 1.98905
4.46745e-07, 1.98805
4.46031e-07, 1.98707
4.45319e-07, 1.98609
4.4461e-07, 1.98512
4.43902e-07, 1.98417
4.43197e-07, 1.98324
4.42495e-07, 1.98233
4.41794e-07, 1.98145
4.41096e-07, 1.9806
4.404e-07, 1.97978
4.39706e-07, 1.97899
4.39014e-07, 1.97823
4.38325e-07, 1.97751
4.37637e-07, 1.97682
4.36952e-07, 1.97618
4.36269e-07, 1.97558
4.35588e-07, 1.97503
4.34909e-07, 1.97453
4.34232e-07, 1.97408
4.33558e-07, 1.97368
4.32885e-07, 1.97333
4.32215e-07, 1.97304
4.31546e-07, 1.9728
4.3088e-07, 1.97263
4.30216e-07, 1.97253
4.29554e-07, 1.9725
4.28893e-07, 1.97253
4.28235e-07, 1.97262
4.27579e-07, 1.97279
4.26925e-07, 1.97303
4.26273e-07, 1.97334
4.25623e-07, 1.97374
4.24975e-07, 1.97422
4.24328e-07, 1.97479
4.23684e-07, 1.97544
4.23042e-07, 1.97617
4.22402e-07, 1.977
4.21763e-07, 1.97791
4.21127e-07, 1.97892
4.20492e-07, 1.98003
4.1986e-07, 1.98124
4.19229e-07, 1.98256
4.186e-07, 1.98398
4.17973e-07, 1.98551
4.17348e-07, 1.98714
4.16725e-07, 1.98889
4.16103e-07, 1.99075
4.15484e-07, 1.99274
4.14866e-07, 1.99485
4.1425e-07, 1.99709
4.13636e-07, 1.99947
4.13024e-07, 2.00197
4.12414e-07, 2.00461
4.11805e-07, 2.00739
4.11198e-07, 2.01031
4.10593e-07, 2.01338
4.0999e-07, 2.01661
4.09389e-07, 2.02
4.08789e-07, 2.02356
4.08191e-07, 2.02728
4.07595e-07, 2.03118
4.07e-07, 2.03525
4.06408e-07, 2.0395
4.05817e-07, 2.04394
4.05227e-07, 2.04859
4.0464e-07, 2.05344
4.04054e-07, 2.0585
4.0347e-07, 2.06378
4.02887e-07, 2.06929
4.02307e-07, 2.07502
4.01727e-07, 2.08099
4.0115e-07, 2.08721
4.00574e-07, 2.09369
4e-07, 2.10044

