7e-07, 0.821048
6.98249e-07, 0.820401
6.96506e-07, 0.819754
6.94772e-07, 0.819108
6.93046e-07, 0.818462
6.91329e-07, 0.817816
6.89621e-07, 0.81717
6.87921e-07, 0.816524
6.8623e-07, 0.815879
6.84546e-07, 0.815233
6.82871e-07, 0.814587
6.81204e-07, 0.813942
6.79545e-07, 0.813297
6.77895e-07, 0.812652
6.76252e-07, 0.812007
6.74617e-07, 0.811363
6.7299e-07, 0.810719
6.71371e-07, 0.810076
6.6976e-07, 0.809433
6.68156e-07, 0.808791
6.66561e-07, 0.808149
6.64972e-07, 0.807509
6.63391e-07, 0.806868
6.61818e-07, 0.806228
6.60252e-07, 0.805589
6.58694e-07, 0.80495
6.57143e-07, 0.804312
6.55599e-07, 0.803674
6.54063e-07, 0.803036
6.52533e-07, 0.802398
6.51011e-07, 0.801761
6.49496e-07, 0.801124
6.47988e-07, 0.800487
6.46486e-07, 0.799851
6.44992e-07, 0.799215
6.43505e-07, 0.798579
6.42025e-07, 0.797944
6.40551e-07, 0.797309
6.39084e-07, 0.796675
6.37624e-07, 0.796042
6.3617e-07, 0.795409
6.34723e-07, 0.794777
6.33283e-07, 0.794145
6.31849e-07, 0.793514
6.30422e-07, 0.792883
6.29001e-07, 0.792253
6.27586e-07, 0.791624
6.26178e-07, 0.790995
6.24776e-07, 0.790366
6.2338e-07, 0.789738
6.21991e-07, 0.78911
6.20608e-07, 0.788482
6.19231e-07, 0.787855
6.1786e-07, 0.787228
6.16495e-07, 0.786601
6.15136e-07, 0.785975
6.13783e-07, 0.785349
6.12436e-07, 0.784724
6.11095e-07, 0.784099
6.0976e-07, 0.783475
6.0843e-07, 0.782851
6.07107e-07, 0.782228
6.05789e-07, 0.781605
6.04477e-07, 0.780983
6.0317e-07, 0.780362
6.01869e-07, 0.779741
6.00574e-07, 0.779121
5.99284e-07, 0.778501
5.98e-07, 0.777882
5.96721e-07, 0.777264
5.95448e-07, 0.776645
5.9418e-07, 0.776028
5.92918e-07, 0.77541
5.91661e-07, 0.774793
5.90409e-07, 0.774177
5.89163e-07, 0.773561
5.87921e-07, 0.772946
5.86685e-07, 0.772331
5.85455e-07, 0.771716
5.84229e-07, 0.771103
5.83008e-07, 0.77049
5.81793e-07, 0.769877
5.80583e-07, 0.769265
5.79377e-07, 0.768654
5.78177e-07, 0.768044
5.76981e-07, 0.767435
5.75791e-07, 0.766826
5.74605e-07, 0.766218
5.73425e-07, 0.76561
5.72249e-07, 0.765003
5.71078e-07, 0.764397
5.69912e-07, 0.763792
5.6875e-07, 0.763187
5.67593e-07, 0.762583
5.66441e-07, 0.761979
5.65294e-07, 0.761377
5.64151e-07, 0.760774
5.63013e-07, 0.760173
5.61879e-07, 0.759572
5.6075e-07, 0.758971
5.59626e-07, 0.758372
5.58506e-07, 0.757773
5.5739e-07, 0.757175
5.56279e-07, 0.756578
5.55172e-07, 0.755981
5.5407e-07, 0.755386
5.52972e-07, 0.754791
5.51879e-07, 0.754197
5.50789e-07, 0.753604
5.49705e-07, 0.753012
5.48624e-07, 0.75242
5.47547e-07, 0.75183
5.46475e-07, 0.75124
5.45407e-07, 0.75065
5.44343e-07, 0.750062
5.43284e-07, 0.749474
5.42228e-07, 0.748887
5.41176e-07, 0.7483
5.40129e-07, 0.747714
5.39086e-07, 0.747129
5.38046e-07, 0.746545
5.37011e-07, 0.745961
5.3598e-07, 0.745378
5.34952e-07, 0.744796
5.33929e-07, 0.744215
5.32909e-07, 0.743634
5.31893e-07, 0.743054
5.30881e-07, 0.742475
5.29873e-07, 0.741897
5.28869e-07, 0.74132
5.27869e-07, 0.740743
5.26872e-07, 0.740167
5.25879e-07, 0.739592
5.2489e-07, 0.739018
5.23905e-07, 0.738444
5.22923e-07, 0.737871
5.21945e-07, 0.737299
5.20971e-07, 0.736727
5.2e-07, 0.736156
5.19033e-07, 0.735586
5.18069e-07, 0.735016
5.17109e-07, 0.734447
5.16153e-07, 0.733879
5.152e-07, 0.733312
5.14251e-07, 0.732745
5.13305e-07, 0.732179
5.12362e-07, 0.731614
5.11423e-07, 0.731049
5.10488e-07, 0.730486
5.09556e-07, 0.729923
5.08627e-07, 0.729361
5.07702e-07, 0.7288
5.0678e-07, 0.728239
5.05861e-07, 0.72768
5.04946e-07, 0.727121
5.04034e-07, 0.726563
5.03125e-07, 0.726006
5.0222e-07, 0.725449
5.01317e-07, 0.724893
5.00418e-07, 0.724338
4.99523e-07, 0.723784
4.9863e-07, 0.72323
4.97741e-07, 0.722678
4.96855e-07, 0.722126
4.95972e-07, 0.721575
4.95092e-07, 0.721024
4.94215e-07, 0.720475
4.93341e-07, 0.719926
4.92471e-07, 0.719378
4.91603e-07, 0.718832
4.90739e-07, 0.718286
4.89877e-07, 0.717741
4.89019e-07, 0.717197
4.88163e-07, 0.716653
4.87311e-07, 0.716111
4.86461e-07, 0.71557
4.85615e-07, 0.71503
4.84771e-07, 0.71449
4.83931e-07, 0.713951
4.83093e-07, 0.713414
4.82258e-07, 0.712877
4.81426e-07, 0.712341
4.80597e-07, 0.711806
4.79771e-07, 0.711272
4.78947e-07, 0.710738
4.78127e-07, 0.710206
4.77309e-07, 0.709674
4.76494e-07, 0.709144
4.75682e-07, 0.708614
4.74872e-07, 0.708085
4.74066e-07, 0.707557
4.73262e-07, 0.707031
4.7246e-07, 0.706505
4.71662e-07, 0.70598
4.70866e-07, 0.705456
4.70073e-07, 0.704933
4.69283e-07, 0.704411
4.68495e-07, 0.70389
4.67709e-07, 0.70337
4.66927e-07, 0.702851
4.66147e-07, 0.702333
4.6537e-07, 0.701815
4.64595e-07, 0.701299
4.63823e-07, 0.700783
4.63053e-07, 0.700268
4.62286e-07, 0.699755
4.61521e-07, 0.699242
4.60759e-07, 0.698729
4.6e-07, 0.698218
4.59243e-07, 0.697708
4.58488e-07, 0.697198
4.57736e-07, 0.69669
4.56987e-07, 0.696182
4.5624e-07, 0.695675
4.55495e-07, 0.695169
4.54753e-07, 0.694664
4.54013e-07, 0.69416
4.53276e-07, 0.693657
4.52541e-07, 0.693155
4.51808e-07, 0.692654
4.51078e-07, 0.692153
4.5035e-07, 0.691654
4.49624e-07, 0.691155
4.48901e-07, 0.690657
4.4818e-07, 0.69016
4.47461e-07, 0.689664
4.46745e-07, 0.689168
4.46031e-07, 0.688674
4.45319e-07, 0.68818
4.4461e-07, 0.687687
4.43902e-07, 0.687195
4.43197e-07, 0.686703
4.42495e-07, 0.686213
4.41794e-07, 0.685723
4.41096e-07, 0.685235
4.404e-07, 0.684747
4.39706e-07, 0.68426
4.39014e-07, 0.683774
4.38325e-07, 0.683289
4.37637e-07, 0.682805
4.36952e-07, 0.682322
4.36269e-07, 0.68184
4.35588e-07, 0.681358
4.34909e-07, 0.680878
4.34232e-07, 0.680398
4.33558e-07, 0.67992
4.32885e-07, 0.679442
4.32215e-07, 0.678965
4.31546e-07, 0.678489
4.3088e-07, 0.678014
4.30216e-07, 0.677539
4.29554e-07, 0.677066
4.28893e-07, 0.676593
4.28235e-07, 0.676122
4.27579e-07, 0.675651
4.26925e-07, 0.675181
4.26273e-07, 0.674713
4.25623e-07, 0.674245
4.24975e-07, 0.673778
4.24328e-07, 0.673312
4.23684e-07, 0.672848
4.23042e-07, 0.672384
4.22402e-07, 0.671921
4.21763e-07, 0.671459
4.21127e-07, 0.670999
4.20492e-07, 0.670539
4.1986e-07, 0.67008
4.19229e-07, 0.669622
4.186e-07, 0.669165
4.17973e-07, 0.668709
4.17348e-07, 0.668254
4.16725e-07, 0.6678
4.16103e-07, 0.667347
4.15484e-07, 0.666895
4.14866e-07, 0.666444
4.1425e-07, 0.665993
4.13636e-07, 0.665544
4.13024e-07, 0.665096
4.12414e-07, 0.664648
4.11805e-07, 0.664202
4.11198e-07, 0.663756
4.10593e-07, 0.663312
4.0999e-07, 0.662869
4.09389e-07, 0.662426
4.08789e-07, 0.661985
4.08191e-07, 0.661544
4.07595e-07, 0.661105
4.07e-07, 0.660667
4.06408e-07, 0.660229
4.05817e-07, 0.659793
4.05227e-07, 0.659357
4.0464e-07, 0.658922
4.04054e-07, 0.658489
4.0347e-07, 0.658056
4.02887e-07, 0.657624
4.02307e-07, 0.657193
4.01727e-07, 0.656762
4.0115e-07, 0.656333
4.00574e-07, 0.655905
4e-07, 0.655477