7e-07, 0.57448
6.98249e-07, 0.573663
6.96506e-07, 0.572866
6.94772e-07, 0.572094
6.93046e-07, 0.57135
6.91329e-07, 0.570635
6.89621e-07, 0.569951
6.87921e-07, 0.569293
6.8623e-07, 0.568657
6.84546e-07, 0.56804
6.82871e-07, 0.567434
6.81204e-07, 0.566833
6.79545e-07, 0.566231
6.77895e-07, 0.565623
6.76252e-07, 0.565006
6.74617e-07, 0.564376
6.7299e-07, 0.563733
6.71371e-07, 0.563078
6.6976e-07, 0.562413
6.68156e-07, 0.561742
6.66561e-07, 0.561069
6.64972e-07, 0.5604
6.63391e-07, 0.55974
6.61818e-07, 0.559094
6.60252e-07, 0.558465
6.58694e-07, 0.557857
6.57143e-07, 0.55727
6.55599e-07, 0.556707
6.54063e-07, 0.556164
6.52533e-07, 0.555641
6.51011e-07, 0.555133
6.49496e-07, 0.554636
6.47988e-07, 0.554147
6.46486e-07, 0.553661
6.44992e-07, 0.553174
6.43505e-07, 0.552683
6.42025e-07, 0.552185
6.40551e-07, 0.55168
6.39084e-07, 0.551167
6.37624e-07, 0.550648
6.3617e-07, 0.550125
6.34723e-07, 0.5496
6.33283e-07, 0.549078
6.31849e-07, 0.548561
6.30422e-07, 0.548054
6.29001e-07, 0.547559
6.27586e-07, 0.547078
6.26178e-07, 0.546615
6.24776e-07, 0.546168
6.2338e-07, 0.545738
6.21991e-07, 0.545324
6.20608e-07, 0.544923
6.19231e-07, 0.544533
6.1786e-07, 0.544152
6.16495e-07, 0.543775
6.15136e-07, 0.5434
6.13783e-07, 0.543024
6.12436e-07, 0.542645
6.11095e-07, 0.542263
6.0976e-07, 0.541876
6.0843e-07, 0.541485
6.07107e-07, 0.54109
6.05789e-07, 0.540695
6.04477e-07, 0.540301
6.0317e-07, 0.539911
6.01869e-07, 0.539528
6.00574e-07, 0.539153
5.99284e-07, 0.538789
5.98e-07, 0.538437
5.96721e-07, 0.5381
5.95448e-07, 0.537776
5.9418e-07, 0.537465
5.92918e-07, 0.537166
5.91661e-07, 0.536878
5.90409e-07, 0.536599
5.89163e-07, 0.536325
5.87921e-07, 0.536056
5.86685e-07, 0.535789
5.85455e-07, 0.535521
5.84229e-07, 0.535253
5.83008e-07, 0.534983
5.81793e-07, 0.534711
5.80583e-07, 0.534437
5.79377e-07, 0.534163
5.78177e-07, 0.533891
5.76981e-07, 0.533621
5.75791e-07, 0.533356
5.74605e-07, 0.533098
5.73425e-07, 0.532849
5.72249e-07, 0.53261
5.71078e-07, 0.532382
5.69912e-07, 0.532166
5.6875e-07, 0.531963
5.67593e-07, 0.53177
5.66441e-07, 0.531589
5.65294e-07, 0.531416
5.64151e-07, 0.531251
5.63013e-07, 0.531092
5.61879e-07, 0.530937
5.6075e-07, 0.530785
5.59626e-07, 0.530634
5.58506e-07, 0.530484
5.5739e-07, 0.530334
5.56279e-07, 0.530184
5.55172e-07, 0.530034
5.5407e-07, 0.529887
5.52972e-07, 0.529742
5.51879e-07, 0.529602
5.50789e-07, 0.529467
5.49705e-07, 0.52934
5.48624e-07, 0.529222
5.47547e-07, 0.529113
5.46475e-07, 0.529015
5.45407e-07, 0.528929
5.44343e-07, 0.528853
5.43284e-07, 0.528788
5.42228e-07, 0.528732
5.41176e-07, 0.528686
5.40129e-07, 0.528646
5.39086e-07, 0.528613
5.38046e-07, 0.528584
5.37011e-07, 0.528559
5.3598e-07, 0.528537
5.34952e-07, 0.528516
5.33929e-07, 0.528497
5.32909e-07, 0.52848
5.31893e-07, 0.528466
5.30881e-07, 0.528454
5.29873e-07, 0.528446
5.28869e-07, 0.528443
5.27869e-07, 0.528447
5.26872e-07, 0.528459
5.25879e-07, 0.528479
5.2489e-07, 0.528509
5.23905e-07, 0.528549
5.22923e-07, 0.528599
5.21945e-07, 0.52866
5.20971e-07, 0.528731
5.2e-07, 0.528812
5.19033e-07, 0.528901
5.18069e-07, 0.528997
5.17109e-07, 0.5291
5.16153e-07, 0.529208
5.152e-07, 0.529321
5.14251e-07, 0.529437
5.13305e-07, 0.529556
5.12362e-07, 0.529678
5.11423e-07, 0.529802
5.10488e-07, 0.529931
5.09556e-07, 0.530063
5.08627e-07, 0.5302
5.07702e-07, 0.530342
5.0678e-07, 0.530492
5.05861e-07, 0.530649
5.04946e-07, 0.530815
5.04034e-07, 0.530991
5.03125e-07, 0.531177
5.0222e-07, 0.531372
5.01317e-07, 0.531579
5.00418e-07, 0.531795
4.99523e-07, 0.53202
4.9863e-07, 0.532255
4.97741e-07, 0.532497
4.96855e-07, 0.532746
4.95972e-07, 0.533001
4.95092e-07, 0.533261
4.94215e-07, 0.533525
4.93341e-07, 0.533794
4.92471e-07, 0.534067
4.91603e-07, 0.534343
4.90739e-07, 0.534624
4.89877e-07, 0.53491
4.89019e-07, 0.535201
4.88163e-07, 0.535498
4.87311e-07, 0.535803
4.86461e-07, 0.536116
4.85615e-07, 0.536438
4.84771e-07, 0.536769
4.83931e-07, 0.537111
4.83093e-07, 0.537463
4.82258e-07, 0.537826
4.81426e-07, 0.538198
4.80597e-07, 0.538581
4.79771e-07, 0.538973
4.78947e-07, 0.539373
4.78127e-07, 0.539781
4.77309e-07, 0.540196
4.76494e-07, 0.540618
4.75682e-07, 0.541044
4.74872e-07, 0.541477
4.74066e-07, 0.541914
4.73262e-07, 0.542356
4.7246e-07, 0.542803
4.71662e-07, 0.543256
4.70866e-07, 0.543716
4.70073e-07, 0.544182
4.69283e-07, 0.544657
4.68495e-07, 0.54514
4.67709e-07, 0.545633
4.66927e-07, 0.546136
4.66147e-07, 0.54665
4.6537e-07, 0.547175
4.64595e-07, 0.547712
4.63823e-07, 0.548259
4.63053e-07, 0.548817
4.62286e-07, 0.549386
4.61521e-07, 0.549965
4.60759e-07, 0.550553
4.6e-07, 0.551149
4.59243e-07, 0.551753
4.58488e-07, 0.552365
4.57736e-07, 0.552983
4.56987e-07, 0.553608
4.5624e-07, 0.55424
4.55495e-07, 0.554879
4.54753e-07, 0.555525
4.54013e-07, 0.556179
4.53276e-07, 0.556842
4.52541e-07, 0.557515
4.51808e-07, 0.558198
4.51078e-07, 0.558892
4.5035e-07, 0.559599
4.49624e-07, 0.560318
4.48901e-07, 0.56105
4.4818e-07, 0.561796
4.47461e-07, 0.562555
4.46745e-07, 0.563328
4.46031e-07, 0.564114
4.45319e-07, 0.564913
4.4461e-07, 0.565724
4.43902e-07, 0.566547
4.43197e-07, 0.567381
4.42495e-07, 0.568226
4.41794e-07, 0.569082
4.41096e-07, 0.569947
4.404e-07, 0.570824
4.39706e-07, 0.57171
4.39014e-07, 0.572608
4.38325e-07, 0.573518
4.37637e-07, 0.57444
4.36952e-07, 0.575376
4.36269e-07, 0.576327
4.35588e-07, 0.577293
4.34909e-07, 0.578276
4.34232e-07, 0.579276
4.33558e-07, 0.580294
4.32885e-07, 0.581331
4.32215e-07, 0.582388
4.31546e-07, 0.583463
4.3088e-07, 0.584558
4.30216e-07, 0.585673
4.29554e-07, 0.586806
4.28893e-07, 0.587958
4.28235e-07, 0.589129
4.27579e-07, 0.590317
4.26925e-07, 0.591524
4.26273e-07, 0.592749
4.25623e-07, 0.593992
4.24975e-07, 0.595254
4.24328e-07, 0.596536
4.23684e-07, 0.597838
4.23042e-07, 0.599161
4.22402e-07, 0.600508
4.21763e-07, 0.601878
4.21127e-07, 0.603274
4.20492e-07, 0.604696
4.1986e-07, 0.606147
4.19229e-07, 0.607628
4.186e-07, 0.60914
4.17973e-07, 0.610683
4.17348e-07, 0.612258
4.16725e-07, 0.613867
4.16103e-07, 0.615509
4.15484e-07, 0.617185
4.14866e-07, 0.618895
4.1425e-07, 0.62064
4.13636e-07, 0.622419
4.13024e-07, 0.624233
4.12414e-07, 0.626083
4.11805e-07, 0.627969
4.11198e-07, 0.629893
4.10593e-07, 0.631855
4.0999e-07, 0.633857
4.09389e-07, 0.635902
4.08789e-07, 0.63799
4.08191e-07, 0.640125
4.07595e-07, 0.642308
4.07e-07, 0.644543
4.06408e-07, 0.646831
4.05817e-07, 0.649175
4.05227e-07, 0.651577
4.0464e-07, 0.654039
4.04054e-07, 0.656564
4.0347e-07, 0.659152
4.02887e-07, 0.661806
4.02307e-07, 0.664527
4.01727e-07, 0.667317
4.0115e-07, 0.670175
4.00574e-07, 0.673104
4e-07, 0.676105