2.052013141576506208e-04
8.304591189023301191e-04
1.873619597470742131e-03
3.330679778016727450e-03
5.195773498203181719e-03
7.461151078052061410e-03
1.011718973541162088e-02
1.315243941998761601e-02
1.655370772860410497e-02
2.030618319670092833e-02
2.439359095763981786e-02
2.879837070255632583e-02
3.350186529719395567e-02
3.848450945154851394e-02
4.372601075176980878e-02
4.920551899641244231e-02
5.490178301620569218e-02
6.079329625771099505e-02
6.685843313805008015e-02
7.307557774865605649e-02
7.942324540229918350e-02
8.588019635285386311e-02
9.242554023206979441e-02
9.903882957857378100e-02
1.057001412719792144e-01
1.123901455229165819e-01
1.190901630049763099e-01
1.257822114521677803e-01
1.324490433854314253e-01
1.390741765157319509e-01
1.456419178799646941e-01
1.521373820826688594e-01
1.585465033631553999e-01
1.648560407813445261e-01
1.710535757368751020e-01
1.771275013228828799e-01
1.830670035875173463e-01
1.888620354809950608e-01
1.945032849242529227e-01
1.999821388871881045e-01
2.052906455075346193e-01
2.104214760917965943e-01
2.153678883735468119e-01
2.201236917790528880e-01
2.246832148124563167e-01
2.290412741629550830e-01
2.331931448546655516e-01
2.371345307456669826e-01
2.408615349084083090e-01
2.443706298049415637e-01
2.476586275894703815e-01
2.507226512063178148e-01
2.535601071086603930e-01
2.561686603567283615e-01
2.585462125773806408e-01
2.606908828495872466e-01
2.626009911303058275e-01
2.642750434724695507e-01
2.657117181142908957e-01
2.669098515969859919e-01
2.678684243978739499e-01
2.685865460883892220e-01
2.690634406327058747e-01
2.692984329974367208e-01
2.692909386141856265e-01
2.690404573263038834e-01
2.685465732163754282e-01
2.678089611767128231e-01
2.668274003401183148e-01
2.656017936670131974e-01
2.641321922412064316e-01
2.624188223001077125e-01
2.604621128137374342e-01
2.582627215668414911e-01
2.558215581586397724e-01
2.531398030245882724e-01
2.502189223774351490e-01
2.470606797209769501e-01
2.436671451908758723e-01
2.400407043397818629e-01
2.361840680786532198e-01
2.321002853324323767e-01
2.277927596262711019e-01
2.232652703820491302e-01
2.185219992858421223e-01
2.135675618121152253e-01
2.084070440026344340e-01
2.030460450346610601e-01
1.974907270976854201e-01
1.917478756710578325e-01
1.858249753394293491e-01
1.797303084217277414e-01
1.734730851921472139e-01
1.670636142254436629e-01
1.605135180136257611e-01
1.538359910636415417e-01
1.470460842414381963e-01
1.401609802843457597e-01
1.332002029507139418e-01
1.261856801000245110e-01
