lambda, Y
7e-07, 3.84673e-09
6.98249e-07, 3.87575e-09
6.96506e-07, 3.90492e-09
6.94772e-07, 3.93423e-09
6.93046e-07, 3.96369e-09
6.91329e-07, 3.99329e-09
6.89621e-07, 4.02304e-09
6.87921e-07, 4.05294e-09
6.8623e-07, 4.08299e-09
6.84546e-07, 4.11318e-09
6.82871e-07, 4.14352e-09
6.81204e-07, 4.17402e-09
6.79545e-07, 4.20466e-09
6.77895e-07, 4.23545e-09
6.76252e-07, 4.26639e-09
6.74617e-07, 4.29748e-09
6.7299e-07, 4.32872e-09
6.71371e-07, 4.36011e-09
6.6976e-07, 4.39166e-09
6.68156e-07, 4.42335e-09
6.66561e-07, 4.4552e-09
6.64972e-07, 4.4872e-09
6.63391e-07, 4.51935e-09
6.61818e-07, 4.55166e-09
6.60252e-07, 4.58412e-09
6.58694e-07, 4.61674e-09
6.57143e-07, 4.6495e-09
6.55599e-07, 4.68243e-09
6.54063e-07, 4.71551e-09
6.52533e-07, 4.74874e-09
6.51011e-07, 4.78213e-09
6.49496e-07, 4.81567e-09
6.47988e-07, 4.84938e-09
6.46486e-07, 4.88324e-09
6.44992e-07, 4.91725e-09
6.43505e-07, 4.95143e-09
6.42025e-07, 4.98576e-09
6.40551e-07, 5.02025e-09
6.39084e-07, 5.0549e-09
6.37624e-07, 5.0897e-09
6.3617e-07, 5.12467e-09
6.34723e-07, 5.1598e-09
6.33283e-07, 5.19509e-09
6.31849e-07, 5.23053e-09
6.30422e-07, 5.26614e-09
6.29001e-07, 5.30191e-09
6.27586e-07, 5.33784e-09
6.26178e-07, 5.37394e-09
6.24776e-07, 5.41019e-09
6.2338e-07, 5.44661e-09
6.21991e-07, 5.48319e-09
6.20608e-07, 5.51994e-09
6.19231e-07, 5.55685e-09
6.1786e-07, 5.59392e-09
6.16495e-07, 5.63116e-09
6.15136e-07, 5.66856e-09
6.13783e-07, 5.70613e-09
6.12436e-07, 5.74386e-09
6.11095e-07, 5.78176e-09
6.0976e-07, 5.81983e-09
6.0843e-07, 5.85806e-09
6.07107e-07, 5.89646e-09
6.05789e-07, 5.93502e-09
6.04477e-07, 5.97376e-09
6.0317e-07, 6.01266e-09
6.01869e-07, 6.05173e-09
6.00574e-07, 6.09097e-09
5.99284e-07, 6.13038e-09
5.98e-07, 6.16996e-09
5.96721e-07, 6.20971e-09
5.95448e-07, 6.24963e-09
5.9418e-07, 6.28972e-09
5.92918e-07, 6.32998e-09
5.91661e-07, 6.37041e-09
5.90409e-07, 6.41102e-09
5.89163e-07, 6.4518e-09
5.87921e-07, 6.49274e-09
5.86685e-07, 6.53387e-09
5.85455e-07, 6.57516e-09
5.84229e-07, 6.61663e-09
5.83008e-07, 6.65827e-09
5.81793e-07, 6.70009e-09
5.80583e-07, 6.74208e-09
5.79377e-07, 6.78425e-09
5.78177e-07, 6.82659e-09
5.76981e-07, 6.86911e-09
5.75791e-07, 6.91181e-09
5.74605e-07, 6.95468e-09
5.73425e-07, 6.99773e-09
5.72249e-07, 7.04095e-09
5.71078e-07, 7.08435e-09
5.69912e-07, 7.12794e-09
5.6875e-07, 7.17169e-09
5.67593e-07, 7.21563e-09
5.66441e-07, 7.25975e-09
5.65294e-07, 7.30405e-09
5.64151e-07, 7.34852e-09
5.63013e-07, 7.39318e-09
5.61879e-07, 7.43802e-09
5.6075e-07, 7.48304e-09
5.59626e-07, 7.52823e-09
5.58506e-07, 7.57362e-09
5.5739e-07, 7.61918e-09
5.56279e-07, 7.66492e-09
5.55172e-07, 7.71085e-09
5.5407e-07, 7.75696e-09
5.52972e-07, 7.80326e-09
5.51879e-07, 7.84974e-09
5.50789e-07, 7.8964e-09
5.49705e-07, 7.94325e-09
5.48624e-07, 7.99028e-09
5.47547e-07, 8.0375e-09
5.46475e-07, 8.0849e-09
5.45407e-07, 8.13249e-09
5.44343e-07, 8.18027e-09
5.43284e-07, 8.22823e-09
5.42228e-07, 8.27638e-09
5.41176e-07, 8.32471e-09
5.40129e-07, 8.37324e-09
5.39086e-07, 8.42195e-09
5.38046e-07, 8.47085e-09
5.37011e-07, 8.51994e-09
5.3598e-07, 8.56922e-09
5.34952e-07, 8.61869e-09
5.33929e-07, 8.66835e-09
5.32909e-07, 8.7182e-09
5.31893e-07, 8.76824e-09
5.30881e-07, 8.81847e-09
5.29873e-07, 8.8689e-09
5.28869e-07, 8.91951e-09
5.27869e-07, 8.97032e-09
5.26872e-07, 9.02132e-09
5.25879e-07, 9.07251e-09
5.2489e-07, 9.1239e-09
5.23905e-07, 9.17548e-09
5.22923e-07, 9.22725e-09
5.21945e-07, 9.27922e-09
5.20971e-07, 9.33138e-09
5.2e-07, 9.38374e-09
5.19033e-07, 9.43629e-09
5.18069e-07, 9.48904e-09
5.17109e-07, 9.54199e-09
5.16153e-07, 9.59513e-09
5.152e-07, 9.64847e-09
5.14251e-07, 9.70201e-09
5.13305e-07, 9.75574e-09
5.12362e-07, 9.80967e-09
5.11423e-07, 9.8638e-09
5.10488e-07, 9.91813e-09
5.09556e-07, 9.97266e-09
5.08627e-07, 1.00274e-08
5.07702e-07, 1.00823e-08
5.0678e-07, 1.01374e-08
5.05861e-07, 1.01928e-08
5.04946e-07, 1.02483e-08
5.04034e-07, 1.0304e-08
5.03125e-07, 1.036e-08
5.0222e-07, 1.04161e-08
5.01317e-07, 1.04724e-08
5.00418e-07, 1.0529e-08
4.99523e-07, 1.05857e-08
4.9863e-07, 1.06427e-08
4.97741e-07, 1.06998e-08
4.96855e-07, 1.07572e-08
4.95972e-07, 1.08147e-08
4.95092e-07, 1.08725e-08
4.94215e-07, 1.09305e-08
4.93341e-07, 1.09886e-08
4.92471e-07, 1.1047e-08
4.91603e-07, 1.11056e-08
4.90739e-07, 1.11644e-08
4.89877e-07, 1.12234e-08
4.89019e-07, 1.12826e-08
4.88163e-07, 1.1342e-08
4.87311e-07, 1.14017e-08
4.86461e-07, 1.14615e-08
4.85615e-07, 1.15215e-08
4.84771e-07, 1.15818e-08
4.83931e-07, 1.16422e-08
4.83093e-07, 1.17029e-08
4.82258e-07, 1.17638e-08
4.81426e-07, 1.18249e-08
4.80597e-07, 1.18862e-08
4.79771e-07, 1.19477e-08
4.78947e-07, 1.20094e-08
4.78127e-07, 1.20714e-08
4.77309e-07, 1.21335e-08
4.76494e-07, 1.21959e-08
4.75682e-07, 1.22585e-08
4.74872e-07, 1.23213e-08
4.74066e-07, 1.23843e-08
4.73262e-07, 1.24475e-08
4.7246e-07, 1.25109e-08
4.71662e-07, 1.25746e-08
4.70866e-07, 1.26384e-08
4.70073e-07, 1.27025e-08
4.69283e-07, 1.27668e-08
4.68495e-07, 1.28313e-08
4.67709e-07, 1.28961e-08
4.66927e-07, 1.2961e-08
4.66147e-07, 1.30262e-08
4.6537e-07, 1.30916e-08
4.64595e-07, 1.31572e-08
4.63823e-07, 1.3223e-08
4.63053e-07, 1.3289e-08
4.62286e-07, 1.33553e-08
4.61521e-07, 1.34218e-08
4.60759e-07, 1.34885e-08
4.6e-07, 1.35554e-08
4.59243e-07, 1.36225e-08
4.58488e-07, 1.36899e-08
4.57736e-07, 1.37575e-08
4.56987e-07, 1.38253e-08
4.5624e-07, 1.38933e-08
4.55495e-07, 1.39616e-08
4.54753e-07, 1.40301e-08
4.54013e-07, 1.40988e-08
4.53276e-07, 1.41677e-08
4.52541e-07, 1.42368e-08
4.51808e-07, 1.43062e-08
4.51078e-07, 1.43758e-08
4.5035e-07, 1.44456e-08
4.49624e-07, 1.45157e-08
4.48901e-07, 1.4586e-08
4.4818e-07, 1.46565e-08
4.47461e-07, 1.47272e-08
4.46745e-07, 1.47981e-08
4.46031e-07, 1.48693e-08
4.45319e-07, 1.49407e-08
4.4461e-07, 1.50124e-08
4.43902e-07, 1.50842e-08
4.43197e-07, 1.51563e-08
4.42495e-07, 1.52287e-08
4.41794e-07, 1.53012e-08
4.41096e-07, 1.5374e-08
4.404e-07, 1.5447e-08
4.39706e-07, 1.55203e-08
4.39014e-07, 1.55937e-08
4.38325e-07, 1.56675e-08
4.37637e-07, 1.57414e-08
4.36952e-07, 1.58156e-08
4.36269e-07, 1.589e-08
4.35588e-07, 1.59646e-08
4.34909e-07, 1.60395e-08
4.34232e-07, 1.61146e-08
4.33558e-07, 1.61899e-08
4.32885e-07, 1.62655e-08
4.32215e-07, 1.63413e-08
4.31546e-07, 1.64174e-08
4.3088e-07, 1.64936e-08
4.30216e-07, 1.65702e-08
4.29554e-07, 1.66469e-08
4.28893e-07, 1.67239e-08
4.28235e-07, 1.68011e-08
4.27579e-07, 1.68786e-08
4.26925e-07, 1.69563e-08
4.26273e-07, 1.70342e-08
4.25623e-07, 1.71124e-08
4.24975e-07, 1.71908e-08
4.24328e-07, 1.72695e-08
4.23684e-07, 1.73484e-08
4.23042e-07, 1.74275e-08
4.22402e-07, 1.75069e-08
4.21763e-07, 1.75865e-08
4.21127e-07, 1.76664e-08
4.20492e-07, 1.77465e-08
4.1986e-07, 1.78268e-08
4.19229e-07, 1.79074e-08
4.186e-07, 1.79882e-08
4.17973e-07, 1.80693e-08
4.17348e-07, 1.81506e-08
4.16725e-07, 1.82322e-08
4.16103e-07, 1.8314e-08
4.15484e-07, 1.8396e-08
4.14866e-07, 1.84783e-08
4.1425e-07, 1.85608e-08
4.13636e-07, 1.86436e-08
4.13024e-07, 1.87266e-08
4.12414e-07, 1.88099e-08
4.11805e-07, 1.88934e-08
4.11198e-07, 1.89772e-08
4.10593e-07, 1.90612e-08
4.0999e-07, 1.91455e-08
4.09389e-07, 1.923e-08
4.08789e-07, 1.93147e-08
4.08191e-07, 1.93997e-08
4.07595e-07, 1.9485e-08
4.07e-07, 1.95705e-08
4.06408e-07, 1.96562e-08
4.05817e-07, 1.97422e-08
4.05227e-07, 1.98285e-08
4.0464e-07, 1.9915e-08
4.04054e-07, 2.00017e-08
4.0347e-07, 2.00887e-08
4.02887e-07, 2.0176e-08
4.02307e-07, 2.02635e-08
4.01727e-07, 2.03513e-08
4.0115e-07, 2.04393e-08
4.00574e-07, 2.05276e-08
4e-07, 2.06161e-08