1.000000000000000000e+00
1.000000000000000000e+00
9.523714446367271824e-01
7.785450617140927676e-01
6.091659828980847680e-01
4.970838520727585697e-01
1.000000000000000000e+00
1.000000000000000000e+00
8.510615113099274653e-01
6.206650873380235023e-01
4.176262866533271834e-01
3.489326446314760521e-01
1.000000000000000000e+00
1.000000000000000000e+00
6.685269279321269797e-01
4.011810780542565680e-01
2.132724616293706910e-01
2.042652761201658451e-01
1.000000000000000000e+00
1.000000000000000000e+00
4.460493711168078135e-01
1.979489916413248729e-01
4.768029006430924560e-02
9.874306292645873562e-02
1.000000000000000000e+00
8.191880254279622076e-01
2.693467547283053820e-01
5.894676975365278210e-02
0.000000000000000000e+00
5.735146385139754804e-02
1.000000000000000000e+00
6.808323351760853237e-01
1.882578132832715412e-01
1.340508347555112965e-02
0.000000000000000000e+00
8.996599795651813447e-02
1.000000000000000000e+00
7.165147808961661591e-01
2.276632760591472959e-01
6.680278214164335482e-02
5.383196717589028291e-02
1.870053056574583483e-01
1.000000000000000000e+00
9.456697405710399185e-01
3.674065547646242491e-01
1.825747222760061017e-01
1.874844708734001442e-01
3.103987929885045349e-01
1.000000000000000000e+00
1.000000000000000000e+00
5.044129750502017728e-01
2.657186182544014064e-01
2.699930026443930209e-01
3.864438586227272321e-01
1.000000000000000000e+00
1.000000000000000000e+00
4.948676655462260765e-01
1.942871959623218014e-01
1.918931315070991628e-01
3.350831891592063738e-01
1.000000000000000000e+00
1.000000000000000000e+00
2.504548577373000851e-01
0.000000000000000000e+00
0.000000000000000000e+00
1.279763604769964536e-01
1.000000000000000000e+00
1.000000000000000000e+00
0.000000000000000000e+00
0.000000000000000000e+00
0.000000000000000000e+00
0.000000000000000000e+00
1.000000000000000000e+00
6.315077288114724352e-01
0.000000000000000000e+00
0.000000000000000000e+00
0.000000000000000000e+00
0.000000000000000000e+00
1.000000000000000000e+00
4.433726880714899954e-01
0.000000000000000000e+00
0.000000000000000000e+00
0.000000000000000000e+00
0.000000000000000000e+00
1.000000000000000000e+00
6.140548137483773372e-01
0.000000000000000000e+00
0.000000000000000000e+00
0.000000000000000000e+00
0.000000000000000000e+00
1.000000000000000000e+00
1.000000000000000000e+00
0.000000000000000000e+00
0.000000000000000000e+00
0.000000000000000000e+00
0.000000000000000000e+00
1.000000000000000000e+00
1.000000000000000000e+00
0.000000000000000000e+00
0.000000000000000000e+00
0.000000000000000000e+00
0.000000000000000000e+00
1.000000000000000000e+00
1.000000000000000000e+00
0.000000000000000000e+00
0.000000000000000000e+00
0.000000000000000000e+00
0.000000000000000000e+00
1.000000000000000000e+00
1.000000000000000000e+00
0.000000000000000000e+00
0.000000000000000000e+00
0.000000000000000000e+00
0.000000000000000000e+00
1.000000000000000000e+00
8.586527204172209604e-01
0.000000000000000000e+00
0.000000000000000000e+00
0.000000000000000000e+00
0.000000000000000000e+00
1.000000000000000000e+00
7.167022496917146990e-02
0.000000000000000000e+00
0.000000000000000000e+00
0.000000000000000000e+00
0.000000000000000000e+00
1.000000000000000000e+00
0.000000000000000000e+00
0.000000000000000000e+00
0.000000000000000000e+00
0.000000000000000000e+00
0.000000000000000000e+00
1.000000000000000000e+00
0.000000000000000000e+00
0.000000000000000000e+00
0.000000000000000000e+00
0.000000000000000000e+00
0.000000000000000000e+00
1.000000000000000000e+00
0.000000000000000000e+00
0.000000000000000000e+00
0.000000000000000000e+00
0.000000000000000000e+00
0.000000000000000000e+00
1.000000000000000000e+00
0.000000000000000000e+00
0.000000000000000000e+00
0.000000000000000000e+00
0.000000000000000000e+00
0.000000000000000000e+00
6.698287963747707741e-01
0.000000000000000000e+00
0.000000000000000000e+00
0.000000000000000000e+00
0.000000000000000000e+00
0.000000000000000000e+00
2.686487698066263863e-01
0.000000000000000000e+00
0.000000000000000000e+00
0.000000000000000000e+00
0.000000000000000000e+00
0.000000000000000000e+00
8.329947925328111402e-02
0.000000000000000000e+00
0.000000000000000000e+00
0.000000000000000000e+00
0.000000000000000000e+00
0.000000000000000000e+00
1.606211587382203737e-02
0.000000000000000000e+00
0.000000000000000000e+00
0.000000000000000000e+00
0.000000000000000000e+00
0.000000000000000000e+00
1.606333149977652933e-02
0.000000000000000000e+00
0.000000000000000000e+00
0.000000000000000000e+00
0.000000000000000000e+00
0.000000000000000000e+00
8.330316567252836479e-02
0.000000000000000000e+00
0.000000000000000000e+00
0.000000000000000000e+00
0.000000000000000000e+00
0.000000000000000000e+00
2.686548702294406787e-01
0.000000000000000000e+00
0.000000000000000000e+00
0.000000000000000000e+00
0.000000000000000000e+00
0.000000000000000000e+00
6.698366058392365430e-01
0.000000000000000000e+00
0.000000000000000000e+00
0.000000000000000000e+00
0.000000000000000000e+00
0.000000000000000000e+00
1.000000000000000000e+00
0.000000000000000000e+00
0.000000000000000000e+00
0.000000000000000000e+00
0.000000000000000000e+00
0.000000000000000000e+00
1.000000000000000000e+00
0.000000000000000000e+00
0.000000000000000000e+00
0.000000000000000000e+00
0.000000000000000000e+00
0.000000000000000000e+00
1.000000000000000000e+00
0.000000000000000000e+00
0.000000000000000000e+00
0.000000000000000000e+00
0.000000000000000000e+00
0.000000000000000000e+00
1.000000000000000000e+00
0.000000000000000000e+00
0.000000000000000000e+00
0.000000000000000000e+00
0.000000000000000000e+00
0.000000000000000000e+00
1.000000000000000000e+00
7.167447621388585433e-02
0.000000000000000000e+00
0.000000000000000000e+00
0.000000000000000000e+00
0.000000000000000000e+00
1.000000000000000000e+00
8.586525187477518362e-01
0.000000000000000000e+00
0.000000000000000000e+00
0.000000000000000000e+00
0.000000000000000000e+00
1.000000000000000000e+00
1.000000000000000000e+00
0.000000000000000000e+00
0.000000000000000000e+00
0.000000000000000000e+00
0.000000000000000000e+00
1.000000000000000000e+00
1.000000000000000000e+00
0.000000000000000000e+00
0.000000000000000000e+00
0.000000000000000000e+00
0.000000000000000000e+00
1.000000000000000000e+00
1.000000000000000000e+00
0.000000000000000000e+00
0.000000000000000000e+00
0.000000000000000000e+00
0.000000000000000000e+00
1.000000000000000000e+00
1.000000000000000000e+00
0.000000000000000000e+00
0.000000000000000000e+00
0.000000000000000000e+00
0.000000000000000000e+00
1.000000000000000000e+00
6.140533229430540363e-01
0.000000000000000000e+00
0.000000000000000000e+00
0.000000000000000000e+00
0.000000000000000000e+00
1.000000000000000000e+00
4.433729065515422119e-01
0.000000000000000000e+00
0.000000000000000000e+00
0.000000000000000000e+00
0.000000000000000000e+00
1.000000000000000000e+00
6.315078946782974878e-01
0.000000000000000000e+00
0.000000000000000000e+00
0.000000000000000000e+00
0.000000000000000000e+00
1.000000000000000000e+00
1.000000000000000000e+00
0.000000000000000000e+00
0.000000000000000000e+00
0.000000000000000000e+00
0.000000000000000000e+00
1.000000000000000000e+00
1.000000000000000000e+00
2.504523019600349842e-01
0.000000000000000000e+00
0.000000000000000000e+00
1.279762460844146854e-01
1.000000000000000000e+00
1.000000000000000000e+00
4.948657768743189300e-01
1.942861786729115636e-01
1.918935169655092143e-01
3.350843929218323969e-01
1.000000000000000000e+00
1.000000000000000000e+00
5.044122329392662918e-01
2.657189033822736635e-01
2.699949314650567644e-01
3.864463924015004714e-01
1.000000000000000000e+00
9.456701710112226378e-01
3.674066253825059025e-01
1.825758452155425704e-01
1.874872114271407264e-01
3.104019511719942059e-01
1.000000000000000000e+00
7.165145916437671847e-01
2.276631051364842728e-01
6.680364768904649420e-02
5.383426538029585651e-02
1.870079840539126126e-01
1.000000000000000000e+00
6.808297448208284752e-01
1.882561638996644027e-01
1.340449593914331237e-02
0.000000000000000000e+00
8.996726135106115907e-02
1.000000000000000000e+00
8.191822976040435966e-01
2.693425486443778993e-01
5.894369608305771724e-02
0.000000000000000000e+00
5.735063443336876204e-02
1.000000000000000000e+00
1.000000000000000000e+00
4.460418261348635394e-01
1.979427889605589186e-01
4.767526889300456594e-02
9.873974474076005481e-02
1.000000000000000000e+00
1.000000000000000000e+00
6.685169827787040830e-01
4.011715198927408577e-01
2.132641553259163603e-01
2.042594387931290223e-01
1.000000000000000000e+00
1.000000000000000000e+00
8.510512733297128651e-01
6.206537035101538091e-01
4.176153237619690262e-01
3.489248671169580263e-01
1.000000000000000000e+00
1.000000000000000000e+00
9.523622604621087007e-01
7.785345977632581738e-01
6.091547045985646891e-01
4.970752668724064405e-01
