7e-07, 0.279623
6.98249e-07, 0.280037
6.96506e-07, 0.280439
6.94772e-07, 0.280827
6.93046e-07, 0.2812
6.91329e-07, 0.281557
6.89621e-07, 0.281898
6.87921e-07, 0.282222
6.8623e-07, 0.282529
6.84546e-07, 0.28282
6.82871e-07, 0.283093
6.81204e-07, 0.283351
6.79545e-07, 0.283595
6.77895e-07, 0.283826
6.76252e-07, 0.284047
6.74617e-07, 0.284261
6.7299e-07, 0.28447
6.71371e-07, 0.284678
6.6976e-07, 0.284889
6.68156e-07, 0.285107
6.66561e-07, 0.285334
6.64972e-07, 0.285576
6.63391e-07, 0.285836
6.61818e-07, 0.286116
6.60252e-07, 0.286421
6.58694e-07, 0.286752
6.57143e-07, 0.28711
6.55599e-07, 0.287499
6.54063e-07, 0.287918
6.52533e-07, 0.288368
6.51011e-07, 0.288849
6.49496e-07, 0.289359
6.47988e-07, 0.289897
6.46486e-07, 0.290462
6.44992e-07, 0.291052
6.43505e-07, 0.291665
6.42025e-07, 0.292298
6.40551e-07, 0.292948
6.39084e-07, 0.293614
6.37624e-07, 0.294294
6.3617e-07, 0.294984
6.34723e-07, 0.295683
6.33283e-07, 0.29639
6.31849e-07, 0.297103
6.30422e-07, 0.29782
6.29001e-07, 0.298541
6.27586e-07, 0.299264
6.26178e-07, 0.29999
6.24776e-07, 0.300717
6.2338e-07, 0.301445
6.21991e-07, 0.302175
6.20608e-07, 0.302905
6.19231e-07, 0.303636
6.1786e-07, 0.304367
6.16495e-07, 0.305099
6.15136e-07, 0.305831
6.13783e-07, 0.306564
6.12436e-07, 0.307296
6.11095e-07, 0.308028
6.0976e-07, 0.30876
6.0843e-07, 0.309491
6.07107e-07, 0.310222
6.05789e-07, 0.310952
6.04477e-07, 0.311681
6.0317e-07, 0.31241
6.01869e-07, 0.313138
6.00574e-07, 0.313865
5.99284e-07, 0.314591
5.98e-07, 0.315317
5.96721e-07, 0.316043
5.95448e-07, 0.316769
5.9418e-07, 0.317495
5.92918e-07, 0.318221
5.91661e-07, 0.318948
5.90409e-07, 0.319675
5.89163e-07, 0.320402
5.87921e-07, 0.32113
5.86685e-07, 0.321859
5.85455e-07, 0.322589
5.84229e-07, 0.323319
5.83008e-07, 0.32405
5.81793e-07, 0.324782
5.80583e-07, 0.325515
5.79377e-07, 0.326248
5.78177e-07, 0.326981
5.76981e-07, 0.327716
5.75791e-07, 0.328451
5.74605e-07, 0.329186
5.73425e-07, 0.329922
5.72249e-07, 0.33066
5.71078e-07, 0.331398
5.69912e-07, 0.332137
5.6875e-07, 0.332877
5.67593e-07, 0.333619
5.66441e-07, 0.334361
5.65294e-07, 0.335106
5.64151e-07, 0.335851
5.63013e-07, 0.336598
5.61879e-07, 0.337347
5.6075e-07, 0.338097
5.59626e-07, 0.338849
5.58506e-07, 0.339603
5.5739e-07, 0.340358
5.56279e-07, 0.341114
5.55172e-07, 0.341872
5.5407e-07, 0.342631
5.52972e-07, 0.343392
5.51879e-07, 0.344155
5.50789e-07, 0.344919
5.49705e-07, 0.345684
5.48624e-07, 0.346451
5.47547e-07, 0.34722
5.46475e-07, 0.34799
5.45407e-07, 0.348762
5.44343e-07, 0.349536
5.43284e-07, 0.350312
5.42228e-07, 0.35109
5.41176e-07, 0.351869
5.40129e-07, 0.352651
5.39086e-07, 0.353435
5.38046e-07, 0.354221
5.37011e-07, 0.35501
5.3598e-07, 0.3558
5.34952e-07, 0.356592
5.33929e-07, 0.357387
5.32909e-07, 0.358183
5.31893e-07, 0.358982
5.30881e-07, 0.359783
5.29873e-07, 0.360585
5.28869e-07, 0.36139
5.27869e-07, 0.362197
5.26872e-07, 0.363005
5.25879e-07, 0.363816
5.2489e-07, 0.364629
5.23905e-07, 0.365444
5.22923e-07, 0.366261
5.21945e-07, 0.367081
5.20971e-07, 0.367903
5.2e-07, 0.368727
5.19033e-07, 0.369554
5.18069e-07, 0.370383
5.17109e-07, 0.371214
5.16153e-07, 0.372048
5.152e-07, 0.372884
5.14251e-07, 0.373723
5.13305e-07, 0.374564
5.12362e-07, 0.375407
5.11423e-07, 0.376253
5.10488e-07, 0.377101
5.09556e-07, 0.377951
5.08627e-07, 0.378803
5.07702e-07, 0.379657
5.0678e-07, 0.380514
5.05861e-07, 0.381373
5.04946e-07, 0.382234
5.04034e-07, 0.383097
5.03125e-07, 0.383963
5.0222e-07, 0.384831
5.01317e-07, 0.385701
5.00418e-07, 0.386574
4.99523e-07, 0.387448
4.9863e-07, 0.388326
4.97741e-07, 0.389205
4.96855e-07, 0.390087
4.95972e-07, 0.390971
4.95092e-07, 0.391858
4.94215e-07, 0.392747
4.93341e-07, 0.393638
4.92471e-07, 0.394531
4.91603e-07, 0.395426
4.90739e-07, 0.396324
4.89877e-07, 0.397223
4.89019e-07, 0.398125
4.88163e-07, 0.399029
4.87311e-07, 0.399934
4.86461e-07, 0.400842
4.85615e-07, 0.401752
4.84771e-07, 0.402663
4.83931e-07, 0.403577
4.83093e-07, 0.404493
4.82258e-07, 0.405411
4.81426e-07, 0.406331
4.80597e-07, 0.407253
4.79771e-07, 0.408177
4.78947e-07, 0.409103
4.78127e-07, 0.410031
4.77309e-07, 0.410962
4.76494e-07, 0.411894
4.75682e-07, 0.412828
4.74872e-07, 0.413765
4.74066e-07, 0.414703
4.73262e-07, 0.415643
4.7246e-07, 0.416586
4.71662e-07, 0.41753
4.70866e-07, 0.418476
4.70073e-07, 0.419423
4.69283e-07, 0.420373
4.68495e-07, 0.421324
4.67709e-07, 0.422278
4.66927e-07, 0.423233
4.66147e-07, 0.42419
4.6537e-07, 0.425148
4.64595e-07, 0.426109
4.63823e-07, 0.427072
4.63053e-07, 0.428036
4.62286e-07, 0.429003
4.61521e-07, 0.429971
4.60759e-07, 0.430942
4.6e-07, 0.431914
4.59243e-07, 0.432888
4.58488e-07, 0.433865
4.57736e-07, 0.434843
4.56987e-07, 0.435823
4.5624e-07, 0.436805
4.55495e-07, 0.437789
4.54753e-07, 0.438774
4.54013e-07, 0.439762
4.53276e-07, 0.440751
4.52541e-07, 0.441742
4.51808e-07, 0.442735
4.51078e-07, 0.44373
4.5035e-07, 0.444726
4.49624e-07, 0.445725
4.48901e-07, 0.446725
4.4818e-07, 0.447728
4.47461e-07, 0.448732
4.46745e-07, 0.449738
4.46031e-07, 0.450746
4.45319e-07, 0.451756
4.4461e-07, 0.452769
4.43902e-07, 0.453783
4.43197e-07, 0.454799
4.42495e-07, 0.455817
4.41794e-07, 0.456837
4.41096e-07, 0.457859
4.404e-07, 0.458883
4.39706e-07, 0.459909
4.39014e-07, 0.460936
4.38325e-07, 0.461966
4.37637e-07, 0.462997
4.36952e-07, 0.464031
4.36269e-07, 0.465066
4.35588e-07, 0.466103
4.34909e-07, 0.467142
4.34232e-07, 0.468182
4.33558e-07, 0.469225
4.32885e-07, 0.47027
4.32215e-07, 0.471316
4.31546e-07, 0.472365
4.3088e-07, 0.473415
4.30216e-07, 0.474468
4.29554e-07, 0.475522
4.28893e-07, 0.476578
4.28235e-07, 0.477637
4.27579e-07, 0.478697
4.26925e-07, 0.479759
4.26273e-07, 0.480824
4.25623e-07, 0.48189
4.24975e-07, 0.482958
4.24328e-07, 0.484028
4.23684e-07, 0.4851
4.23042e-07, 0.486174
4.22402e-07, 0.487249
4.21763e-07, 0.488327
4.21127e-07, 0.489406
4.20492e-07, 0.490488
4.1986e-07, 0.491571
4.19229e-07, 0.492656
4.186e-07, 0.493743
4.17973e-07, 0.494832
4.17348e-07, 0.495923
4.16725e-07, 0.497016
4.16103e-07, 0.498111
4.15484e-07, 0.499208
4.14866e-07, 0.500307
4.1425e-07, 0.501408
4.13636e-07, 0.502511
4.13024e-07, 0.503616
4.12414e-07, 0.504723
4.11805e-07, 0.505832
4.11198e-07, 0.506943
4.10593e-07, 0.508057
4.0999e-07, 0.509172
4.09389e-07, 0.510289
4.08789e-07, 0.511408
4.08191e-07, 0.512529
4.07595e-07, 0.513652
4.07e-07, 0.514777
4.06408e-07, 0.515904
4.05817e-07, 0.517033
4.05227e-07, 0.518164
4.0464e-07, 0.519297
4.04054e-07, 0.520432
4.0347e-07, 0.521569
4.02887e-07, 0.522708
4.02307e-07, 0.52385
4.01727e-07, 0.524993
4.0115e-07, 0.526139
4.00574e-07, 0.527286
4e-07, 0.528436