2.806058963780367344e-01
1.106204566233897901e-01
6.550871871409127967e-02
6.447533758895721001e-02
2.103388402710018867e-01
8.243700922250390972e-01
6.408202190093565953e-01
1.088193537762461027e-01
5.772066421374143219e-02
3.536463596410763244e-02
2.862105333530816365e-02
3.082339571207239406e-02
1.281475443353806420e-01
8.181429530257560145e-01
9.433613839026151471e-01
9.468588654266687499e-01
9.413168841859719249e-01
9.212455802146924944e-01
8.765135973295610228e-01
7.624195385484928700e-01
5.140085888908773049e-01
2.638520346891775059e-01
2.252567466470174196e-01
3.155449781489944039e-01
7.702494215066697514e-01
9.324892828989881366e-01
9.207349030579372595e-01
8.087657047052680959e-01
6.896764025727809555e-01
4.788211677105761455e-01
3.376291122442925952e-01
5.287652299714257209e-01
7.816956448600861362e-01
7.397429135653300625e-01
7.119372205856913105e-01
6.471514022665760812e-01
5.084036458608834907e-01
3.624902174987927883e-01
4.812830957933104670e-01
7.163622144226238220e-01
7.945878005487627682e-01
8.431271717908958019e-01
7.999574380087504100e-01
7.314873148453034934e-01
6.296419454958657180e-01
4.915467214940280050e-01
4.496482829490049959e-01
5.886425464708407995e-01
6.235272060560469454e-01
3.666509746970840755e-01
1.636337579343857818e-01
1.262958838498609293e-01
1.141323158651012110e-01
1.457097006548628282e-01
1.882794358171387961e-01
4.822344893968773527e-01
7.021184997666555239e-01
6.573245864535606220e-01
4.329375272846996969e-01
3.707347089633619142e-01
3.641485744114592027e-01
3.707347089633619142e-01
4.329375272846996969e-01
6.573245864535606220e-01
7.021184997666555239e-01
4.822344893968773527e-01
1.882794358171387961e-01
1.457097006548628282e-01
1.141323158651012110e-01
1.262958838498609293e-01
1.636337579343857818e-01
3.666509746970840755e-01
6.235272060560469454e-01
5.886425464708407995e-01
4.496482829490049959e-01
4.915467214940280050e-01
6.296419454958657180e-01
7.314873148453034934e-01
7.999574380087504100e-01
8.431271717908958019e-01
7.945878005487627682e-01
7.163622144226238220e-01
4.812830957933104670e-01
3.624902174987927883e-01
5.084036458608834907e-01
6.471514022665760812e-01
7.119372205856913105e-01
7.397429135653300625e-01
7.816956448600861362e-01
5.287652299714257209e-01
3.376291122442925952e-01
4.788211677105761455e-01
6.896764025727809555e-01
8.087657047052680959e-01
9.207349030579372595e-01
9.324892828989881366e-01
7.702494215066697514e-01
3.155449781489944039e-01
2.252567466470174196e-01
2.638520346891775059e-01
5.140085888908773049e-01
7.624195385484928700e-01
8.765135973295610228e-01
9.212455802146924944e-01
9.413168841859719249e-01
9.468588654266687499e-01
9.433613839026151471e-01
8.181429530257560145e-01
1.281475443353806420e-01
3.082339571207239406e-02
2.862105333530816365e-02
3.536463596410763244e-02
5.772066421374143219e-02
1.088193537762461027e-01
6.408202190093565953e-01
8.243700922250390972e-01
2.103388402710018867e-01
6.447533758895721001e-02
6.550871871409127967e-02
1.106204566233897901e-01
2.806058963780367344e-01
