9.902951695903777773e-01
9.908840177552227235e-01
2.395653946119107296e-03
5.100341142320276022e-01
9.969968059640197389e-01
9.980841663341188941e-01
9.989636941762994882e-01
9.975501231459878992e-01
9.959665258115916187e-01
9.980451634728979560e-01
9.972156642415691552e-01
3.832895594659821992e-01
7.744231080332295361e-03
2.855552191947560953e-04
1.241997895567493754e-03
4.604154247351420655e-03
4.450965230350428098e-02
3.204947728200207568e-01
9.880815987813169610e-01
9.973376981344255210e-01
9.986084836781213836e-01
9.924018411794841565e-01
9.952536312126190055e-01
7.427428111209580797e-01
3.809910891317390413e-02
2.104379999051983474e-02
5.023182661678009253e-02
9.325594480856783663e-01
8.806419184664475708e-01
6.521460582735618197e-03
2.491845474968693852e-01
9.708860294495701426e-01
9.976344805390884307e-01
9.991018141973626587e-01
9.834231014480282473e-01
2.728289545484667844e-01
4.818718987070816188e-03
5.307746592480196146e-02
8.897464218672135328e-01
9.142665209441703800e-01
9.756266016648937889e-01
9.894117317712728399e-01
9.340466143979039293e-01
9.642542513366668677e-01
3.582116734399673486e-01
1.459534100341022544e-01
9.834802911338199616e-01
8.648967660556623471e-01
9.862153227856081950e-01
4.902955325109770723e-01
2.684191989448499530e-02
6.938402835262665047e-02
2.198293621294284891e-02
9.600430787569814717e-01
9.993060051094007079e-01
9.995289708903407622e-01
9.999634792560675445e-01
9.985270757406290443e-01
9.827253946907630322e-01
9.541282457392649130e-01
5.677444605495073349e-01
9.541282457392649130e-01
9.827253946907630322e-01
9.985270757406290443e-01
9.999634792560675445e-01
9.995289708903407622e-01
9.993060051094007079e-01
9.600430787569814717e-01
2.198293621294284891e-02
6.938402835262665047e-02
2.684191989448499530e-02
4.902955325109770723e-01
9.862153227856081950e-01
8.648967660556623471e-01
9.834802911338199616e-01
1.459534100341022544e-01
3.582116734399673486e-01
9.642542513366668677e-01
9.340466143979039293e-01
9.894117317712728399e-01
9.756266016648937889e-01
9.142665209441703800e-01
8.897464218672135328e-01
5.307746592480196146e-02
4.818718987070816188e-03
2.728289545484667844e-01
9.834231014480282473e-01
9.991018141973626587e-01
9.976344805390884307e-01
9.708860294495701426e-01
2.491845474968693852e-01
6.521460582735618197e-03
8.806419184664475708e-01
9.325594480856783663e-01
5.023182661678009253e-02
2.104379999051983474e-02
3.809910891317390413e-02
7.427428111209580797e-01
9.952536312126190055e-01
9.924018411794841565e-01
9.986084836781213836e-01
9.973376981344255210e-01
9.880815987813169610e-01
3.204947728200207568e-01
4.450965230350428098e-02
4.604154247351420655e-03
1.241997895567493754e-03
2.855552191947560953e-04
7.744231080332295361e-03
3.832895594659821992e-01
9.972156642415691552e-01
9.980451634728979560e-01
9.959665258115916187e-01
9.975501231459878992e-01
9.989636941762994882e-01
9.980841663341188941e-01
9.969968059640197389e-01
5.100341142320276022e-01
2.395653946119107296e-03
9.908840177552227235e-01
9.902951695903777773e-01
