4.999696649554820072e-01
4.999397104971927130e-01
4.999161340577817358e-01
4.999049329001752917e-01
4.999042673656991509e-01
4.999660150280991200e-01
4.999552674444335265e-01
4.999107707275557977e-01
4.998746843592454803e-01
4.998551824783915576e-01
4.998419864448403471e-01
4.999160574666401402e-01
4.999520295362400168e-01
4.998964511155894463e-01
4.998474059425151994e-01
4.998190342636409933e-01
4.997930743842727286e-01
4.998729918837246933e-01
4.999654416155034364e-01
4.999055695240199881e-01
4.998451640515408911e-01
4.998090035621787219e-01
4.997736135264503887e-01
4.998514289692875812e-01
4.999929665254196909e-01
4.999383752858437835e-01
4.998724368166567733e-01
4.998313590620998559e-01
4.997926336630219568e-01
4.998608136706758076e-01
5.000240008075323983e-01
4.999845171228645135e-01
4.999233421016058831e-01
4.998822677954769533e-01
4.998476400355225113e-01
4.999010341831061077e-01
5.000515721042462225e-01
5.000326698051364982e-01
4.999844795022096444e-01
4.999481886607590742e-01
4.999241247731608384e-01
4.999615520194957141e-01
5.000715587896196190e-01
5.000716399648446053e-01
5.000383411359721197e-01
5.000097590550367510e-01
4.999998965785495963e-01
5.000246800932550695e-01
5.000767220267483548e-01
5.000880773914270216e-01
5.000674320192918243e-01
5.000481505029160667e-01
5.000528771669524586e-01
5.000719061471671223e-01
5.000586134923472592e-01
5.000713054835829174e-01
5.000615561910110030e-01
5.000528450094986477e-01
5.000697278249949251e-01
5.000908277658039358e-01
5.000195563118138287e-01
5.000259034062787267e-01
5.000262433526334593e-01
5.000277781238903207e-01
5.000516160101905472e-01
5.000797471630868962e-01
4.999822846474865079e-01
4.999796496672187507e-01
4.999850293764810938e-01
4.999913581741532997e-01
5.000137488712950162e-01
5.000477556792742861e-01
4.999829956724353708e-01
4.999738230545935913e-01
4.999697691259179511e-01
4.999681209260642412e-01
4.999779872377457801e-01
5.000101872479822962e-01
5.000477487091300466e-01
5.000373063497208781e-01
5.000020530504475369e-01
4.999753691766679053e-01
4.999619396795026982e-01
4.999817625214834638e-01
5.001691072787612935e-01
5.001623461393994718e-01
5.000776023878076293e-01
5.000127581446944802e-01
4.999705951246812830e-01
4.999710369555902534e-01
5.003030879135942355e-01
5.003021106512087757e-01
5.001655586775081153e-01
5.000619087404457597e-01
4.999953227952013135e-01
4.999788539377411634e-01
5.003917391546957028e-01
5.003947473893187725e-01
5.002245370452087503e-01
5.000965967567954085e-01
5.000203101801566907e-01
5.000008396390023258e-01
5.003962011584820457e-01
5.003979123713898636e-01
5.002248293369712107e-01
5.000966239692580251e-01
5.000315936365974379e-01
5.000314005805462925e-01
5.003164521075730287e-01
5.003093471772167566e-01
5.001615925943341256e-01
5.000560824274051797e-01
5.000224852745067672e-01
5.000660897521910231e-01
5.001846942866446932e-01
5.001603353351348202e-01
5.000511586415816723e-01
4.999813983931469252e-01
4.999924824090282161e-01
5.001009877431649153e-01
5.000404867699796974e-01
4.999904387425614938e-01
4.999158012826164232e-01
4.998825183838236375e-01
4.999420400013163679e-01
5.001304648756779159e-01
4.999092470300977031e-01
4.998255405699082443e-01
4.997704011860862883e-01
4.997653483352949011e-01
4.998686221247422568e-01
5.001461615170723629e-01
4.997999724984637515e-01
4.996752893334219237e-01
4.996208026942959846e-01
4.996313709058124997e-01
4.997678869782102851e-01
5.001390767663494996e-01
4.997184506331760478e-01
4.995464192239683632e-01
4.994720253869435189e-01
4.994834014591272853e-01
4.996391837256761170e-01
5.001040908742059310e-01
4.996773410202635657e-01
4.994533746882445224e-01
4.993354747476878575e-01
4.993310255246176110e-01
4.994907827687518620e-01
5.000441389297091144e-01
4.996888822969063892e-01
4.994118474892414450e-01
4.992264236246057307e-01
4.991901297091357881e-01
4.993405067025073474e-01
4.999712360926253929e-01
4.997460335266653009e-01
4.994204629154859187e-01
4.991539008307156466e-01
4.990769133097411880e-01
4.992111493125026001e-01
4.999035052120731071e-01
4.998133802920149416e-01
4.994511362683599076e-01
4.991138299748056895e-01
4.990019359883330341e-01
4.991237864539819213e-01
4.998596301655873209e-01
4.998430423920851573e-01
4.994629789881290249e-01
4.990937388741035208e-01
4.989691427687151237e-01
4.990926796250536035e-01
4.998531773423808278e-01
4.998070636627219843e-01
4.994319525365266133e-01
4.990857122420758740e-01
4.989792939942140348e-01
4.991230578097924919e-01
4.998886205835996188e-01
4.997193591887580388e-01
4.993709244380984402e-01
4.990952117231347018e-01
4.990326857672499616e-01
4.992105873158027562e-01
4.999597944486707801e-01
4.996269377390433197e-01
4.993211582706392204e-01
4.991366316526310021e-01
4.991273258103802180e-01
4.993413789891421040e-01
5.000509352504591831e-01
4.995771948732545820e-01
4.993219738591856416e-01
4.992193916874519410e-01
4.992545327734030924e-01
4.994934190754964365e-01
5.001404318063237264e-01
4.995896513504008984e-01
4.993855040951364899e-01
4.993380812972367244e-01
4.993979431261330593e-01
4.996413450349755370e-01
5.002070007082446423e-01
4.996550375665063104e-01
4.994977454356854807e-01
4.994764102359010582e-01
4.995393467398809295e-01
4.997644310560361847e-01
5.002366433965493853e-01
4.997573186197272754e-01
4.996407699784075618e-01
4.996207502800733002e-01
4.996676693065040253e-01
4.998539624959825178e-01
5.002274282423945229e-01
4.998924040596628982e-01
4.998103601471571844e-01
4.997688848771398851e-01
4.997829954172690603e-01
4.999147697163463522e-01
5.001893246514355074e-01
5.000627176879606228e-01
5.000092742150927805e-01
4.999239274162555202e-01
4.998909358480004839e-01
4.999589325524863015e-01
5.001387173321513169e-01
5.002537331963308187e-01
5.002229491292800034e-01
5.000785497557850290e-01
4.999914340668126789e-01
4.999955641873068957e-01
5.000905195736546904e-01
5.004196992367009322e-01
5.004050287954172616e-01
5.002058815058906260e-01
5.000721289661732571e-01
5.000241273810386300e-01
5.000524865589975887e-01
5.004993755896619545e-01
5.004934992638792046e-01
5.002692658381213686e-01
5.001135357989541230e-01
5.000364296717531021e-01
5.000248434866274572e-01
5.004547515984413275e-01
5.004502085824339419e-01
5.002464298768374285e-01
5.001034455587495264e-01
5.000257216399439653e-01
5.000045855093638858e-01
5.003025701225213284e-01
5.002932898168562792e-01
5.001497516068948990e-01
5.000495364434196510e-01
4.999955607543595804e-01
4.999905685753055495e-01
5.001115521223242766e-01
5.000947404724659373e-01
5.000254631794194271e-01
4.999796181388442839e-01
4.999610626767538868e-01
4.999852560400267487e-01
4.999646954240093422e-01
4.999419667220517116e-01
4.999302498694228047e-01
4.999279810178376970e-01
4.999409239709929897e-01
4.999918499209554668e-01
4.999130119532529948e-01
4.998897244908687698e-01
4.999007525725384093e-01
4.999167130572896300e-01
4.999456092906422455e-01
5.000092428670189770e-01
4.999526415341304375e-01
4.999352746264490999e-01
4.999363781460941514e-01
4.999444315402013506e-01
4.999699442943931205e-01
5.000289649332927411e-01
5.000383122431838467e-01
5.000308990958490796e-01
5.000053326837028411e-01
4.999891851927496522e-01
4.999951246116176584e-01
5.000368943187782911e-01
5.001187879085335908e-01
5.001201123143479421e-01
5.000669553780530130e-01
5.000222968965133408e-01
4.999986375451974663e-01
5.000191676455784107e-01
5.001661793666998257e-01
5.001692781487817596e-01
5.000935759784279622e-01
5.000233474776057951e-01
4.999657494604928809e-01
4.999689741143226729e-01
5.001800939567221382e-01
5.001746145467520499e-01
5.000787489755194049e-01
4.999876791923616448e-01
4.998961876234305768e-01
4.998905402048521851e-01
5.001707978037842617e-01
5.001473803423619469e-01
5.000314341680240915e-01
4.999246450159065547e-01
4.998036206767066392e-01
4.997984700757004961e-01
5.001424809671287663e-01
5.000971367237118104e-01
4.999659914571846775e-01
4.998510770026543537e-01
4.997099074590158896e-01
4.997131195248976088e-01
5.000937448637940985e-01
5.000298279379044031e-01
4.998973179031589997e-01
4.997852895591418099e-01
4.996377446931895006e-01
4.996541856690823735e-01
5.000316659808696773e-01
4.999580261019266891e-01
4.998411618940445389e-01
4.997431511062779830e-01
4.996042300976188955e-01
4.996347961309354213e-01
4.999782742156476112e-01
4.999046098061946664e-01
4.998122796765457898e-01
4.997345534480966966e-01
4.996163491491334430e-01
4.996577699490544200e-01
4.999517795704355727e-01
4.998857346958994752e-01
4.998168388957579533e-01
4.997600642948755167e-01
4.996692763659439374e-01
4.997150552895605058e-01
4.999500365325925122e-01
4.998975703900881418e-01
4.998488523282312856e-01
4.998101326731828609e-01
4.997469726264026080e-01
4.997892902135868676e-01
