9.048637326858699481e-01
9.056678733318006547e-01
9.063992203890106625e-01
9.070734615199180784e-01
9.077029830239097263e-01
9.082980505010457284e-01
9.088674241441598856e-01
9.094185837705442976e-01
9.099577540324618186e-01
9.104898833217623944e-01
9.110186686899185426e-01
9.115466576650090857e-01
9.120754121622908217e-01
9.126056963984515713e-01
9.131376485988315084e-01
9.136709089127508232e-01
9.142046949563557012e-01
9.147378342204997015e-01
9.152687740953371343e-01
9.157955935171285811e-01
9.163160360175131025e-01
9.168275748928998992e-01
9.173275106377982713e-01
9.178130916988516130e-01
9.182816440060782570e-01
9.187306933365151362e-01
9.191580669136346637e-01
9.195619654906291851e-01
9.199410029268050293e-01
9.202942154867430613e-01
9.206210467547886189e-01
9.209213157305846664e-01
9.211951754828110461e-01
9.214430682198121447e-01
9.216656805087779514e-01
9.218639003308601865e-01
9.220387761969949247e-01
9.221914778923886447e-01
9.223232585152341123e-01
9.224354180732633468e-01
9.225292696504668877e-01
9.226061097221983642e-01
9.226671943538866660e-01
9.227137226924920776e-01
9.227468284280632149e-01
9.227675789561616826e-01
9.227769810457705502e-01
9.227759911275851268e-01
9.227655280010231831e-01
9.227464858472685938e-01
9.227197458576159583e-01
9.226861853950595327e-01
9.226466842274338997e-01
9.226021278495424305e-01
9.225534081582044132e-01
9.225014217486062762e-01
9.224470659306739373e-01
9.223912323411683767e-01
9.223347978842220130e-01
9.222786127755032703e-01
9.222234857359574711e-01
9.221701668503049509e-01
9.221193291725890973e-01
9.220715506891166147e-01
9.220272985973917423e-01
9.219869179316391161e-01
9.219506263308643312e-01
9.219185162548437784e-01
9.218905653197917438e-01
9.218666547884284412e-01
9.218465957277228728e-01
9.218301619962554483e-01
9.218171290024188558e-01
9.218073169580350834e-01
9.218006369588365168e-01
9.217971374817026664e-01
9.217970477170674970e-01
9.218008126141739034e-01
9.218091128598192574e-01
9.218228616437026401e-01
9.218431694876264570e-01
9.218712691066185405e-01
9.219083945439519034e-01
9.219556127500767584e-01
9.220136111321100003e-01
9.220824509266367652e-01
9.221613030201911698e-01
9.222481896071424989e-01
9.223397617167493623e-01
9.224311493422118202e-01
9.225159280638378645e-01
9.225862538535969382e-01
9.226332255023065310e-01
9.226475395170457006e-01
9.226205008155911047e-01
9.225454368687392437e-01
9.224195234806655819e-01
9.222459559602181889e-01
9.220362782914484079e-01
9.218125035730463379e-01
