7.849042763400627899e-05
5.325897222240788065e-04
1.472372192134528343e-03
2.897755355778909928e-03
4.805699048699306822e-03
7.190419881783888072e-03
1.004356558694562834e-02
1.335433352209141472e-02
1.710954838157752178e-02
2.129373057781634021e-02
2.588918772284356726e-02
3.087615123579880855e-02
3.623296471423647497e-02
4.193631638763317682e-02
4.796149873859668206e-02
5.428267563676483082e-02
6.087314021054732183e-02
6.770555292928706614e-02
7.475215636762688742e-02
8.198496873783932271e-02
8.937596131361451313e-02
9.689722516782529882e-02
1.045211308512899173e-01
1.122204818185601888e-01
1.199686596593484422e-01
1.277397573430683331e-01
1.355086961236226517e-01
1.432513224404229069e-01
1.509444827209656670e-01
1.585660759124337127e-01
1.660950853253085058e-01
1.735115925818133120e-01
1.807967769526890311e-01
1.879329031737141664e-01
1.949033001554416333e-01
2.016923321154143744e-01
2.082853628516631861e-01
2.146687133516108348e-01
2.208296127945561516e-01
2.267561432440627356e-01
2.324371788253122018e-01
2.378623207683716601e-01
2.430218301865835484e-01
2.479065606987641834e-01
2.525078929113376836e-01
2.568176723537597406e-01
2.608281517901931412e-01
2.645319380561464429e-01
2.679219428602335196e-01
2.709913365051309087e-01
2.737335033247204064e-01
2.761419978372866568e-01
2.782105011234325409e-01
2.799327776244357469e-01
2.813026332496763038e-01
2.823138762057177953e-01
2.829602821829915182e-01
2.832355654086917696e-01
2.831333566484040554e-01
2.826471886632771491e-01
2.817704891184844018e-01
2.804965807182167037e-01
2.788186885848032981e-01
2.767299556660305360e-01
2.742234681593092027e-01
2.712922943551871469e-01
2.679295415991399532e-01
2.641284369115225461e-01
2.598824369468940576e-01
2.551853723642313887e-01
2.500316305206443657e-01
2.444163791410736419e-01
2.383358328612874277e-01
2.317875648947934075e-01
2.247708679329736836e-01
2.172871717494699595e-01
2.093405293295156067e-01
2.009381876673830003e-01
1.920912623418789822e-01
1.828155352685800206e-01
1.731323917255767619e-01
1.630699056949563297e-01
1.526640724801816285e-01
1.419601758600298191e-01
1.310142652029374633e-01
1.198947065930871386e-01
1.086837597782124160e-01
9.747911558400482179e-02
8.639529958748799754e-02
7.556479906901833465e-02
6.513869467031460636e-02
5.528647442219223468e-02
4.619458503061486115e-02
3.806315753438181682e-02
3.110027233842118863e-02
2.551315656227810813e-02
2.149589330990746630e-02
1.921361451420966482e-02
1.878375967346261263e-02
2.025577031396417690e-02
