3.313008179901804490e-02
3.082660090978507975e-02
2.857745147735711241e-02
2.638729425458946273e-02
2.426032830950022520e-02
2.220047263423427855e-02
2.021154496048563690e-02
1.829737813096799989e-02
1.646185498083884563e-02
1.470887420435899352e-02
1.304227622336055423e-02
1.146576021998639040e-02
9.982815744377987119e-03
8.596680377054003244e-03
7.310323713911878046e-03
6.126450438998133283e-03
5.047512366163607773e-03
4.075720352779322805e-03
3.213050329842154305e-03
2.461241627758717267e-03
1.821788970657382128e-03
1.295931268744691597e-03
8.846405949321948852e-04
5.886138795093819737e-04
4.082684903413651015e-04
3.437415550489359589e-04
3.948920129515648284e-04
5.613041029311749679e-04
8.422912255565311382e-04
1.236899652049283562e-03
1.743912136789964144e-03
2.361851916564876828e-03
3.088987737647622741e-03
3.923340438769517234e-03
4.862691318446601269e-03
5.904592157529801009e-03
7.046376477828181564e-03
8.285171480259038296e-03
9.617910146278186093e-03
1.104134317059788858e-02
1.255205064682206849e-02
1.414645366257373353e-02
1.582082610331431161e-02
1.757130697561892427e-02
1.939391344578649326e-02
2.128455459153106438e-02
2.323904564950260085e-02
2.525312237817511560e-02
2.732245509488238910e-02
2.944266200585150817e-02
3.160932161061045381e-02
3.381798417796730988e-02
3.606418249438314572e-02
3.834344221428444277e-02
4.065129215388980921e-02
4.298327475732081904e-02
4.533495675503097788e-02
4.770193978919640143e-02
5.007987057290985006e-02
5.246445004860107730e-02
5.485144105952796667e-02
5.723667425020641936e-02
5.961605222696079315e-02
6.198555236137423541e-02
6.434122891177075643e-02
6.667921528184055091e-02
6.899572717425740687e-02
7.128706712565302528e-02
7.354963048211834997e-02
7.577991239735704099e-02
7.797451504209421125e-02
8.013015402935144693e-02
8.224366316551445788e-02
8.431199703411471069e-02
8.633223151792840389e-02
8.830156299261306130e-02
9.021730736315954069e-02
9.207690015552486007e-02
9.387789839393767544e-02
9.561798400332499615e-02
9.729496716584498661e-02
9.890678678550621217e-02
1.004515044324953560e-01
1.019272882999576746e-01
1.033323851127278120e-01
1.046650805984430804e-01
1.059236527123071092e-01
1.071063255616082482e-01
1.082112349060501966e-01
1.092364171748572144e-01
1.101798323779655669e-01
1.110394269402093653e-01
1.118132360391752289e-01
1.124995180383922128e-01
1.130969082270357196e-01
1.136045773920862367e-01
1.140223838274363882e-01
1.143510141819948644e-01
1.145921150003299110e-01
1.147484155099730285e-01
