7e-07, 0.919233
6.98249e-07, 0.919294
6.96506e-07, 0.919347
6.94772e-07, 0.9194
6.93046e-07, 0.91946
6.91329e-07, 0.919533
6.89621e-07, 0.919623
6.87921e-07, 0.919736
6.8623e-07, 0.919873
6.84546e-07, 0.920035
6.82871e-07, 0.920222
6.81204e-07, 0.920432
6.79545e-07, 0.920663
6.77895e-07, 0.92091
6.76252e-07, 0.921172
6.74617e-07, 0.921444
6.7299e-07, 0.921724
6.71371e-07, 0.922012
6.6976e-07, 0.922305
6.68156e-07, 0.922606
6.66561e-07, 0.922915
6.64972e-07, 0.923236
6.63391e-07, 0.923573
6.61818e-07, 0.92393
6.60252e-07, 0.924313
6.58694e-07, 0.924726
6.57143e-07, 0.925173
6.55599e-07, 0.925659
6.54063e-07, 0.926187
6.52533e-07, 0.926758
6.51011e-07, 0.927375
6.49496e-07, 0.928036
6.47988e-07, 0.928742
6.46486e-07, 0.929489
6.44992e-07, 0.930277
6.43505e-07, 0.931102
6.42025e-07, 0.931963
6.40551e-07, 0.932856
6.39084e-07, 0.933781
6.37624e-07, 0.934737
6.3617e-07, 0.935724
6.34723e-07, 0.936742
6.33283e-07, 0.937794
6.31849e-07, 0.938882
6.30422e-07, 0.940009
6.29001e-07, 0.941179
6.27586e-07, 0.942397
6.26178e-07, 0.943664
6.24776e-07, 0.944986
6.2338e-07, 0.946364
6.21991e-07, 0.947801
6.20608e-07, 0.949298
6.19231e-07, 0.950856
6.1786e-07, 0.952475
6.16495e-07, 0.954154
6.15136e-07, 0.955891
6.13783e-07, 0.957685
6.12436e-07, 0.959534
6.11095e-07, 0.961438
6.0976e-07, 0.963393
6.0843e-07, 0.9654
6.07107e-07, 0.967459
6.05789e-07, 0.969569
6.04477e-07, 0.971732
6.0317e-07, 0.973951
6.01869e-07, 0.976226
6.00574e-07, 0.978562
5.99284e-07, 0.98096
5.98e-07, 0.983425
5.96721e-07, 0.985959
5.95448e-07, 0.988565
5.9418e-07, 0.991244
5.92918e-07, 0.993999
5.91661e-07, 0.996831
5.90409e-07, 0.99974
5.89163e-07, 1.00273
5.87921e-07, 1.00579
5.86685e-07, 1.00893
5.85455e-07, 1.01214
5.84229e-07, 1.01542
5.83008e-07, 1.01878
5.81793e-07, 1.02221
5.80583e-07, 1.0257
5.79377e-07, 1.02927
5.78177e-07, 1.03291
5.76981e-07, 1.03663
5.75791e-07, 1.04042
5.74605e-07, 1.04428
5.73425e-07, 1.04822
5.72249e-07, 1.05225
5.71078e-07, 1.05635
5.69912e-07, 1.06055
5.6875e-07, 1.06483
5.67593e-07, 1.0692
5.66441e-07, 1.07366
5.65294e-07, 1.07822
5.64151e-07, 1.08286
5.63013e-07, 1.0876
5.61879e-07, 1.09242
5.6075e-07, 1.09734
5.59626e-07, 1.10234
5.58506e-07, 1.10743
5.5739e-07, 1.1126
5.56279e-07, 1.11786
5.55172e-07, 1.1232
5.5407e-07, 1.12863
5.52972e-07, 1.13413
5.51879e-07, 1.13972
5.50789e-07, 1.14539
5.49705e-07, 1.15115
5.48624e-07, 1.15699
5.47547e-07, 1.16292
5.46475e-07, 1.16893
5.45407e-07, 1.17504
5.44343e-07, 1.18122
5.43284e-07, 1.1875
5.42228e-07, 1.19386
5.41176e-07, 1.2003
5.40129e-07, 1.20683
5.39086e-07, 1.21344
5.38046e-07, 1.22012
5.37011e-07, 1.22688
5.3598e-07, 1.23371
5.34952e-07, 1.2406
5.33929e-07, 1.24756
5.32909e-07, 1.25457
5.31893e-07, 1.26164
5.30881e-07, 1.26875
5.29873e-07, 1.27592
5.28869e-07, 1.28313
5.27869e-07, 1.29038
5.26872e-07, 1.29767
5.25879e-07, 1.30499
5.2489e-07, 1.31235
5.23905e-07, 1.31973
5.22923e-07, 1.32714
5.21945e-07, 1.33457
5.20971e-07, 1.34201
5.2e-07, 1.34947
5.19033e-07, 1.35693
5.18069e-07, 1.36439
5.17109e-07, 1.37185
5.16153e-07, 1.37929
5.152e-07, 1.38671
5.14251e-07, 1.39411
5.13305e-07, 1.40147
5.12362e-07, 1.40878
5.11423e-07, 1.41605
5.10488e-07, 1.42326
5.09556e-07, 1.43041
5.08627e-07, 1.43749
5.07702e-07, 1.4445
5.0678e-07, 1.45142
5.05861e-07, 1.45826
5.04946e-07, 1.46501
5.04034e-07, 1.47167
5.03125e-07, 1.47822
5.0222e-07, 1.48467
5.01317e-07, 1.49101
5.00418e-07, 1.49724
4.99523e-07, 1.50335
4.9863e-07, 1.50934
4.97741e-07, 1.51519
4.96855e-07, 1.52092
4.95972e-07, 1.5265
4.95092e-07, 1.53194
4.94215e-07, 1.53723
4.93341e-07, 1.54237
4.92471e-07, 1.54735
4.91603e-07, 1.55217
4.90739e-07, 1.55683
4.89877e-07, 1.56131
4.89019e-07, 1.56564
4.88163e-07, 1.56979
4.87311e-07, 1.57377
4.86461e-07, 1.57758
4.85615e-07, 1.58122
4.84771e-07, 1.58469
4.83931e-07, 1.58799
4.83093e-07, 1.59113
4.82258e-07, 1.5941
4.81426e-07, 1.5969
4.80597e-07, 1.59955
4.79771e-07, 1.60203
4.78947e-07, 1.60435
4.78127e-07, 1.60652
4.77309e-07, 1.60853
4.76494e-07, 1.61038
4.75682e-07, 1.61209
4.74872e-07, 1.61364
4.74066e-07, 1.61504
4.73262e-07, 1.61629
4.7246e-07, 1.6174
4.71662e-07, 1.61838
4.70866e-07, 1.61921
4.70073e-07, 1.61991
4.69283e-07, 1.62048
4.68495e-07, 1.62093
4.67709e-07, 1.62126
4.66927e-07, 1.62147
4.66147e-07, 1.62158
4.6537e-07, 1.62158
4.64595e-07, 1.62149
4.63823e-07, 1.6213
4.63053e-07, 1.62102
4.62286e-07, 1.62065
4.61521e-07, 1.62021
4.60759e-07, 1.61969
4.6e-07, 1.6191
4.59243e-07, 1.61843
4.58488e-07, 1.6177
4.57736e-07, 1.6169
4.56987e-07, 1.61604
4.5624e-07, 1.61512
4.55495e-07, 1.61415
4.54753e-07, 1.61313
4.54013e-07, 1.61205
4.53276e-07, 1.61093
4.52541e-07, 1.60977
4.51808e-07, 1.60857
4.51078e-07, 1.60734
4.5035e-07, 1.60608
4.49624e-07, 1.60479
4.48901e-07, 1.60349
4.4818e-07, 1.60217
4.47461e-07, 1.60083
4.46745e-07, 1.59949
4.46031e-07, 1.59813
4.45319e-07, 1.59678
4.4461e-07, 1.59542
4.43902e-07, 1.59407
4.43197e-07, 1.59271
4.42495e-07, 1.59136
4.41794e-07, 1.59002
4.41096e-07, 1.58868
4.404e-07, 1.58735
4.39706e-07, 1.58602
4.39014e-07, 1.58471
4.38325e-07, 1.58341
4.37637e-07, 1.58213
4.36952e-07, 1.58086
4.36269e-07, 1.57961
4.35588e-07, 1.57839
4.34909e-07, 1.57719
4.34232e-07, 1.57602
4.33558e-07, 1.57488
4.32885e-07, 1.57378
4.32215e-07, 1.57271
4.31546e-07, 1.57169
4.3088e-07, 1.57071
4.30216e-07, 1.56977
4.29554e-07, 1.56888
4.28893e-07, 1.56803
4.28235e-07, 1.56724
4.27579e-07, 1.56649
4.26925e-07, 1.5658
4.26273e-07, 1.56515
4.25623e-07, 1.56456
4.24975e-07, 1.56401
4.24328e-07, 1.56353
4.23684e-07, 1.56309
4.23042e-07, 1.56272
4.22402e-07, 1.5624
4.21763e-07, 1.56214
4.21127e-07, 1.56195
4.20492e-07, 1.56182
4.1986e-07, 1.56176
4.19229e-07, 1.56178
4.186e-07, 1.56187
4.17973e-07, 1.56205
4.17348e-07, 1.56231
4.16725e-07, 1.56265
4.16103e-07, 1.56309
4.15484e-07, 1.56361
4.14866e-07, 1.56423
4.1425e-07, 1.56495
4.13636e-07, 1.56576
4.13024e-07, 1.56667
4.12414e-07, 1.56767
4.11805e-07, 1.56878
4.11198e-07, 1.56999
4.10593e-07, 1.57131
4.0999e-07, 1.57273
4.09389e-07, 1.57427
4.08789e-07, 1.57591
4.08191e-07, 1.57768
4.07595e-07, 1.57957
4.07e-07, 1.58159
4.06408e-07, 1.58374
4.05817e-07, 1.58603
4.05227e-07, 1.58847
4.0464e-07, 1.59106
4.04054e-07, 1.59381
4.0347e-07, 1.59673
4.02887e-07, 1.59982
4.02307e-07, 1.60309
4.01727e-07, 1.60654
4.0115e-07, 1.61018
4.00574e-07, 1.61402
4e-07, 1.61805