1.000000000000000000e+00
1.000000000000000000e+00
1.000000000000000000e+00
1.000000000000000000e+00
1.000000000000000000e+00
9.963893772155891781e-01
1.000000000000000000e+00
9.951783267530845967e-01
9.987808233290366156e-01
1.000000000000000000e+00
1.000000000000000000e+00
1.000000000000000000e+00
1.000000000000000000e+00
1.000000000000000000e+00
9.985419820291462356e-01
9.762509113012205475e-01
9.569338678119909680e-01
9.746776316134543316e-01
9.859573457074946035e-01
9.973118458865273261e-01
1.000000000000000000e+00
1.000000000000000000e+00
1.000000000000000000e+00
1.000000000000000000e+00
9.984492309985359970e-01
9.877461417067844307e-01
1.000000000000000000e+00
1.000000000000000000e+00
1.000000000000000000e+00
9.987748637747512204e-01
9.962350554923515844e-01
9.568715384153771986e-01
9.186010663536889886e-01
9.862895038893751964e-01
9.962339300656783969e-01
9.997417133717794169e-01
1.000000000000000000e+00
1.000000000000000000e+00
1.000000000000000000e+00
1.000000000000000000e+00
9.780098442159197436e-01
7.913750296399488793e-01
8.283481449820733200e-01
8.836772817162095173e-01
9.759452420861984834e-01
9.915236437353259769e-01
1.000000000000000000e+00
1.000000000000000000e+00
1.000000000000000000e+00
9.959329477644149886e-01
9.342204304951724492e-01
1.990931719055504673e-02
1.000000000000000000e+00
1.000000000000000000e+00
1.000000000000000000e+00
9.917641921899151836e-01
9.817141574020605832e-01
1.827553496642907171e-01
1.538781656814314780e-01
9.926603122954131830e-01
1.000000000000000000e+00
9.982331682591290001e-01
9.959519318231212504e-01
9.985148908908094700e-01
1.000000000000000000e+00
8.996765475777144250e-01
2.064224534751349371e-01
4.767029002302140828e-02
8.437546397642162188e-02
9.141218660814485197e-01
9.637996789720488788e-01
8.185710859814099294e-01
7.881052799423257094e-01
2.542659739609187675e-01
1.895563332133429479e-01
3.736731328704102212e-02
4.645533715636984869e-03
0.000000000000000000e+00
1.000000000000000000e+00
1.000000000000000000e+00
9.882739034992171767e-01
9.482546776020698287e-01
2.463364627345844271e-01
3.691258332427581335e-02
5.849720106277456894e-02
9.862207530058274552e-01
1.000000000000000000e+00
9.983788738315471090e-01
9.838707842341587462e-01
9.752880545684705638e-01
6.023175455802977085e-01
6.041698597345586050e-03
4.219670223634177926e-04
0.000000000000000000e+00
3.586966017877858681e-02
9.971818765472407753e-01
5.925776229233177261e-01
0.000000000000000000e+00
0.000000000000000000e+00
0.000000000000000000e+00
0.000000000000000000e+00
0.000000000000000000e+00
0.000000000000000000e+00
1.130294826305996503e-03
9.956675962223593412e-01
9.876402046040102523e-01
9.313118038830067169e-01
1.863141481734684746e-01
2.627342668440772050e-02
2.763249256477314994e-02
2.149328404974434337e-01
9.783972407370480351e-01
9.992135805651176650e-01
9.979413679847932706e-01
9.597422862188834669e-01
4.418080557160673494e-01
3.213238319876429369e-03
8.098975718733755465e-04
1.922358784611547487e-04
0.000000000000000000e+00
6.154513588345168484e-01
1.000000000000000000e+00
4.955936577960587397e-01
3.781873656645568481e-03
0.000000000000000000e+00
0.000000000000000000e+00
0.000000000000000000e+00
0.000000000000000000e+00
4.299988039129618023e-02
1.799088341472783459e-01
9.863028460425715682e-01
9.520309694237217846e-01
1.767142772639364035e-01
2.256302705740447986e-02
2.085201186696779979e-02
2.131565859624461393e-02
9.705606282916374727e-01
9.880511316066120653e-01
9.997099320856850380e-01
9.955049835622291621e-01
8.507114633313452856e-01
1.996819977694933024e-02
4.020803862925472275e-03
6.866316319696673994e-04
0.000000000000000000e+00
0.000000000000000000e+00
8.192658850307632523e-01
1.000000000000000000e+00
9.323803353462032373e-01
3.086986963509248671e-02
0.000000000000000000e+00
0.000000000000000000e+00
0.000000000000000000e+00
4.963898886265781796e-01
9.999723430856730655e-01
1.000000000000000000e+00
9.891900636570947203e-01
8.714490279709510290e-01
2.791568085152982409e-02
2.112544982859455162e-02
3.534261588410695515e-03
5.969084383221596735e-01
9.690358291858940376e-01
9.765473222681781973e-01
9.973689299548980092e-01
9.934532984147699253e-01
8.227345828661822846e-01
6.180467567148963115e-02
1.668979188692026883e-02
1.053750448903844478e-02
4.543946525888343385e-02
6.880474717371813653e-02
9.884226740341091055e-01
9.987989906557626085e-01
9.910696730628194562e-01
6.062311406787077583e-01
4.790383241089590100e-02
7.958773731727573075e-01
9.992351912638832712e-01
1.000000000000000000e+00
1.000000000000000000e+00
1.000000000000000000e+00
9.731008210623700583e-01
9.331632243490661782e-01
4.527695710558325703e-02
3.671950582390871853e-02
3.212045314308001887e-01
9.885887261728438791e-01
9.927534418117125448e-01
9.873587140602758661e-01
9.820888710336440619e-01
7.405743184095251452e-01
9.576436131403451846e-01
9.387832297380909186e-01
9.710524777885738423e-01
9.795790983799318452e-01
9.879949468036678395e-01
1.000000000000000000e+00
9.996110120058252502e-01
9.285495493953478396e-01
9.353201341760426502e-01
9.540698769732725015e-01
9.987788491901938848e-01
1.000000000000000000e+00
1.000000000000000000e+00
1.000000000000000000e+00
1.000000000000000000e+00
9.964447999854598725e-01
9.733331731568486411e-01
9.351609609731339479e-01
8.518834187174804118e-01
8.613732125799324901e-01
9.899690866246746435e-01
9.912298565542190243e-01
1.000000000000000000e+00
9.728416768214496191e-01
3.965371769987742212e-01
1.487119849144883099e-01
9.881979416367325797e-01
9.962068533116478219e-01
9.983832566563155542e-01
9.999850606223594784e-01
1.000000000000000000e+00
1.000000000000000000e+00
9.139409275745481454e-01
5.378627002592539785e-01
8.665627610077493159e-01
9.836285737063378276e-01
9.936745307465157939e-01
1.000000000000000000e+00
1.000000000000000000e+00
1.000000000000000000e+00
9.972864519352909740e-01
9.802548825421931733e-01
9.828629558590309401e-01
8.856839530735993726e-01
8.326605884278807101e-01
9.346418367333849675e-01
9.681242975245397675e-01
1.000000000000000000e+00
1.000000000000000000e+00
9.457674875937560621e-01
8.187292643323974828e-02
7.699552903108294877e-02
9.688846232745009779e-01
9.950183762698012746e-01
9.993307960510067200e-01
1.000000000000000000e+00
1.000000000000000000e+00
1.000000000000000000e+00
3.533868020205833682e-01
1.408967856061667245e-02
3.476560815273694871e-01
9.893731533151453039e-01
9.964207314236235291e-01
1.000000000000000000e+00
1.000000000000000000e+00
9.983946471391782485e-01
9.851135069116521148e-01
9.557196971430210741e-01
9.743132538893435335e-01
9.308558863135024675e-01
7.656556633847364512e-01
8.868426786287212371e-01
9.680828638731600044e-01
9.860842816398053268e-01
9.989732434215785606e-01
9.138927666942640027e-01
3.406237694541099092e-02
5.597055843841684808e-02
9.522088431991404534e-01
9.921355845981847388e-01
1.000000000000000000e+00
1.000000000000000000e+00
1.000000000000000000e+00
9.637351927455897194e-01
7.535280894526255602e-02
2.493960215022653689e-03
3.547340906843327729e-02
9.875426201691011041e-01
1.000000000000000000e+00
1.000000000000000000e+00
1.000000000000000000e+00
9.904206734452284389e-01
9.454630000481463181e-01
2.571959526686702358e-01
9.897453641492177656e-01
9.295922253318811279e-01
2.165483734575502639e-01
8.417036254342732393e-01
9.704552395629639783e-01
9.738212504114868162e-01
9.993519993051599437e-01
9.564927739794779615e-01
8.674051083026924902e-02
1.341456541781508791e-02
6.158932025158250223e-01
9.744594449526615687e-01
9.940423552231025806e-01
9.977996796893204845e-01
1.000000000000000000e+00
6.137593708223507694e-01
1.506305624593795404e-03
9.693549046883666634e-05
5.113853046791006635e-03
5.092383547660019882e-01
1.000000000000000000e+00
1.000000000000000000e+00
9.720719179580276093e-01
8.895741771854177582e-01
1.798020793952401775e-01
3.739411074320220935e-02
9.815275322884755571e-01
8.532497312541376111e-01
3.009849641028851733e-02
3.252437889436911034e-01
9.574718890548291617e-01
9.683949736443069334e-01
9.835748266142561036e-01
9.536517044205630178e-01
9.234880811513104248e-01
7.511474020728764814e-03
2.741207903975557969e-02
6.183159632473476108e-01
9.712010271467093059e-01
9.813739956274134535e-01
1.000000000000000000e+00
5.267500153268548369e-01
0.000000000000000000e+00
0.000000000000000000e+00
6.381972931024462031e-03
5.000524045967271736e-01
9.820930397232138231e-01
8.609945861661385536e-01
2.450042311289140073e-01
4.155167487939934873e-02
2.926749549349677570e-02
4.585643493151729533e-02
9.607339246777897301e-01
9.225400608690657034e-01
1.706054765759301706e-01
3.158635121209310559e-02
6.260698344657026349e-01
9.475200865132157313e-01
9.481260237199995444e-01
9.685371295389830770e-01
9.805234002918647995e-01
2.500424180450019213e-02
3.794349044448926990e-03
4.818072086656510593e-03
2.792393086832101190e-01
8.730677679133753699e-01
9.631122937227962755e-01
2.073582884357920708e-01
0.000000000000000000e+00
7.353175901015080026e-04
2.877720767646974043e-02
2.707326753800017860e-01
2.049679914463922448e-01
0.000000000000000000e+00
0.000000000000000000e+00
1.280857898894579086e-02
2.156835375746625483e-02
2.760576359513951250e-02
9.140798257266901095e-01
9.959347597359595738e-01
9.608926301319735686e-01
4.312003583139109066e-03
3.385732118134838348e-02
6.648192958863901048e-01
8.876000137409278956e-01
9.974268870819670285e-01
9.956112171057247551e-01
5.344638421332720268e-01
5.267022621413437744e-03
5.248068256801933715e-03
3.433873167873588428e-02
1.083923056876217733e-01
8.717116898679448944e-01
4.848516111769416992e-01
3.329554263913598634e-03
4.938829614898106006e-03
7.580255303467442474e-02
1.636684479123260427e-01
3.481006743663790648e-02
0.000000000000000000e+00
1.438692683899334612e-03
5.669502684399348701e-03
2.282112349770170495e-02
3.315551078051262590e-02
9.649967680652515867e-01
9.989338978056968577e-01
9.998267205091326826e-01
1.999667834477760874e-03
3.564839775128822441e-02
5.365253759877317008e-02
8.408592550515939790e-01
9.880211693259619565e-01
1.000000000000000000e+00
1.000000000000000000e+00
4.753763714729712306e-03
1.383340691471036075e-03
2.924631066197833779e-02
4.085232322864500165e-02
4.036241487856436772e-01
7.976265960357389329e-01
7.598750459551829872e-02
1.805937204914895289e-02
1.282096740285286474e-01
1.501799421634605891e-01
7.130887858175011251e-02
1.499380008408462105e-03
1.721198266275520208e-02
1.052612886565717498e-01
2.061440733136021830e-01
2.238075559016698413e-01
9.775026958876751326e-01
1.000000000000000000e+00
9.957239511253677122e-01
1.231430750592762144e-03
6.044105016617815768e-03
2.257719679123843318e-02
2.761549845315685037e-01
9.776655614359612834e-01
1.000000000000000000e+00
1.000000000000000000e+00
3.290787240732753055e-03
5.875260145713629952e-04
3.064747569311781009e-02
3.590915231963946741e-02
3.035299550759946730e-01
8.708570642157154040e-01
7.548921196833964231e-01
3.462271249696324132e-02
6.233013140066570590e-02
1.743404313139194362e-01
2.297566269274055328e-01
1.445117737123302604e-01
8.990635526751420414e-01
9.783658344019595665e-01
9.705193913704016628e-01
9.387011018713977695e-01
9.410065106398730617e-01
9.999113044388927563e-01
9.970832733329867414e-01
1.100256713145495542e-03
0.000000000000000000e+00
0.000000000000000000e+00
4.513019683883797567e-02
9.743321478466735464e-01
9.982116152437153778e-01
9.999165147547319776e-01
1.182052213936251109e-02
7.396684468068594892e-03
1.977430082330002697e-02
3.016557977769215165e-02
2.653129244306012269e-01
4.586144637683722269e-01
1.381872484731314632e-01
1.108895083817592470e-02
2.628338477153906866e-02
1.275459549183256547e-01
6.892133957936200650e-01
9.543412382951166339e-01
9.673306883910934850e-01
9.659541622543217354e-01
9.351440918559772442e-01
8.859719564680421655e-01
9.202271559110037913e-01
9.986801719862227200e-01
9.912775238288002999e-01
2.478877933074630918e-02
0.000000000000000000e+00
4.028998976827683626e-04
2.807275439226453867e-02
8.085292484384588585e-01
9.953764197103611711e-01
1.000000000000000000e+00
6.249239439702160281e-03
6.313255015726132457e-03
1.192146230563019375e-02
2.743401292166739239e-02
1.852027492968966876e-02
8.579554221458719071e-03
2.825215428208176227e-02
1.547751638603894753e-02
1.969332501836402322e-02
4.966482269441419017e-02
8.137678794066536270e-01
9.898099034221460313e-01
9.673864675604266772e-01
9.046649949651957012e-01
9.019432542812393372e-01
7.907770191611217525e-01
8.856954050088855501e-01
9.904367513913541199e-01
9.881151440127046159e-01
9.466020443930815986e-01
4.913012657760976133e-04
0.000000000000000000e+00
2.852589462361159248e-02
6.838638935616334069e-02
9.670310624372934205e-01
9.710526655567817134e-01
1.420943260192556595e-02
5.197078018260697582e-03
6.470080082452506209e-03
1.390624381382038650e-02
3.406704789503565978e-02
0.000000000000000000e+00
3.823028333152213732e-03
6.782689383965360974e-03
4.466875007393633808e-03
2.061527776026908162e-02
6.387376135045177428e-01
9.847708776961894284e-01
9.514315737170320197e-01
9.023937442456408942e-01
7.233131526387246435e-01
1.489963978919943421e-01
5.874831899527619417e-01
9.881953113337587080e-01
9.934954979597796498e-01
9.926517780511388001e-01
9.446649460947538490e-03
7.282436475517891326e-03
3.376131843124332427e-02
0.000000000000000000e+00
4.038099487495595830e-02
2.978263088569704231e-01
1.762041281717603713e-02
2.377023446947921191e-03
4.840490885628181278e-03
1.176581462397248423e-02
1.525598017425688034e-02
0.000000000000000000e+00
2.655076179856851772e-03
1.062899392177798705e-02
6.026388864459633794e-03
1.870777493182058243e-02
1.292087382179071264e-01
9.413434813611670782e-01
9.237039857018483069e-01
9.424148672282662842e-01
7.749489833191163246e-01
1.186236838184144826e-01
9.957001472309462420e-02
9.769306504273491676e-01
9.749791292998453152e-01
7.930320606107267301e-01
2.713216478578635293e-02
1.924348041064881387e-02
7.426877652714822253e-02
6.705061301260260669e-03
5.953904787192552126e-04
0.000000000000000000e+00
1.806883322805662856e-02
9.686847984048095606e-02
7.487565151453395851e-02
5.575570218922347443e-03
3.277559769023852178e-03
1.007394130211314125e-02
2.524497528148564492e-03
1.382687642431841210e-02
4.322614292437371858e-02
5.253587078287783735e-02
4.210675471541357184e-02
5.864896681910484189e-01
9.386238472484609296e-01
8.984757716377583803e-01
7.176521227551913018e-01
1.661456447252231960e-01
8.026169575733177464e-02
1.219198563999783769e-01
4.667801643358673869e-02
1.454324591213981529e-04
2.073501897557837592e-02
4.505340636434623791e-02
9.320841240936994510e-02
1.671451061367939736e-02
9.352897381393849652e-04
1.236339704970814725e-03
2.899727454272192986e-02
4.370083041816808511e-01
9.097487272919541068e-01
2.447481676262345390e-02
0.000000000000000000e+00
1.529969224990336205e-02
5.855316497107466989e-02
6.480636881742756206e-01
2.098003695308327532e-01
2.638833350271133776e-02
8.789010933198579054e-03
5.752529849682125329e-02
4.399180002914604981e-01
9.340772762376297056e-01
7.731718999822364546e-01
1.912304044536067837e-01
4.254968953623375350e-02
3.295745565823240963e-02
0.000000000000000000e+00
9.282632705761916653e-03
1.259035487523257543e-02
2.711177262022574502e-02
3.816231657306197456e-02
9.127640524876990194e-03
0.000000000000000000e+00
1.059336765699818352e-03
2.635057130890687202e-02
3.033449184368439688e-01
7.750512535108273759e-01
1.253851110035447865e-02
0.000000000000000000e+00
6.634346679481571002e-03
1.656378633975466586e-01
9.809577781573393107e-01
4.082290771972311716e-01
3.398514872924370683e-02
4.391043926202325628e-03
1.164644827727469995e-02
5.009687967614041837e-02
8.775969014278502955e-01
9.374845135362070980e-01
8.553092169858964589e-01
6.370840769971480855e-02
1.915684341826140447e-02
8.734031020550762220e-03
7.758118901216623509e-03
5.114796504138816209e-03
2.951033628914766227e-02
2.165224794310234568e-02
6.575766715170031085e-03
0.000000000000000000e+00
0.000000000000000000e+00
1.016910895518016202e-02
4.668590120440853086e-01
2.166744178660768294e-01
1.207366289399139023e-02
0.000000000000000000e+00
0.000000000000000000e+00
1.925929767722504016e-01
9.839117594124446864e-01
2.765719072099246389e-01
2.213912680991443616e-02
1.541385828491434028e-03
0.000000000000000000e+00
7.612524476582773966e-03
2.797063457798500408e-01
9.209665219271697678e-01
4.149198112041220798e-01
9.654625391875198970e-01
7.241083849029370523e-01
1.135599917710162082e-01
1.478955291040273158e-02
1.513472038091942529e-02
2.427734687320819845e-02
3.324584510383862823e-02
6.034168234967219636e-03
8.833691446544928924e-03
7.867676024359136766e-03
8.167324618233706701e-02
8.756304573089934706e-01
2.209760040575231010e-01
3.549480795187497095e-02
8.564591644117066846e-03
5.645820683993926781e-03
3.527464478605247811e-01
9.896246388608551658e-01
5.011657694579496614e-01
3.735729417747566533e-02
0.000000000000000000e+00
0.000000000000000000e+00
4.081867228582726839e-03
2.517581472096395157e-01
7.850421375852254524e-01
4.129672039340381851e-02
9.092975329919403826e-01
9.505807653590508943e-01
9.229746191753747109e-01
2.209077558711628753e-01
3.262524159204703567e-02
3.589568612752894183e-02
3.508936422591570070e-02
4.339397312953839625e-02
1.994306612137834722e-02
6.917991452138269604e-02
9.481529643352704095e-01
9.380637149653598961e-01
3.436056183246574691e-01
3.552936330467884596e-02
1.021373264466855215e-03
8.075249125349733686e-03
4.664651525946371668e-01
9.809385973201850684e-01
5.142323175055902862e-01
4.770844636706152164e-02
4.961908790408586789e-03
0.000000000000000000e+00
1.554164946564745055e-02
5.383104839236935169e-01
3.151078959253681977e-01
4.690252647682251891e-02
8.447726955993466458e-01
9.481028375790465645e-01
9.594125162901996351e-01
9.777362724778608793e-01
8.392334463941794054e-01
2.649380738264301982e-01
1.006941503468721799e-01
8.015882863273654513e-02
1.413701999683589783e-01
6.618818797079721872e-01
9.561443311162634018e-01
9.512315618897627667e-01
9.139900356416214011e-01
1.446778532061344658e-01
5.277510051189328311e-02
1.628930669582126858e-02
3.235645873605351164e-01
9.524021064198737729e-01
8.928519988456513623e-01
1.729051055714801721e-01
3.457345782655804611e-02
4.634572231287822225e-02
4.979458022639158266e-01
8.923040701870406100e-01
2.012920798893837460e-01
6.384570763159605478e-02
8.325787558476228645e-01
9.523311771893794297e-01
9.666633979933980658e-01
9.845946830310376985e-01
9.991484635296868921e-01
9.346615202107007025e-01
2.418707144585274249e-01
1.089920041146909963e-01
3.203194649080811640e-01
8.764855867855508853e-01
9.619647442329950504e-01
9.701808390419704997e-01
9.645071081713902927e-01
9.131050565527201179e-01
2.296518713029347958e-01
1.044640664336575903e-01
3.835762946477792035e-01
9.113853582246732588e-01
8.890495600894035011e-01
7.799787649766835029e-01
5.649812575512702661e-01
9.475559262476815903e-01
9.205655306078879274e-01
5.663028899361299828e-01
4.072805391809651565e-02
2.746138145753383719e-02
7.082792362280865284e-01
9.368961925423870962e-01
9.789125115632448804e-01
9.884193192055359400e-01
9.971219852687654983e-01
9.355221087754166387e-01
6.829511010772287838e-01
2.069442600767576468e-01
4.991957681438852212e-01
7.256498798739375866e-01
9.187357154748533317e-01
9.573083235414217018e-01
9.371286080545704333e-01
9.217363794546997724e-01
8.353637317012694297e-01
4.935088828114277959e-01
3.665895766171442527e-01
6.543978813760860103e-01
8.177181738012568868e-01
8.118505768969646041e-01
7.820230907823787492e-01
9.278430146813295698e-01
9.306001171698640162e-01
3.128234712715622923e-01
4.870870683843428472e-02
1.436895731619078007e-02
5.527201607377314474e-01
9.409894130916853783e-01
9.771845302507826680e-01
9.889246707099560441e-01
9.944782024434482004e-01
9.200845948671803054e-01
7.405932325615036671e-01
3.652043944246083362e-01
2.781879187027886391e-01
1.924468333817647703e-01
9.372310755038610885e-01
9.026551403234512883e-01
8.773626799390692454e-01
8.585086622557491776e-01
8.179111813279917875e-01
6.977779300841375765e-01
2.223874137602900036e-01
3.782525179427888018e-01
4.665879191341116838e-01
3.486009771623160836e-01
1.788870017284652780e-01
6.272564874698014492e-01
2.694707007189649506e-01
7.078260905195098152e-02
1.557914835583351816e-02
1.141982211730935629e-02
8.700292204282835673e-01
9.825041315934854858e-01
9.864603960781961334e-01
9.990541056450945590e-01
9.288695178509462913e-01
8.825518935480684002e-01
8.580290470392786251e-01
8.000436430499878737e-01
2.084834494413123074e-01
9.272697620006067898e-02
3.702694363622410778e-01
7.148877750299365008e-01
7.509239822355895377e-01
8.896422287869256706e-01
7.499012643205047457e-01
4.048886546666161101e-01
4.155664966186502218e-02
1.901564492615401836e-01
2.876135660081591827e-01
1.969299658259471841e-01
3.873524339284440954e-01
2.854753547010207004e-01
2.755749964953652792e-02
2.891006707701443412e-02
2.251632350987847753e-02
1.635772887477459150e-02
7.776869040635983055e-01
9.709332082366470829e-01
9.869147406674450007e-01
9.483457593778714667e-01
7.672342007737122938e-01
8.555566030707204561e-01
8.319005478870555859e-01
9.054723397755057857e-01
2.520578432232964405e-01
8.775086467364481835e-02
2.312611120550676080e-01
6.911894919712657792e-01
7.525011843599411776e-01
7.735132920953943225e-01
7.036302982572444353e-01
3.522784772313632962e-01
8.366785024590928099e-02
8.657409259580728378e-02
6.043281407543218964e-02
1.777882101733547215e-01
5.390137369169667458e-01
5.426417654102346777e-01
6.395800043923850764e-02
3.174187651734571014e-02
1.261318501703109600e-02
2.504264074201873261e-02
9.028548203802266858e-01
9.655312119256223014e-01
9.813779599911425233e-01
4.105883857390469349e-01
2.928665717281001002e-01
2.870876037885298770e-01
4.791004308934295741e-01
8.749611472867272477e-01
4.952975698670074589e-01
1.782188102720309031e-01
2.333221104114480138e-01
4.226539001233687864e-01
7.232856409020180788e-01
5.976538893433014366e-01
5.783396405815968144e-01
4.523291770072687124e-01
8.220120725606296086e-02
1.599794730501213208e-02
2.484408085479306860e-01
2.127274804894095372e-01
8.353712085147015909e-01
7.271546019684596018e-01
2.484255275275064345e-01
4.612314369911453549e-02
3.102754008510793735e-02
8.898499911148821662e-02
8.957326268950954740e-01
9.727107453457788377e-01
2.413982089374170914e-01
3.952361993780246358e-02
1.337348927445090596e-01
4.901846172337540053e-01
5.451351311526222432e-01
8.755939249420534587e-01
8.824596583604317201e-01
1.652299527508273025e-01
9.052521213406554412e-02
4.054520711480150141e-01
6.280856103225216369e-01
6.716925709521761600e-01
6.619971414970720058e-01
1.801126656393653436e-01
3.528224683430325470e-02
5.797031866462612482e-02
1.938843191708775338e-01
3.243850004774536666e-01
6.066151116929269227e-01
8.240898449853362173e-01
9.476008987630074598e-01
1.130525288008877444e-01
1.806336097383816064e-01
2.308775786461353396e-01
9.475571684066159683e-01
9.167937945524533561e-01
2.731290937159899963e-03
3.614694850081720534e-02
8.525662868958544527e-02
1.472678215429212012e-01
3.989446394654100891e-01
8.536364776242016950e-01
9.546967962649602901e-01
2.363511888310437098e-02
7.940135360591110691e-02
2.197958645110959230e-01
5.278080316378009895e-01
6.491065006655820646e-01
7.609924648755346244e-01
1.587279157658328943e-01
5.598554181555562628e-03
1.107440681702883956e-01
9.572221726232993388e-02
5.717726795225193392e-02
2.529715640028404322e-01
6.572052117443600849e-01
9.409440885767050844e-01
5.569888297167469027e-01
4.284854339849704097e-01
1.769078324284104609e-01
7.762025879277256735e-01
8.872848326541932229e-01
6.021206429889076894e-03
1.821980411805874944e-02
5.088916254365377645e-02
1.201553264035570001e-01
7.457715237538748987e-01
9.003106530294431309e-01
9.426427808174488998e-01
3.610982507375271044e-02
4.884892030458026085e-02
1.668767427763361566e-01
5.520334133064359605e-01
6.675576912909122473e-01
7.689107459795468946e-01
7.273678899966977696e-01
8.184388913250387199e-02
2.853577185390805959e-01
1.330027086843060258e-01
5.794667739560227515e-02
8.213992038351346225e-02
4.450907812834513644e-01
9.338783920478110900e-01
4.080842479963299740e-01
3.931882849714738448e-01
3.205389175230153320e-01
1.359166268337685113e-01
4.779468800153024999e-01
4.129798262535132325e-02
3.115061748518761081e-02
9.376747943998456347e-02
1.283819974292976507e-01
7.785453920222966673e-01
9.232015771470618581e-01
9.524803424419164832e-01
4.104867319645448542e-02
6.525988734934572155e-02
4.713733098066941879e-02
1.601735680356148328e-01
3.744768710820310376e-01
8.763219029442750330e-01
8.820582794745297495e-01
2.787273588007912473e-01
1.803729925112322885e-01
1.205953105150232990e-01
6.665611408247701375e-02
4.817321231474466781e-02
3.539508012966688377e-01
9.709150409382782954e-01
7.518509732128068057e-01
7.382508227377651000e-01
2.269934481756397393e-01
7.492053239627580741e-01
8.456959343226905235e-01
4.583487909542076633e-01
1.416929079592884611e-01
1.537035893918891616e-01
2.138014202648236273e-01
8.244181720789058865e-01
8.521137208334776947e-01
1.326902950526134273e-01
3.718608024861622813e-02
4.967184326521011106e-02
9.133569140304180489e-02
1.331108225681977841e-01
5.912157788100739220e-01
9.282600423528171163e-01
4.241735534118071804e-01
9.863013839420295414e-02
2.763896977359533436e-01
2.548556728915900571e-01
9.099800627847551282e-02
5.258812397330509675e-02
4.531720273072689098e-01
9.672223120537455365e-01
7.404145353861624201e-01
5.944661366356429610e-01
3.005336306381864442e-01
7.765691627675250786e-01
9.108607356322824256e-01
8.236742176954161554e-01
7.084876388064123010e-01
7.728673424274987713e-01
5.467479456561891160e-01
5.802158422942488292e-01
7.779528616944008101e-01
3.975632194371332001e-02
3.431053013205315194e-02
7.257104472421213592e-02
8.423350948953070572e-02
1.321538187614653415e-01
7.755543622256984015e-01
8.651046304718592594e-01
2.906192555357721072e-02
8.678753066789934856e-02
3.601420108782974472e-01
2.914013163321220179e-01
1.235027010487932536e-01
1.244974696119643259e-01
5.566752444189793092e-01
8.168075645244430305e-01
5.720585590118523189e-01
5.316622412071612125e-01
3.709805414156663872e-01
9.378904717770890631e-01
9.822725797936082692e-01
8.117663902947409582e-01
9.069070216383803285e-01
7.833535634603314701e-01
5.231639988006626663e-01
7.550380354261603255e-01
4.869731475533148890e-01
5.544956301568279566e-02
2.111246393419020928e-02
1.030043018935429128e-01
9.202216457427525587e-02
1.378629508678599347e-01
2.072696049374704863e-01
6.659014460983601058e-01
5.433461111195060644e-03
1.345918548130585757e-01
3.275851824260418432e-01
2.679287619061773706e-01
1.849918578414508630e-01
6.996288592440715048e-02
2.343804038760865793e-01
6.870390904038037316e-02
6.005829512981885054e-01
8.656143749690979883e-01
6.221950476342178460e-01
9.500430876344290176e-01
9.487154201191029257e-01
7.556495630985058387e-01
8.054431280660532266e-01
4.507185198048413999e-01
2.188026201896323408e-01
4.681879177397526570e-01
4.823056785402367597e-01
7.456969107424052390e-02
5.856323418357459176e-02
7.954164277992734067e-02
8.501141016788586746e-02
5.561703416075272632e-02
5.515606409749829186e-01
2.833549740050191890e-01
6.430457669568321460e-03
2.655284301042957207e-01
4.903204408640216005e-01
5.003246114802826217e-01
1.676208104772185792e-01
9.485301615120646235e-02
4.449047477197574096e-01
2.881684180493875314e-01
7.669596236708602355e-01
8.401822572143258228e-01
7.465185934889321251e-01
9.545085964405706225e-01
9.233198323003919405e-01
7.744407065520704236e-01
1.118776198966063840e-01
6.749988069499565646e-02
1.754208205302176249e-01
9.088667175834614920e-01
8.444281639906261461e-01
2.341763347158526409e-01
7.439933351459565580e-02
7.992628272852767002e-02
5.446486029925742822e-02
1.313381130891818349e-01
6.094787310686715642e-01
8.374786179247379891e-01
2.323010515642094931e-01
2.091334926656337467e-01
2.529821203198283630e-01
3.464606583685917451e-01
1.123986088352181278e-01
2.575807607672454536e-01
8.195615836597114345e-01
6.313084986014464439e-01
7.452197809756455626e-01
7.314502451699658181e-01
4.736695176907776417e-01
8.813032328391490200e-01
8.798965249471293326e-01
5.305871835188848973e-01
4.453343252192744350e-02
3.985134038610408519e-02
1.016404254359765391e-01
8.043418468972411972e-01
9.554130939361225039e-01
8.702612760661940783e-01
9.102098480811109116e-02
3.638064481740962974e-02
5.479048649531441384e-02
1.844045414857930221e-01
8.331698058402039475e-01
9.910160931659817152e-01
9.580030260401808384e-01
9.600035757355143140e-01
7.364301693552761652e-01
5.868895492987336038e-01
5.964374411302427736e-01
9.236630462013294407e-01
8.860919415213269756e-01
4.617044814398760799e-01
3.645756718008072994e-01
1.256588886032146413e-01
1.526893956279499198e-01
8.956812977932394615e-01
8.901987557416424224e-01
4.892166749690395749e-02
2.180205713017554364e-02
1.393065692902783689e-02
2.472551832451123088e-01
9.043691684569699074e-01
9.846105175913441032e-01
9.784913773600061315e-01
7.829689370787584757e-02
1.367237261974581057e-02
7.045853380727269688e-02
1.820803598351551922e-01
8.407243220564133424e-01
9.761697518609155910e-01
9.887729760344783347e-01
9.355381926075484467e-01
7.426705790761988224e-01
6.805879643508470078e-01
5.330502868571769248e-01
9.347390220849807196e-01
8.541859691913480379e-01
2.835206924184487387e-01
1.956814718069312953e-01
9.547460644451949419e-02
9.965983240217075878e-02
3.690849391502673549e-01
9.614179513038078051e-01
1.510548367030878705e-02
6.941539626252258427e-03
8.683670611759996064e-03
1.141429031769940483e-01
9.191212454432694523e-01
9.898395617855479944e-01
9.978401062747132011e-01
6.399444815112254048e-02
0.000000000000000000e+00
4.402597674256846817e-03
1.099628247577836698e-01
9.096458027299032523e-01
9.772497891745206555e-01
9.786200752207923070e-01
9.430266304036547531e-01
1.720375245772645945e-01
4.282583055844468856e-02
3.787007156106434597e-02
5.428502769801946126e-01
6.792307838414721743e-01
2.156907267311975185e-01
2.433349342492291401e-02
5.029037839134520294e-02
5.161433863959576096e-02
1.009592604638948343e-01
8.552871887607347290e-01
2.640488083300974731e-01
4.811746330933093854e-03
3.124210309743805786e-02
2.767905485977741886e-01
8.047191815603627063e-01
9.876086791261726727e-01
9.912626369740935584e-01
5.552075204067651037e-02
4.816262589275849444e-03
3.804807478899401713e-02
5.395958195690296610e-02
8.539919393636111744e-01
9.401460727406825146e-01
9.803839705729096021e-01
2.801264190695759160e-01
1.639475852613823254e-02
3.002512819231738933e-02
6.024346263077782343e-02
5.514309316175210196e-02
1.329356268113478790e-01
8.982119027327872818e-02
0.000000000000000000e+00
5.173394775732437917e-03
9.164479138912860062e-03
8.518851024233421720e-02
9.005049437455654449e-01
9.243057277737483091e-01
9.572196413925920799e-02
4.561702809490628119e-02
9.411996947527376256e-02
7.643395626046791680e-01
9.402427179617364184e-01
9.861354683060420401e-01
4.463712833488474030e-01
4.239024998730241134e-02
5.676371178335262030e-02
2.382860743493285527e-01
4.234685838235763278e-01
8.326762569855841178e-01
2.065770816775139018e-01
1.360422950606120099e-03
1.260927617157785695e-02
3.911957550372185261e-02
4.963975738262120518e-02
4.730488040267154248e-02
2.149818548798129031e-02
1.944685974875652937e-02
1.016039364649387773e-03
1.314018586007073379e-02
4.478071536139897196e-02
1.081083926098323211e-01
9.725983088137643007e-01
9.646311184665624650e-01
8.759145426105008347e-01
6.161427347184360998e-02
9.588409606308294364e-02
7.344258696921888152e-01
9.554989409122158772e-01
9.652208298867930303e-01
8.941359283598340202e-01
1.030439054850859071e-01
1.347215245610632606e-01
1.258094547691857024e-01
1.302461968009085702e-01
9.141771032801641883e-02
8.833646131384119849e-04
4.459809733544455555e-03
2.053253397060151447e-02
3.398176477075181418e-02
4.327648467474856653e-02
2.271061206553405890e-02
0.000000000000000000e+00
4.685641773575905528e-03
2.383151812017076515e-02
4.304098409155381055e-02
1.151352147844340867e-01
7.450367202517380605e-01
9.625697358469772480e-01
9.657518956604984606e-01
9.027744793705863025e-01
5.751164473972897317e-02
2.472108768133820383e-02
1.155689193109770696e-01
5.423277282698634183e-01
9.308870634349386552e-02
8.268783186219386128e-02
6.427706420244118368e-02
1.009943964118947130e-01
1.816014511340039161e-01
7.589177346319475603e-02
2.283882645093445601e-02
1.187399443752870480e-02
1.494390063600326349e-02
5.304374480325881047e-02
7.106764451769596869e-02
7.346900230362812811e-02
2.344689014321682530e-02
4.455359141915107775e-05
4.422859004961848112e-03
5.188050556720495698e-02
1.420042647909130484e-01
1.696051320985903776e-01
5.429113758671101353e-01
9.386897125055848612e-01
9.564318018977627789e-01
9.285676353886704870e-01
3.646677675058563467e-02
3.880993021539719950e-02
3.756076057833342141e-02
2.244763402844050099e-02
2.258075047989674053e-02
5.049982265673062798e-02
7.742702312584134883e-02
1.378506019655655335e-01
1.657367896907375737e-01
5.854180231190905803e-02
1.973299992983527235e-02
2.261586001930471213e-02
3.019249427803585850e-02
1.584132285744725976e-01
6.769620295806493271e-01
5.811545765551699994e-01
5.410470458260682736e-02
5.935642375601322268e-03
2.006676358981281105e-02
1.295053763188714901e-01
9.000393628996609108e-01
4.969419351349184111e-01
2.459163996887325510e-01
8.380920231872138748e-01
8.136423442283797769e-01
1.455792342113417237e-01
6.815169543416524367e-02
5.939785328521925839e-02
2.764226105775672779e-02
8.601438080763404090e-03
1.238413525110867303e-02
3.206820718399669423e-02
6.577013965188821532e-02
8.441906170798185727e-02
1.161450635370066681e-01
5.005336963536002187e-02
3.675406493300928390e-02
7.729293278244867178e-03
3.104935754965501560e-01
8.750633037197629305e-01
9.466779806875973424e-01
9.623412798484687336e-01
9.793126954654747252e-01
7.820933203263901179e-01
1.697224687638724527e-01
6.971283920527103772e-01
4.145365006339862823e-01
2.890546495975903074e-01
1.991280401931850019e-01
3.121908770750535505e-03
1.270881311281732949e-02
5.383173321640483122e-02
6.877023943947857543e-02
2.062510823290689688e-01
7.351991596245539828e-02
7.311990538292423639e-03
0.000000000000000000e+00
3.221654347040180111e-02
4.302865218033288808e-02
1.159188085585198119e-01
1.720285013915488770e-01
1.087845832050473721e-01
3.076316730039403702e-02
1.131907220883861531e-01
7.777349350983771004e-01
9.793279768596998558e-01
9.793113898734022715e-01
9.718321820605657635e-01
9.949624620968109401e-01
9.471222033271775587e-01
7.839581516412090778e-01
8.028424879326773178e-01
8.023260009723538477e-01
3.649324885567920562e-01
5.635721890830323356e-03
0.000000000000000000e+00
1.137976051573951104e-02
2.697840039592609013e-02
8.451006253164408677e-02
7.849492186733201260e-01
7.074281188247524277e-01
2.038731302622678182e-02
4.825879619890781000e-03
3.457980318779232953e-02
1.133120407654366613e-01
1.483657403183895884e-01
6.203189394801552625e-01
6.865175897615706235e-01
1.520130760532344971e-01
3.641705115282943828e-01
8.624392013215560482e-01
9.526438579202508583e-01
9.644858022007711806e-01
9.749252159976936616e-01
9.948110372293004211e-01
9.763984159294092358e-01
9.172291877779639169e-01
8.984229040193361104e-01
4.759488518752732489e-01
1.649028843805485089e-01
6.490909603810864591e-03
1.619002763605215545e-03
1.558660780016948681e-02
3.450338922450434109e-02
1.102875529278578848e-01
9.307210330124726649e-01
9.431464549382155838e-01
1.502307568726973519e-01
4.409176550472159589e-02
7.594355600884881985e-02
3.485859421722490303e-01
6.768642887272243724e-01
8.149511127423774148e-01
8.446047519696624484e-01
2.967500918684494726e-01
5.485935593294655188e-01
8.784955532742191320e-01
9.279481958334907521e-01
9.650246804788200627e-01
9.811740250161109511e-01
9.874786200250955659e-01
1.000000000000000000e+00
9.041219836036764601e-01
8.528732025095310254e-01
5.691454780304561201e-01
1.183767273434082334e-01
8.466943133691240408e-02
5.739690445421352649e-02
1.285355841814996847e-01
1.767877185682203978e-01
4.851385432925988672e-01
9.576554639774523814e-01
9.496781121661562741e-01
7.174763614705438330e-01
2.327201356571285129e-01
3.598899623033310347e-01
5.744037016443768184e-01
9.106593179930532189e-01
9.472586710323062098e-01
9.529106146816341827e-01
9.465914712711258616e-01
9.639310984835224305e-01
9.289607782491660082e-01
8.943094882239479571e-01
9.455369400171284022e-01
9.701082380555881013e-01
9.954449338980108086e-01
9.918149308972550315e-01
9.687851107891312097e-01
8.116399914259244674e-01
6.562031062592186270e-01
2.883154176673112801e-01
7.570933849704254426e-01
8.846820491577085388e-01
9.157087568213984063e-01
9.043682765857343764e-01
8.781926100101865584e-01
9.504511802950442734e-01
8.818873664120396860e-01
4.436218746397435075e-01
7.313882646590839087e-01
8.349194701065528745e-01
9.373031367058837215e-01
9.598043516597782876e-01
9.791660480355448559e-01
9.818212351843089714e-01
9.812110626581899142e-01
8.397151713680413021e-01
9.214263508574935813e-01
9.393817973635871788e-01
9.353760204372583154e-01
9.618846244131720180e-01
9.795771598473437258e-01
9.892107773084428679e-01
9.763484204863408511e-01
8.682499745866882890e-01
5.905163651249722978e-01
2.893112746613748509e-01
9.726171876517548665e-01
9.326549046561218859e-01
9.540452214852332968e-01
9.829291439773226724e-01
9.971507154626488845e-01
9.732684634165609250e-01
8.606132457542838843e-01
1.449967493231408416e-02
7.581167031628363029e-01
9.127879358538188992e-01
9.816881002268604828e-01
9.580439217778846661e-01
9.686734783419945760e-01
9.516888235794870310e-01
9.949884118845246928e-01
2.698726708472365399e-01
6.192636799596732411e-01
9.103497473201005441e-01
9.644892131283953063e-01
9.513445961241939752e-01
9.791890757974677229e-01
9.328399199608364833e-01
8.155534579713035193e-01
4.915352124833718417e-01
4.427800320140938828e-01
1.547248868654353404e-01
8.539694432015081382e-01
9.983704241090292086e-01
1.000000000000000000e+00
9.956929367005735720e-01
9.892721117413549869e-01
9.870267948076703046e-01
8.269871113286237918e-01
1.026874307964969618e-01
6.189043933984956780e-01
8.342706180578225439e-01
9.450129493388472746e-01
9.700398958695420903e-01
9.344036919941287600e-01
9.660529355625162573e-01
2.841133644239650646e-01
8.106858488406627414e-03
2.292802683033735509e-02
6.314439764187298465e-01
9.559451345134759581e-01
9.554996728439093534e-01
9.481971021604418404e-01
6.536411342526915469e-01
1.085876242365891586e-01
8.327442622976143072e-02
7.005676679226149894e-02
9.844652632008007997e-02
6.899026203328715301e-01
9.987459780425647082e-01
1.000000000000000000e+00
1.000000000000000000e+00
9.991818351368200180e-01
9.835613725798957319e-01
8.775625305202587878e-01
2.145008142796563932e-01
2.736237118697076864e-01
7.991363347840034770e-01
9.576577120523293019e-01
9.340711332867639438e-01
9.612669702749508938e-01
9.543279980073973157e-01
1.051597927696370088e-01
9.065372954269153641e-03
2.183859031495412328e-02
4.116794391128447694e-02
7.384334438621658059e-01
9.698786323078908422e-01
7.635937439194127041e-01
9.340277390003901004e-02
5.657452894066222412e-03
2.260849925659404180e-02
6.855229815266655757e-02
1.844978141976352237e-01
5.431157236508722397e-01
1.000000000000000000e+00
1.000000000000000000e+00
1.000000000000000000e+00
9.970769391826714845e-01
9.928351790990547210e-01
8.864629548273320614e-01
2.220559091533398366e-01
3.586748232498814248e-01
8.680988801675085798e-01
9.581098507526319974e-01
9.170601513132152771e-01
9.667341043090170727e-01
9.286662072473108598e-01
4.462761029549277420e-02
1.250169668120994703e-03
1.611684576726089141e-02
9.691237397926589364e-03
4.770444723638204709e-01
8.427755143119836090e-01
7.517092154795028680e-01
3.499480141146038559e-02
2.091096167801092219e-03
2.279664442456636256e-02
4.259399105650222422e-02
4.937727242575358222e-01
6.899026203328715301e-01
9.987459780425647082e-01
1.000000000000000000e+00
1.000000000000000000e+00
9.991818351368200180e-01
9.835613725798957319e-01
8.775625305202587878e-01
2.145008142796563932e-01
2.736237118697076864e-01
7.991363347840034770e-01
9.576577120523293019e-01
9.340711332867639438e-01
9.612669702749508938e-01
9.543279980073973157e-01
1.051597927696370088e-01
9.065372954269153641e-03
2.183859031495412328e-02
4.116794391128447694e-02
7.384334438621658059e-01
9.698786323078908422e-01
7.635937439194127041e-01
9.340277390003901004e-02
5.657452894066222412e-03
2.260849925659404180e-02
6.855229815266655757e-02
1.844978141976352237e-01
8.539694432015081382e-01
9.983704241090292086e-01
1.000000000000000000e+00
9.956929367005735720e-01
9.892721117413549869e-01
9.870267948076703046e-01
8.269871113286237918e-01
1.026874307964969618e-01
6.189043933984956780e-01
8.342706180578225439e-01
9.450129493388472746e-01
9.700398958695420903e-01
9.344036919941287600e-01
9.660529355625162573e-01
2.841133644239650646e-01
8.106858488406627414e-03
2.292802683033735509e-02
6.314439764187298465e-01
9.559451345134759581e-01
9.554996728439093534e-01
9.481971021604418404e-01
6.536411342526915469e-01
1.085876242365891586e-01
8.327442622976143072e-02
7.005676679226149894e-02
9.844652632008007997e-02
9.726171876517548665e-01
9.326549046561218859e-01
9.540452214852332968e-01
9.829291439773226724e-01
9.971507154626488845e-01
9.732684634165609250e-01
8.606132457542838843e-01
1.449967493231408416e-02
7.581167031628363029e-01
9.127879358538188992e-01
9.816881002268604828e-01
9.580439217778846661e-01
9.686734783419945760e-01
9.516888235794870310e-01
9.949884118845246928e-01
2.698726708472365399e-01
6.192636799596732411e-01
9.103497473201005441e-01
9.644892131283953063e-01
9.513445961241939752e-01
9.791890757974677229e-01
9.328399199608364833e-01
8.155534579713035193e-01
4.915352124833718417e-01
4.427800320140938828e-01
1.547248868654353404e-01
7.570933849704254426e-01
8.846820491577085388e-01
9.157087568213984063e-01
9.043682765857343764e-01
8.781926100101865584e-01
9.504511802950442734e-01
8.818873664120396860e-01
4.436218746397435075e-01
7.313882646590839087e-01
8.349194701065528745e-01
9.373031367058837215e-01
9.598043516597782876e-01
9.791660480355448559e-01
9.818212351843089714e-01
9.812110626581899142e-01
8.397151713680413021e-01
9.214263508574935813e-01
9.393817973635871788e-01
9.353760204372583154e-01
9.618846244131720180e-01
9.795771598473437258e-01
9.892107773084428679e-01
9.763484204863408511e-01
8.682499745866882890e-01
5.905163651249722978e-01
2.893112746613748509e-01
8.466943133691240408e-02
5.739690445421352649e-02
1.285355841814996847e-01
1.767877185682203978e-01
4.851385432925988672e-01
9.576554639774523814e-01
9.496781121661562741e-01
7.174763614705438330e-01
2.327201356571285129e-01
3.598899623033310347e-01
5.744037016443768184e-01
9.106593179930532189e-01
9.472586710323062098e-01
9.529106146816341827e-01
9.465914712711258616e-01
9.639310984835224305e-01
9.289607782491660082e-01
8.943094882239479571e-01
9.455369400171284022e-01
9.701082380555881013e-01
9.954449338980108086e-01
9.918149308972550315e-01
9.687851107891312097e-01
8.116399914259244674e-01
6.562031062592186270e-01
2.883154176673112801e-01
6.490909603810864591e-03
1.619002763605215545e-03
1.558660780016948681e-02
3.450338922450434109e-02
1.102875529278578848e-01
9.307210330124726649e-01
9.431464549382155838e-01
1.502307568726973519e-01
4.409176550472159589e-02
7.594355600884881985e-02
3.485859421722490303e-01
6.768642887272243724e-01
8.149511127423774148e-01
8.446047519696624484e-01
2.967500918684494726e-01
5.485935593294655188e-01
8.784955532742191320e-01
9.279481958334907521e-01
9.650246804788200627e-01
9.811740250161109511e-01
9.874786200250955659e-01
1.000000000000000000e+00
9.041219836036764601e-01
8.528732025095310254e-01
5.691454780304561201e-01
1.183767273434082334e-01
5.635721890830323356e-03
0.000000000000000000e+00
1.137976051573951104e-02
2.697840039592609013e-02
8.451006253164408677e-02
7.849492186733201260e-01
7.074281188247524277e-01
2.038731302622678182e-02
4.825879619890781000e-03
3.457980318779232953e-02
1.133120407654366613e-01
1.483657403183895884e-01
6.203189394801552625e-01
6.865175897615706235e-01
1.520130760532344971e-01
3.641705115282943828e-01
8.624392013215560482e-01
9.526438579202508583e-01
9.644858022007711806e-01
9.749252159976936616e-01
9.948110372293004211e-01
9.763984159294092358e-01
9.172291877779639169e-01
8.984229040193361104e-01
4.759488518752732489e-01
1.649028843805485089e-01
1.991280401931850019e-01
3.121908770750535505e-03
1.270881311281732949e-02
5.383173321640483122e-02
6.877023943947857543e-02
2.062510823290689688e-01
7.351991596245539828e-02
7.311990538292423639e-03
0.000000000000000000e+00
3.221654347040180111e-02
4.302865218033288808e-02
1.159188085585198119e-01
1.720285013915488770e-01
1.087845832050473721e-01
3.076316730039403702e-02
1.131907220883861531e-01
7.777349350983771004e-01
9.793279768596998558e-01
9.793113898734022715e-01
9.718321820605657635e-01
9.949624620968109401e-01
9.471222033271775587e-01
7.839581516412090778e-01
8.028424879326773178e-01
8.023260009723538477e-01
3.649324885567920562e-01
2.459163996887325510e-01
8.380920231872138748e-01
8.136423442283797769e-01
1.455792342113417237e-01
6.815169543416524367e-02
5.939785328521925839e-02
2.764226105775672779e-02
8.601438080763404090e-03
1.238413525110867303e-02
3.206820718399669423e-02
6.577013965188821532e-02
8.441906170798185727e-02
1.161450635370066681e-01
5.005336963536002187e-02
3.675406493300928390e-02
7.729293278244867178e-03
3.104935754965501560e-01
8.750633037197629305e-01
9.466779806875973424e-01
9.623412798484687336e-01
9.793126954654747252e-01
7.820933203263901179e-01
1.697224687638724527e-01
6.971283920527103772e-01
4.145365006339862823e-01
2.890546495975903074e-01
5.429113758671101353e-01
9.386897125055848612e-01
9.564318018977627789e-01
9.285676353886704870e-01
3.646677675058563467e-02
3.880993021539719950e-02
3.756076057833342141e-02
2.244763402844050099e-02
2.258075047989674053e-02
5.049982265673062798e-02
7.742702312584134883e-02
1.378506019655655335e-01
1.657367896907375737e-01
5.854180231190905803e-02
1.973299992983527235e-02
2.261586001930471213e-02
3.019249427803585850e-02
1.584132285744725976e-01
6.769620295806493271e-01
5.811545765551699994e-01
5.410470458260682736e-02
5.935642375601322268e-03
2.006676358981281105e-02
1.295053763188714901e-01
9.000393628996609108e-01
4.969419351349184111e-01
7.450367202517380605e-01
9.625697358469772480e-01
9.657518956604984606e-01
9.027744793705863025e-01
5.751164473972897317e-02
2.472108768133820383e-02
1.155689193109770696e-01
5.423277282698634183e-01
9.308870634349386552e-02
8.268783186219386128e-02
6.427706420244118368e-02
1.009943964118947130e-01
1.816014511340039161e-01
7.589177346319475603e-02
2.283882645093445601e-02
1.187399443752870480e-02
1.494390063600326349e-02
5.304374480325881047e-02
7.106764451769596869e-02
7.346900230362812811e-02
2.344689014321682530e-02
4.455359141915107775e-05
4.422859004961848112e-03
5.188050556720495698e-02
1.420042647909130484e-01
1.696051320985903776e-01
1.081083926098323211e-01
9.725983088137643007e-01
9.646311184665624650e-01
8.759145426105008347e-01
6.161427347184360998e-02
9.588409606308294364e-02
7.344258696921888152e-01
9.554989409122158772e-01
9.652208298867930303e-01
8.941359283598340202e-01
1.030439054850859071e-01
1.347215245610632606e-01
1.258094547691857024e-01
1.302461968009085702e-01
9.141771032801641883e-02
8.833646131384119849e-04
4.459809733544455555e-03
2.053253397060151447e-02
3.398176477075181418e-02
4.327648467474856653e-02
2.271061206553405890e-02
0.000000000000000000e+00
4.685641773575905528e-03
2.383151812017076515e-02
4.304098409155381055e-02
1.151352147844340867e-01
8.518851024233421720e-02
9.005049437455654449e-01
9.243057277737483091e-01
9.572196413925920799e-02
4.561702809490628119e-02
9.411996947527376256e-02
7.643395626046791680e-01
9.402427179617364184e-01
9.861354683060420401e-01
4.463712833488474030e-01
4.239024998730241134e-02
5.676371178335262030e-02
2.382860743493285527e-01
4.234685838235763278e-01
8.326762569855841178e-01
2.065770816775139018e-01
1.360422950606120099e-03
1.260927617157785695e-02
3.911957550372185261e-02
4.963975738262120518e-02
4.730488040267154248e-02
2.149818548798129031e-02
1.944685974875652937e-02
1.016039364649387773e-03
1.314018586007073379e-02
4.478071536139897196e-02
1.009592604638948343e-01
8.552871887607347290e-01
2.640488083300974731e-01
4.811746330933093854e-03
3.124210309743805786e-02
2.767905485977741886e-01
8.047191815603627063e-01
9.876086791261726727e-01
9.912626369740935584e-01
5.552075204067651037e-02
4.816262589275849444e-03
3.804807478899401713e-02
5.395958195690296610e-02
8.539919393636111744e-01
9.401460727406825146e-01
9.803839705729096021e-01
2.801264190695759160e-01
1.639475852613823254e-02
3.002512819231738933e-02
6.024346263077782343e-02
5.514309316175210196e-02
1.329356268113478790e-01
8.982119027327872818e-02
0.000000000000000000e+00
5.173394775732437917e-03
9.164479138912860062e-03
3.690849391502673549e-01
9.614179513038078051e-01
1.510548367030878705e-02
6.941539626252258427e-03
8.683670611759996064e-03
1.141429031769940483e-01
9.191212454432694523e-01
9.898395617855479944e-01
9.978401062747132011e-01
6.399444815112254048e-02
0.000000000000000000e+00
4.402597674256846817e-03
1.099628247577836698e-01
9.096458027299032523e-01
9.772497891745206555e-01
9.786200752207923070e-01
9.430266304036547531e-01
1.720375245772645945e-01
4.282583055844468856e-02
3.787007156106434597e-02
5.428502769801946126e-01
6.792307838414721743e-01
2.156907267311975185e-01
2.433349342492291401e-02
5.029037839134520294e-02
5.161433863959576096e-02
8.956812977932394615e-01
8.901987557416424224e-01
4.892166749690395749e-02
2.180205713017554364e-02
1.393065692902783689e-02
2.472551832451123088e-01
9.043691684569699074e-01
9.846105175913441032e-01
9.784913773600061315e-01
7.829689370787584757e-02
1.367237261974581057e-02
7.045853380727269688e-02
1.820803598351551922e-01
8.407243220564133424e-01
9.761697518609155910e-01
9.887729760344783347e-01
9.355381926075484467e-01
7.426705790761988224e-01
6.805879643508470078e-01
5.330502868571769248e-01
9.347390220849807196e-01
8.541859691913480379e-01
2.835206924184487387e-01
1.956814718069312953e-01
9.547460644451949419e-02
9.965983240217075878e-02
8.813032328391490200e-01
8.798965249471293326e-01
5.305871835188848973e-01
4.453343252192744350e-02
3.985134038610408519e-02
1.016404254359765391e-01
8.043418468972411972e-01
9.554130939361225039e-01
8.702612760661940783e-01
9.102098480811109116e-02
3.638064481740962974e-02
5.479048649531441384e-02
1.844045414857930221e-01
8.331698058402039475e-01
9.910160931659817152e-01
9.580030260401808384e-01
9.600035757355143140e-01
7.364301693552761652e-01
5.868895492987336038e-01
5.964374411302427736e-01
9.236630462013294407e-01
8.860919415213269756e-01
4.617044814398760799e-01
3.645756718008072994e-01
1.256588886032146413e-01
1.526893956279499198e-01
9.545085964405706225e-01
9.233198323003919405e-01
7.744407065520704236e-01
1.118776198966063840e-01
6.749988069499565646e-02
1.754208205302176249e-01
9.088667175834614920e-01
8.444281639906261461e-01
2.341763347158526409e-01
7.439933351459565580e-02
7.992628272852767002e-02
5.446486029925742822e-02
1.313381130891818349e-01
6.094787310686715642e-01
8.374786179247379891e-01
2.323010515642094931e-01
2.091334926656337467e-01
2.529821203198283630e-01
3.464606583685917451e-01
1.123986088352181278e-01
2.575807607672454536e-01
8.195615836597114345e-01
6.313084986014464439e-01
7.452197809756455626e-01
7.314502451699658181e-01
4.736695176907776417e-01
9.500430876344290176e-01
9.487154201191029257e-01
7.556495630985058387e-01
8.054431280660532266e-01
4.507185198048413999e-01
2.188026201896323408e-01
4.681879177397526570e-01
4.823056785402367597e-01
7.456969107424052390e-02
5.856323418357459176e-02
7.954164277992734067e-02
8.501141016788586746e-02
5.561703416075272632e-02
5.515606409749829186e-01
2.833549740050191890e-01
6.430457669568321460e-03
2.655284301042957207e-01
4.903204408640216005e-01
5.003246114802826217e-01
1.676208104772185792e-01
9.485301615120646235e-02
4.449047477197574096e-01
2.881684180493875314e-01
7.669596236708602355e-01
8.401822572143258228e-01
7.465185934889321251e-01
9.378904717770890631e-01
9.822725797936082692e-01
8.117663902947409582e-01
9.069070216383803285e-01
7.833535634603314701e-01
5.231639988006626663e-01
7.550380354261603255e-01
4.869731475533148890e-01
5.544956301568279566e-02
2.111246393419020928e-02
1.030043018935429128e-01
9.202216457427525587e-02
1.378629508678599347e-01
2.072696049374704863e-01
6.659014460983601058e-01
5.433461111195060644e-03
1.345918548130585757e-01
3.275851824260418432e-01
2.679287619061773706e-01
1.849918578414508630e-01
6.996288592440715048e-02
2.343804038760865793e-01
6.870390904038037316e-02
6.005829512981885054e-01
8.656143749690979883e-01
6.221950476342178460e-01
7.765691627675250786e-01
9.108607356322824256e-01
8.236742176954161554e-01
7.084876388064123010e-01
7.728673424274987713e-01
5.467479456561891160e-01
5.802158422942488292e-01
7.779528616944008101e-01
3.975632194371332001e-02
3.431053013205315194e-02
7.257104472421213592e-02
8.423350948953070572e-02
1.321538187614653415e-01
7.755543622256984015e-01
8.651046304718592594e-01
2.906192555357721072e-02
8.678753066789934856e-02
3.601420108782974472e-01
2.914013163321220179e-01
1.235027010487932536e-01
1.244974696119643259e-01
5.566752444189793092e-01
8.168075645244430305e-01
5.720585590118523189e-01
5.316622412071612125e-01
3.709805414156663872e-01
7.492053239627580741e-01
8.456959343226905235e-01
4.583487909542076633e-01
1.416929079592884611e-01
1.537035893918891616e-01
2.138014202648236273e-01
8.244181720789058865e-01
8.521137208334776947e-01
1.326902950526134273e-01
3.718608024861622813e-02
4.967184326521011106e-02
9.133569140304180489e-02
1.331108225681977841e-01
5.912157788100739220e-01
9.282600423528171163e-01
4.241735534118071804e-01
9.863013839420295414e-02
2.763896977359533436e-01
2.548556728915900571e-01
9.099800627847551282e-02
5.258812397330509675e-02
4.531720273072689098e-01
9.672223120537455365e-01
7.404145353861624201e-01
5.944661366356429610e-01
3.005336306381864442e-01
1.359166268337685113e-01
4.779468800153024999e-01
4.129798262535132325e-02
3.115061748518761081e-02
9.376747943998456347e-02
1.283819974292976507e-01
7.785453920222966673e-01
9.232015771470618581e-01
9.524803424419164832e-01
4.104867319645448542e-02
6.525988734934572155e-02
4.713733098066941879e-02
1.601735680356148328e-01
3.744768710820310376e-01
8.763219029442750330e-01
8.820582794745297495e-01
2.787273588007912473e-01
1.803729925112322885e-01
1.205953105150232990e-01
6.665611408247701375e-02
4.817321231474466781e-02
3.539508012966688377e-01
9.709150409382782954e-01
7.518509732128068057e-01
7.382508227377651000e-01
2.269934481756397393e-01
7.762025879277256735e-01
8.872848326541932229e-01
6.021206429889076894e-03
1.821980411805874944e-02
5.088916254365377645e-02
1.201553264035570001e-01
7.457715237538748987e-01
9.003106530294431309e-01
9.426427808174488998e-01
3.610982507375271044e-02
4.884892030458026085e-02
1.668767427763361566e-01
5.520334133064359605e-01
6.675576912909122473e-01
7.689107459795468946e-01
7.273678899966977696e-01
8.184388913250387199e-02
2.853577185390805959e-01
1.330027086843060258e-01
5.794667739560227515e-02
8.213992038351346225e-02
4.450907812834513644e-01
9.338783920478110900e-01
4.080842479963299740e-01
3.931882849714738448e-01
3.205389175230153320e-01
9.475571684066159683e-01
9.167937945524533561e-01
2.731290937159899963e-03
3.614694850081720534e-02
8.525662868958544527e-02
1.472678215429212012e-01
3.989446394654100891e-01
8.536364776242016950e-01
9.546967962649602901e-01
2.363511888310437098e-02
7.940135360591110691e-02
2.197958645110959230e-01
5.278080316378009895e-01
6.491065006655820646e-01
7.609924648755346244e-01
1.587279157658328943e-01
5.598554181555562628e-03
1.107440681702883956e-01
9.572221726232993388e-02
5.717726795225193392e-02
2.529715640028404322e-01
6.572052117443600849e-01
9.409440885767050844e-01
5.569888297167469027e-01
4.284854339849704097e-01
1.769078324284104609e-01
8.957326268950954740e-01
9.727107453457788377e-01
2.413982089374170914e-01
3.952361993780246358e-02
1.337348927445090596e-01
4.901846172337540053e-01
5.451351311526222432e-01
8.755939249420534587e-01
8.824596583604317201e-01
1.652299527508273025e-01
9.052521213406554412e-02
4.054520711480150141e-01
6.280856103225216369e-01
6.716925709521761600e-01
6.619971414970720058e-01
1.801126656393653436e-01
3.528224683430325470e-02
5.797031866462612482e-02
1.938843191708775338e-01
3.243850004774536666e-01
6.066151116929269227e-01
8.240898449853362173e-01
9.476008987630074598e-01
1.130525288008877444e-01
1.806336097383816064e-01
2.308775786461353396e-01
9.028548203802266858e-01
9.655312119256223014e-01
9.813779599911425233e-01
4.105883857390469349e-01
2.928665717281001002e-01
2.870876037885298770e-01
4.791004308934295741e-01
8.749611472867272477e-01
4.952975698670074589e-01
1.782188102720309031e-01
2.333221104114480138e-01
4.226539001233687864e-01
7.232856409020180788e-01
5.976538893433014366e-01
5.783396405815968144e-01
4.523291770072687124e-01
8.220120725606296086e-02
1.599794730501213208e-02
2.484408085479306860e-01
2.127274804894095372e-01
8.353712085147015909e-01
7.271546019684596018e-01
2.484255275275064345e-01
4.612314369911453549e-02
3.102754008510793735e-02
8.898499911148821662e-02
7.776869040635983055e-01
9.709332082366470829e-01
9.869147406674450007e-01
9.483457593778714667e-01
7.672342007737122938e-01
8.555566030707204561e-01
8.319005478870555859e-01
9.054723397755057857e-01
2.520578432232964405e-01
8.775086467364481835e-02
2.312611120550676080e-01
6.911894919712657792e-01
7.525011843599411776e-01
7.735132920953943225e-01
7.036302982572444353e-01
3.522784772313632962e-01
8.366785024590928099e-02
8.657409259580728378e-02
6.043281407543218964e-02
1.777882101733547215e-01
5.390137369169667458e-01
5.426417654102346777e-01
6.395800043923850764e-02
3.174187651734571014e-02
1.261318501703109600e-02
2.504264074201873261e-02
8.700292204282835673e-01
9.825041315934854858e-01
9.864603960781961334e-01
9.990541056450945590e-01
9.288695178509462913e-01
8.825518935480684002e-01
8.580290470392786251e-01
8.000436430499878737e-01
2.084834494413123074e-01
9.272697620006067898e-02
3.702694363622410778e-01
7.148877750299365008e-01
7.509239822355895377e-01
8.896422287869256706e-01
7.499012643205047457e-01
4.048886546666161101e-01
4.155664966186502218e-02
1.901564492615401836e-01
2.876135660081591827e-01
1.969299658259471841e-01
3.873524339284440954e-01
2.854753547010207004e-01
2.755749964953652792e-02
2.891006707701443412e-02
2.251632350987847753e-02
1.635772887477459150e-02
5.527201607377314474e-01
9.409894130916853783e-01
9.771845302507826680e-01
9.889246707099560441e-01
9.944782024434482004e-01
9.200845948671803054e-01
7.405932325615036671e-01
3.652043944246083362e-01
2.781879187027886391e-01
1.924468333817647703e-01
9.372310755038610885e-01
9.026551403234512883e-01
8.773626799390692454e-01
8.585086622557491776e-01
8.179111813279917875e-01
6.977779300841375765e-01
2.223874137602900036e-01
3.782525179427888018e-01
4.665879191341116838e-01
3.486009771623160836e-01
1.788870017284652780e-01
6.272564874698014492e-01
2.694707007189649506e-01
7.078260905195098152e-02
1.557914835583351816e-02
1.141982211730935629e-02
7.082792362280865284e-01
9.368961925423870962e-01
9.789125115632448804e-01
9.884193192055359400e-01
9.971219852687654983e-01
9.355221087754166387e-01
6.829511010772287838e-01
2.069442600767576468e-01
4.991957681438852212e-01
7.256498798739375866e-01
9.187357154748533317e-01
9.573083235414217018e-01
9.371286080545704333e-01
9.217363794546997724e-01
8.353637317012694297e-01
4.935088828114277959e-01
3.665895766171442527e-01
6.543978813760860103e-01
8.177181738012568868e-01
8.118505768969646041e-01
7.820230907823787492e-01
9.278430146813295698e-01
9.306001171698640162e-01
3.128234712715622923e-01
4.870870683843428472e-02
1.436895731619078007e-02
8.325787558476228645e-01
9.523311771893794297e-01
9.666633979933980658e-01
9.845946830310376985e-01
9.991484635296868921e-01
9.346615202107007025e-01
2.418707144585274249e-01
1.089920041146909963e-01
3.203194649080811640e-01
8.764855867855508853e-01
9.619647442329950504e-01
9.701808390419704997e-01
9.645071081713902927e-01
9.131050565527201179e-01
2.296518713029347958e-01
1.044640664336575903e-01
3.835762946477792035e-01
9.113853582246732588e-01
8.890495600894035011e-01
7.799787649766835029e-01
5.649812575512702661e-01
9.475559262476815903e-01
9.205655306078879274e-01
5.663028899361299828e-01
4.072805391809651565e-02
2.746138145753383719e-02
8.447726955993466458e-01
9.481028375790465645e-01
9.594125162901996351e-01
9.777362724778608793e-01
8.392334463941794054e-01
2.649380738264301982e-01
1.006941503468721799e-01
8.015882863273654513e-02
1.413701999683589783e-01
6.618818797079721872e-01
9.561443311162634018e-01
9.512315618897627667e-01
9.139900356416214011e-01
1.446778532061344658e-01
5.277510051189328311e-02
1.628930669582126858e-02
3.235645873605351164e-01
9.524021064198737729e-01
8.928519988456513623e-01
1.729051055714801721e-01
3.457345782655804611e-02
4.634572231287822225e-02
4.979458022639158266e-01
8.923040701870406100e-01
2.012920798893837460e-01
6.384570763159605478e-02
9.092975329919403826e-01
9.505807653590508943e-01
9.229746191753747109e-01
2.209077558711628753e-01
3.262524159204703567e-02
3.589568612752894183e-02
3.508936422591570070e-02
4.339397312953839625e-02
1.994306612137834722e-02
6.917991452138269604e-02
9.481529643352704095e-01
9.380637149653598961e-01
3.436056183246574691e-01
3.552936330467884596e-02
1.021373264466855215e-03
8.075249125349733686e-03
4.664651525946371668e-01
9.809385973201850684e-01
5.142323175055902862e-01
4.770844636706152164e-02
4.961908790408586789e-03
0.000000000000000000e+00
1.554164946564745055e-02
5.383104839236935169e-01
3.151078959253681977e-01
4.690252647682251891e-02
9.654625391875198970e-01
7.241083849029370523e-01
1.135599917710162082e-01
1.478955291040273158e-02
1.513472038091942529e-02
2.427734687320819845e-02
3.324584510383862823e-02
6.034168234967219636e-03
8.833691446544928924e-03
7.867676024359136766e-03
8.167324618233706701e-02
8.756304573089934706e-01
2.209760040575231010e-01
3.549480795187497095e-02
8.564591644117066846e-03
5.645820683993926781e-03
3.527464478605247811e-01
9.896246388608551658e-01
5.011657694579496614e-01
3.735729417747566533e-02
0.000000000000000000e+00
0.000000000000000000e+00
4.081867228582726839e-03
2.517581472096395157e-01
7.850421375852254524e-01
4.129672039340381851e-02
6.370840769971480855e-02
1.915684341826140447e-02
8.734031020550762220e-03
7.758118901216623509e-03
5.114796504138816209e-03
2.951033628914766227e-02
2.165224794310234568e-02
6.575766715170031085e-03
0.000000000000000000e+00
0.000000000000000000e+00
1.016910895518016202e-02
4.668590120440853086e-01
2.166744178660768294e-01
1.207366289399139023e-02
0.000000000000000000e+00
0.000000000000000000e+00
1.925929767722504016e-01
9.839117594124446864e-01
2.765719072099246389e-01
2.213912680991443616e-02
1.541385828491434028e-03
0.000000000000000000e+00
7.612524476582773966e-03
2.797063457798500408e-01
9.209665219271697678e-01
4.149198112041220798e-01
4.254968953623375350e-02
3.295745565823240963e-02
0.000000000000000000e+00
9.282632705761916653e-03
1.259035487523257543e-02
2.711177262022574502e-02
3.816231657306197456e-02
9.127640524876990194e-03
0.000000000000000000e+00
1.059336765699818352e-03
2.635057130890687202e-02
3.033449184368439688e-01
7.750512535108273759e-01
1.253851110035447865e-02
0.000000000000000000e+00
6.634346679481571002e-03
1.656378633975466586e-01
9.809577781573393107e-01
4.082290771972311716e-01
3.398514872924370683e-02
4.391043926202325628e-03
1.164644827727469995e-02
5.009687967614041837e-02
8.775969014278502955e-01
9.374845135362070980e-01
8.553092169858964589e-01
8.026169575733177464e-02
1.219198563999783769e-01
4.667801643358673869e-02
1.454324591213981529e-04
2.073501897557837592e-02
4.505340636434623791e-02
9.320841240936994510e-02
1.671451061367939736e-02
9.352897381393849652e-04
1.236339704970814725e-03
2.899727454272192986e-02
4.370083041816808511e-01
9.097487272919541068e-01
2.447481676262345390e-02
0.000000000000000000e+00
1.529969224990336205e-02
5.855316497107466989e-02
6.480636881742756206e-01
2.098003695308327532e-01
2.638833350271133776e-02
8.789010933198579054e-03
5.752529849682125329e-02
4.399180002914604981e-01
9.340772762376297056e-01
7.731718999822364546e-01
1.912304044536067837e-01
9.957001472309462420e-02
9.769306504273491676e-01
9.749791292998453152e-01
7.930320606107267301e-01
2.713216478578635293e-02
1.924348041064881387e-02
7.426877652714822253e-02
6.705061301260260669e-03
5.953904787192552126e-04
0.000000000000000000e+00
1.806883322805662856e-02
9.686847984048095606e-02
7.487565151453395851e-02
5.575570218922347443e-03
3.277559769023852178e-03
1.007394130211314125e-02
2.524497528148564492e-03
1.382687642431841210e-02
4.322614292437371858e-02
5.253587078287783735e-02
4.210675471541357184e-02
5.864896681910484189e-01
9.386238472484609296e-01
8.984757716377583803e-01
7.176521227551913018e-01
1.661456447252231960e-01
5.874831899527619417e-01
9.881953113337587080e-01
9.934954979597796498e-01
9.926517780511388001e-01
9.446649460947538490e-03
7.282436475517891326e-03
3.376131843124332427e-02
0.000000000000000000e+00
4.038099487495595830e-02
2.978263088569704231e-01
1.762041281717603713e-02
2.377023446947921191e-03
4.840490885628181278e-03
1.176581462397248423e-02
1.525598017425688034e-02
0.000000000000000000e+00
2.655076179856851772e-03
1.062899392177798705e-02
6.026388864459633794e-03
1.870777493182058243e-02
1.292087382179071264e-01
9.413434813611670782e-01
9.237039857018483069e-01
9.424148672282662842e-01
7.749489833191163246e-01
1.186236838184144826e-01
8.856954050088855501e-01
9.904367513913541199e-01
9.881151440127046159e-01
9.466020443930815986e-01
4.913012657760976133e-04
0.000000000000000000e+00
2.852589462361159248e-02
6.838638935616334069e-02
9.670310624372934205e-01
9.710526655567817134e-01
1.420943260192556595e-02
5.197078018260697582e-03
6.470080082452506209e-03
1.390624381382038650e-02
3.406704789503565978e-02
0.000000000000000000e+00
3.823028333152213732e-03
6.782689383965360974e-03
4.466875007393633808e-03
2.061527776026908162e-02
6.387376135045177428e-01
9.847708776961894284e-01
9.514315737170320197e-01
9.023937442456408942e-01
7.233131526387246435e-01
1.489963978919943421e-01
9.202271559110037913e-01
9.986801719862227200e-01
9.912775238288002999e-01
2.478877933074630918e-02
0.000000000000000000e+00
4.028998976827683626e-04
2.807275439226453867e-02
8.085292484384588585e-01
9.953764197103611711e-01
1.000000000000000000e+00
6.249239439702160281e-03
6.313255015726132457e-03
1.192146230563019375e-02
2.743401292166739239e-02
1.852027492968966876e-02
8.579554221458719071e-03
2.825215428208176227e-02
1.547751638603894753e-02
1.969332501836402322e-02
4.966482269441419017e-02
8.137678794066536270e-01
9.898099034221460313e-01
9.673864675604266772e-01
9.046649949651957012e-01
9.019432542812393372e-01
7.907770191611217525e-01
9.410065106398730617e-01
9.999113044388927563e-01
9.970832733329867414e-01
1.100256713145495542e-03
0.000000000000000000e+00
0.000000000000000000e+00
4.513019683883797567e-02
9.743321478466735464e-01
9.982116152437153778e-01
9.999165147547319776e-01
1.182052213936251109e-02
7.396684468068594892e-03
1.977430082330002697e-02
3.016557977769215165e-02
2.653129244306012269e-01
4.586144637683722269e-01
1.381872484731314632e-01
1.108895083817592470e-02
2.628338477153906866e-02
1.275459549183256547e-01
6.892133957936200650e-01
9.543412382951166339e-01
9.673306883910934850e-01
9.659541622543217354e-01
9.351440918559772442e-01
8.859719564680421655e-01
9.775026958876751326e-01
1.000000000000000000e+00
9.957239511253677122e-01
1.231430750592762144e-03
6.044105016617815768e-03
2.257719679123843318e-02
2.761549845315685037e-01
9.776655614359612834e-01
1.000000000000000000e+00
1.000000000000000000e+00
3.290787240732753055e-03
5.875260145713629952e-04
3.064747569311781009e-02
3.590915231963946741e-02
3.035299550759946730e-01
8.708570642157154040e-01
7.548921196833964231e-01
3.462271249696324132e-02
6.233013140066570590e-02
1.743404313139194362e-01
2.297566269274055328e-01
1.445117737123302604e-01
8.990635526751420414e-01
9.783658344019595665e-01
9.705193913704016628e-01
9.387011018713977695e-01
9.649967680652515867e-01
9.989338978056968577e-01
9.998267205091326826e-01
1.999667834477760874e-03
3.564839775128822441e-02
5.365253759877317008e-02
8.408592550515939790e-01
9.880211693259619565e-01
1.000000000000000000e+00
1.000000000000000000e+00
4.753763714729712306e-03
1.383340691471036075e-03
2.924631066197833779e-02
4.085232322864500165e-02
4.036241487856436772e-01
7.976265960357389329e-01
7.598750459551829872e-02
1.805937204914895289e-02
1.282096740285286474e-01
1.501799421634605891e-01
7.130887858175011251e-02
1.499380008408462105e-03
1.721198266275520208e-02
1.052612886565717498e-01
2.061440733136021830e-01
2.238075559016698413e-01
9.140798257266901095e-01
9.959347597359595738e-01
9.608926301319735686e-01
4.312003583139109066e-03
3.385732118134838348e-02
6.648192958863901048e-01
8.876000137409278956e-01
9.974268870819670285e-01
9.956112171057247551e-01
5.344638421332720268e-01
5.267022621413437744e-03
5.248068256801933715e-03
3.433873167873588428e-02
1.083923056876217733e-01
8.717116898679448944e-01
4.848516111769416992e-01
3.329554263913598634e-03
4.938829614898106006e-03
7.580255303467442474e-02
1.636684479123260427e-01
3.481006743663790648e-02
0.000000000000000000e+00
1.438692683899334612e-03
5.669502684399348701e-03
2.282112349770170495e-02
3.315551078051262590e-02
9.607339246777897301e-01
9.225400608690657034e-01
1.706054765759301706e-01
3.158635121209310559e-02
6.260698344657026349e-01
9.475200865132157313e-01
9.481260237199995444e-01
9.685371295389830770e-01
9.805234002918647995e-01
2.500424180450019213e-02
3.794349044448926990e-03
4.818072086656510593e-03
2.792393086832101190e-01
8.730677679133753699e-01
9.631122937227962755e-01
2.073582884357920708e-01
0.000000000000000000e+00
7.353175901015080026e-04
2.877720767646974043e-02
2.707326753800017860e-01
2.049679914463922448e-01
0.000000000000000000e+00
0.000000000000000000e+00
1.280857898894579086e-02
2.156835375746625483e-02
2.760576359513951250e-02
9.815275322884755571e-01
8.532497312541376111e-01
3.009849641028851733e-02
3.252437889436911034e-01
9.574718890548291617e-01
9.683949736443069334e-01
9.835748266142561036e-01
9.536517044205630178e-01
9.234880811513104248e-01
7.511474020728764814e-03
2.741207903975557969e-02
6.183159632473476108e-01
9.712010271467093059e-01
9.813739956274134535e-01
1.000000000000000000e+00
5.267500153268548369e-01
0.000000000000000000e+00
0.000000000000000000e+00
6.381972931024462031e-03
5.000524045967271736e-01
9.820930397232138231e-01
8.609945861661385536e-01
2.450042311289140073e-01
4.155167487939934873e-02
2.926749549349677570e-02
4.585643493151729533e-02
9.897453641492177656e-01
9.295922253318811279e-01
2.165483734575502639e-01
8.417036254342732393e-01
9.704552395629639783e-01
9.738212504114868162e-01
9.993519993051599437e-01
9.564927739794779615e-01
8.674051083026924902e-02
1.341456541781508791e-02
6.158932025158250223e-01
9.744594449526615687e-01
9.940423552231025806e-01
9.977996796893204845e-01
1.000000000000000000e+00
6.137593708223507694e-01
1.506305624593795404e-03
9.693549046883666634e-05
5.113853046791006635e-03
5.092383547660019882e-01
1.000000000000000000e+00
1.000000000000000000e+00
9.720719179580276093e-01
8.895741771854177582e-01
1.798020793952401775e-01
3.739411074320220935e-02
9.743132538893435335e-01
9.308558863135024675e-01
7.656556633847364512e-01
8.868426786287212371e-01
9.680828638731600044e-01
9.860842816398053268e-01
9.989732434215785606e-01
9.138927666942640027e-01
3.406237694541099092e-02
5.597055843841684808e-02
9.522088431991404534e-01
9.921355845981847388e-01
1.000000000000000000e+00
1.000000000000000000e+00
1.000000000000000000e+00
9.637351927455897194e-01
7.535280894526255602e-02
2.493960215022653689e-03
3.547340906843327729e-02
9.875426201691011041e-01
1.000000000000000000e+00
1.000000000000000000e+00
1.000000000000000000e+00
9.904206734452284389e-01
9.454630000481463181e-01
2.571959526686702358e-01
9.828629558590309401e-01
8.856839530735993726e-01
8.326605884278807101e-01
9.346418367333849675e-01
9.681242975245397675e-01
1.000000000000000000e+00
1.000000000000000000e+00
9.457674875937560621e-01
8.187292643323974828e-02
7.699552903108294877e-02
9.688846232745009779e-01
9.950183762698012746e-01
9.993307960510067200e-01
1.000000000000000000e+00
1.000000000000000000e+00
1.000000000000000000e+00
3.533868020205833682e-01
1.408967856061667245e-02
3.476560815273694871e-01
9.893731533151453039e-01
9.964207314236235291e-01
1.000000000000000000e+00
1.000000000000000000e+00
9.983946471391782485e-01
9.851135069116521148e-01
9.557196971430210741e-01
9.733331731568486411e-01
9.351609609731339479e-01
8.518834187174804118e-01
8.613732125799324901e-01
9.899690866246746435e-01
9.912298565542190243e-01
1.000000000000000000e+00
9.728416768214496191e-01
3.965371769987742212e-01
1.487119849144883099e-01
9.881979416367325797e-01
9.962068533116478219e-01
9.983832566563155542e-01
9.999850606223594784e-01
1.000000000000000000e+00
1.000000000000000000e+00
9.139409275745481454e-01
5.378627002592539785e-01
8.665627610077493159e-01
9.836285737063378276e-01
9.936745307465157939e-01
1.000000000000000000e+00
1.000000000000000000e+00
1.000000000000000000e+00
9.972864519352909740e-01
9.802548825421931733e-01
9.731008210623700583e-01
9.331632243490661782e-01
4.527695710558325703e-02
3.671950582390871853e-02
3.212045314308001887e-01
9.885887261728438791e-01
9.927534418117125448e-01
9.873587140602758661e-01
9.820888710336440619e-01
7.405743184095251452e-01
9.576436131403451846e-01
9.387832297380909186e-01
9.710524777885738423e-01
9.795790983799318452e-01
9.879949468036678395e-01
1.000000000000000000e+00
9.996110120058252502e-01
9.285495493953478396e-01
9.353201341760426502e-01
9.540698769732725015e-01
9.987788491901938848e-01
1.000000000000000000e+00
1.000000000000000000e+00
1.000000000000000000e+00
1.000000000000000000e+00
9.964447999854598725e-01
9.891900636570947203e-01
8.714490279709510290e-01
2.791568085152982409e-02
2.112544982859455162e-02
3.534261588410695515e-03
5.969084383221596735e-01
9.690358291858940376e-01
9.765473222681781973e-01
9.973689299548980092e-01
9.934532984147699253e-01
8.227345828661822846e-01
6.180467567148963115e-02
1.668979188692026883e-02
1.053750448903844478e-02
4.543946525888343385e-02
6.880474717371813653e-02
9.884226740341091055e-01
9.987989906557626085e-01
9.910696730628194562e-01
6.062311406787077583e-01
4.790383241089590100e-02
7.958773731727573075e-01
9.992351912638832712e-01
1.000000000000000000e+00
1.000000000000000000e+00
1.000000000000000000e+00
9.863028460425715682e-01
9.520309694237217846e-01
1.767142772639364035e-01
2.256302705740447986e-02
2.085201186696779979e-02
2.131565859624461393e-02
9.705606282916374727e-01
9.880511316066120653e-01
9.997099320856850380e-01
9.955049835622291621e-01
8.507114633313452856e-01
1.996819977694933024e-02
4.020803862925472275e-03
6.866316319696673994e-04
0.000000000000000000e+00
0.000000000000000000e+00
8.192658850307632523e-01
1.000000000000000000e+00
9.323803353462032373e-01
3.086986963509248671e-02
0.000000000000000000e+00
0.000000000000000000e+00
0.000000000000000000e+00
4.963898886265781796e-01
9.999723430856730655e-01
1.000000000000000000e+00
9.956675962223593412e-01
9.876402046040102523e-01
9.313118038830067169e-01
1.863141481734684746e-01
2.627342668440772050e-02
2.763249256477314994e-02
2.149328404974434337e-01
9.783972407370480351e-01
9.992135805651176650e-01
9.979413679847932706e-01
9.597422862188834669e-01
4.418080557160673494e-01
3.213238319876429369e-03
8.098975718733755465e-04
1.922358784611547487e-04
0.000000000000000000e+00
6.154513588345168484e-01
1.000000000000000000e+00
4.955936577960587397e-01
3.781873656645568481e-03
0.000000000000000000e+00
0.000000000000000000e+00
0.000000000000000000e+00
0.000000000000000000e+00
4.299988039129618023e-02
1.799088341472783459e-01
1.000000000000000000e+00
1.000000000000000000e+00
9.882739034992171767e-01
9.482546776020698287e-01
2.463364627345844271e-01
3.691258332427581335e-02
5.849720106277456894e-02
9.862207530058274552e-01
1.000000000000000000e+00
9.983788738315471090e-01
9.838707842341587462e-01
9.752880545684705638e-01
6.023175455802977085e-01
6.041698597345586050e-03
4.219670223634177926e-04
0.000000000000000000e+00
3.586966017877858681e-02
9.971818765472407753e-01
5.925776229233177261e-01
0.000000000000000000e+00
0.000000000000000000e+00
0.000000000000000000e+00
0.000000000000000000e+00
0.000000000000000000e+00
0.000000000000000000e+00
1.130294826305996503e-03
1.000000000000000000e+00
1.000000000000000000e+00
1.000000000000000000e+00
9.917641921899151836e-01
9.817141574020605832e-01
1.827553496642907171e-01
1.538781656814314780e-01
9.926603122954131830e-01
1.000000000000000000e+00
9.982331682591290001e-01
9.959519318231212504e-01
9.985148908908094700e-01
1.000000000000000000e+00
8.996765475777144250e-01
2.064224534751349371e-01
4.767029002302140828e-02
8.437546397642162188e-02
9.141218660814485197e-01
9.637996789720488788e-01
8.185710859814099294e-01
7.881052799423257094e-01
2.542659739609187675e-01
1.895563332133429479e-01
3.736731328704102212e-02
4.645533715636984869e-03
0.000000000000000000e+00
1.000000000000000000e+00
1.000000000000000000e+00
1.000000000000000000e+00
9.987748637747512204e-01
9.962350554923515844e-01
9.568715384153771986e-01
9.186010663536889886e-01
9.862895038893751964e-01
9.962339300656783969e-01
9.997417133717794169e-01
1.000000000000000000e+00
1.000000000000000000e+00
1.000000000000000000e+00
1.000000000000000000e+00
9.780098442159197436e-01
7.913750296399488793e-01
8.283481449820733200e-01
8.836772817162095173e-01
9.759452420861984834e-01
9.915236437353259769e-01
1.000000000000000000e+00
1.000000000000000000e+00
1.000000000000000000e+00
9.959329477644149886e-01
9.342204304951724492e-01
1.990931719055504673e-02
1.000000000000000000e+00
1.000000000000000000e+00
1.000000000000000000e+00
1.000000000000000000e+00
1.000000000000000000e+00
9.963893772155891781e-01
1.000000000000000000e+00
9.951783267530845967e-01
9.987808233290366156e-01
1.000000000000000000e+00
1.000000000000000000e+00
1.000000000000000000e+00
1.000000000000000000e+00
1.000000000000000000e+00
9.985419820291462356e-01
9.762509113012205475e-01
9.569338678119909680e-01
9.746776316134543316e-01
9.859573457074946035e-01
9.973118458865273261e-01
1.000000000000000000e+00
1.000000000000000000e+00
1.000000000000000000e+00
1.000000000000000000e+00
9.984492309985359970e-01
9.877461417067844307e-01
