5.492593676069464914e-01
8.913027115418340474e-01
9.362250774183810131e-01
9.634664075381499382e-01
9.345988042001298624e-01
8.566962670845285066e-01
3.785915311593191501e-01
4.012077585861229673e-02
1.618137064349003951e-01
7.584687820998192720e-01
9.791870309751751211e-01
9.696000995785938326e-01
9.735626742206823225e-01
7.403103116702709485e-01
8.189863510791213497e-02
4.441805893140112760e-01
7.350702604119023764e-01
5.697821736604818943e-01
3.670798913088903909e-02
3.183820067116741731e-02
1.156216298596479198e-03
3.004780220552122436e-03
2.262522019048001775e-03
6.325540741923406547e-03
2.943000794306102098e-03
0.000000000000000000e+00
1.562898159647460941e-02
5.533254203715700509e-02
3.763903834487909994e-01
9.098492828315231096e-01
9.255590683158207987e-01
9.409808505651828803e-01
8.770370729849217284e-01
7.246136818078803277e-01
2.280006426279014287e-01
7.530931131870006734e-01
5.964666719021501917e-01
6.521971778404002107e-01
3.542957627642316365e-01
1.666648624688578662e-01
1.278482802441337218e-01
8.030012413692874107e-01
7.972773678287106147e-01
3.399267635466161619e-01
2.055216068354585313e-01
7.683353545661878448e-01
8.244034254607854884e-01
8.824527103490985569e-01
9.163105328470091404e-01
9.440510223930898004e-01
9.258577434109873661e-01
1.861612747456219408e-01
1.257556303834968525e-01
8.103003634595583315e-02
7.279915160607935976e-01
9.111643511286824371e-01
9.535208326074233742e-01
8.975065730576063938e-01
8.711828995038176648e-01
3.937586951794210810e-01
8.981324429098108686e-01
3.937586951794210810e-01
8.711828995038176648e-01
8.975065730576063938e-01
9.535208326074233742e-01
9.111643511286824371e-01
7.279915160607935976e-01
8.103003634595583315e-02
1.257556303834968525e-01
1.861612747456219408e-01
9.258577434109873661e-01
9.440510223930898004e-01
9.163105328470091404e-01
8.824527103490985569e-01
8.244034254607854884e-01
7.683353545661878448e-01
2.055216068354585313e-01
3.399267635466161619e-01
7.972773678287106147e-01
8.030012413692874107e-01
1.278482802441337218e-01
1.666648624688578662e-01
3.542957627642316365e-01
6.521971778404002107e-01
5.964666719021501917e-01
7.530931131870006734e-01
2.280006426279014287e-01
7.246136818078803277e-01
8.770370729849217284e-01
9.409808505651828803e-01
9.255590683158207987e-01
9.098492828315231096e-01
3.763903834487909994e-01
5.533254203715700509e-02
1.562898159647460941e-02
0.000000000000000000e+00
2.943000794306102098e-03
6.325540741923406547e-03
2.262522019048001775e-03
3.004780220552122436e-03
1.156216298596479198e-03
3.183820067116741731e-02
3.670798913088903909e-02
5.697821736604818943e-01
7.350702604119023764e-01
4.441805893140112760e-01
8.189863510791213497e-02
7.403103116702709485e-01
9.735626742206823225e-01
9.696000995785938326e-01
9.791870309751751211e-01
7.584687820998192720e-01
1.618137064349003951e-01
4.012077585861229673e-02
3.785915311593191501e-01
8.566962670845285066e-01
9.345988042001298624e-01
9.634664075381499382e-01
9.362250774183810131e-01
8.913027115418340474e-01
5.492593676069464914e-01
