9.064412528135414870e-01
8.768745838780864776e-01
8.602140988042861203e-01
8.632599404103595830e-01
8.602788545271434772e-01
5.107495248754135853e-01
8.780401381769569191e-01
7.359682326220193804e-01
7.401523117485260261e-01
9.183328678608648765e-01
9.041458340395782667e-01
8.426770575296805843e-01
7.466802261360008242e-01
8.740638158765711152e-01
3.154250741657968482e-01
2.617558516215358067e-01
2.041197005898008343e-01
4.687311775523185231e-01
8.529088351981861660e-01
9.198807952436851565e-01
8.890519250605271040e-01
9.438554326924414317e-01
9.308999594032254521e-01
5.549150921937049397e-01
1.218543504724768217e-01
1.213336884844146424e-01
8.938680092589372794e-01
8.812957396118826781e-01
9.196218782983034412e-01
7.066291091317415951e-01
7.141032011579668826e-01
6.197773321581310224e-01
6.847548418685739380e-01
6.930064652388810975e-01
6.941854574135979394e-01
8.602509438093639549e-01
8.912694048647598066e-01
9.254369669117001873e-01
8.558324157551893130e-01
8.768008107867060197e-01
2.619131366181835507e-01
1.803610778817091032e-01
3.314591218808035089e-01
2.037813809405862875e-01
9.038200182554856354e-01
8.063083701746230902e-01
9.071501976964231329e-01
8.538285940666332507e-01
7.856755265782841002e-01
2.209445291190727245e-01
1.619881453151121864e-01
4.491750901564528498e-02
9.496864091297108068e-01
8.767723041884127877e-01
8.960069942788402297e-01
5.082802690627493680e-01
7.518352036475712818e-01
8.427961561695400672e-01
9.113761481677046250e-01
8.899310555312331950e-01
9.513473110096866137e-01
8.422760718286830262e-01
9.053359017341680026e-01
9.338076580273189098e-01
8.921400008031745710e-01
7.269064837745016217e-01
1.796935147038922764e-01
6.254569914259422436e-02
1.583798779521749800e-01
3.544965092271338269e-01
9.512305524743618346e-01
8.903438873902037587e-01
9.114493326386803318e-01
8.471739187999822729e-01
3.938524722478115025e-01
1.358682463305171395e-01
1.053479698914273621e-01
6.169866747674523921e-02
7.158101341180319599e-01
9.001701287797854167e-01
5.642051887369550212e-01
4.562042586126319188e-01
5.776698282753770508e-01
8.744947022339343290e-01
8.997283977974681601e-01
8.754206873290535373e-01
8.992095217418084596e-01
8.808015530555495243e-01
9.169062705968828997e-01
9.271059861069668173e-01
7.047811287320528972e-01
3.268166092306494241e-01
1.275689484374726013e-01
2.298611853791416304e-01
1.646038561776619891e-01
2.969920186799187567e-01
6.995325954564852733e-01
8.464362933179795379e-01
6.761423690257938324e-01
6.974102506489755493e-01
3.603620635003634276e-01
1.180013236498213824e-01
6.527865464320078970e-02
1.584334772413539261e-01
5.933073211989028373e-01
7.753764250181949258e-01
2.042585312815139442e-01
8.372690914367244552e-01
5.623639162791413959e-01
8.682483016059177050e-01
7.200969901102454163e-01
7.953188249098056550e-01
8.423426255450185973e-01
8.474867177799860762e-01
8.146418090971916381e-01
8.136027368152767281e-01
4.228031196341738296e-01
5.994134685477428004e-01
3.142936052921868617e-01
2.327877000394918683e-01
2.764629065691915910e-01
6.155248733900757774e-01
8.468300622810795986e-01
8.862554037209331437e-01
8.016439053832867812e-01
2.694566614929723714e-01
2.789486180112114577e-01
4.487526334229537950e-01
2.266761482574629616e-01
5.713446888478900254e-01
3.651509101400233215e-01
4.134028405970362474e-01
2.031039738533461092e-01
4.226608560718025931e-01
6.288265840579705390e-01
8.773602484388258738e-01
7.241342092632365723e-01
8.363710052744510737e-01
8.986434377126937267e-01
6.809675118069375976e-01
2.334321640733299508e-01
3.865939727812216509e-01
2.360099765872881172e-01
8.050942333083618285e-01
6.025962981832051479e-01
2.375424724917406250e-01
2.836552000231099546e-01
4.791548974031361041e-01
7.162998690102254651e-01
8.385989797347028762e-01
2.894703532992123352e-01
5.863134875898198262e-01
8.070607502168924974e-01
5.474046567728423351e-01
4.934782105502756311e-01
7.751283847478600553e-01
6.473316252024835515e-01
3.619766791958826113e-01
3.937063963236013819e-01
3.605800463734424310e-01
3.498280568900684617e-01
7.655062340388540942e-01
8.243574144844540985e-01
4.645693208257972717e-01
8.109553884091119658e-01
6.400373783037955899e-01
2.004275792325856120e-01
1.702193462462646412e-01
9.415398527433069265e-02
2.497527444519153650e-01
6.565972789704552781e-01
4.431731815006272890e-01
3.619338501370777950e-01
7.280906044388770759e-01
8.577189656490586955e-01
3.497383221263288822e-01
3.900115008668934014e-01
6.087639615011148919e-01
8.526068421522532415e-01
9.064663156086192330e-01
8.342305452106868469e-01
9.341928503634134850e-01
3.124849418999086081e-01
7.497641313897392967e-01
7.780381079460541027e-01
1.671177561369604492e-01
1.947115610317348977e-01
5.458702658280191189e-01
7.315257054488146782e-01
1.968928571081510759e-01
2.355002465802849554e-01
7.254467868181246892e-02
1.784632826197802280e-01
1.454250205343082247e-01
3.411218607457492946e-01
8.838337539840724899e-01
7.928509533630327955e-01
9.221743042066719021e-01
7.238214274970433681e-01
2.752181268134413772e-01
5.824094752960318200e-01
4.751619728799730269e-01
9.092876996391739963e-01
8.695968834484888443e-01
9.758996458678360630e-01
9.710054136848882411e-01
9.395725012951774424e-01
9.415457376287927893e-01
5.078366042413610115e-01
8.278645082169621139e-01
7.797208441102334575e-01
5.047466100496023067e-01
4.132340892178134051e-01
1.154482320230459935e-01
1.788859949921052517e-01
5.231129200241170507e-02
3.959199814477568774e-02
6.465144568454629648e-02
6.717582136873788690e-01
6.572959553175944380e-01
8.563085736253008839e-01
8.646296461466338457e-01
9.653474239710364557e-01
9.713676939631361584e-01
8.742011532461805290e-01
8.700060788662566935e-01
6.355903426012519120e-01
7.040605185512860409e-01
5.692686468790494336e-01
8.364906639179541248e-01
7.174094233899614981e-01
8.320574719995701418e-01
9.261423569258369071e-01
8.579331571587175409e-01
8.187874331805188310e-01
6.269483453750578361e-01
7.386494127786269459e-01
8.206545609581098466e-01
5.354491968021691806e-01
2.612900672366637589e-01
5.461926996563808145e-02
6.271880230354762165e-02
5.577312022496341837e-02
2.100710513411720159e-01
4.456492527510703683e-01
7.501593880278734083e-01
8.384181605440366170e-01
8.193355150646255414e-01
8.701932235417813022e-01
9.621800412000813818e-01
9.724170189437409961e-01
6.146944816629514863e-01
7.055362281605412900e-01
2.348723374266520059e-01
7.933711723735696608e-02
1.010094153535201350e-01
1.246894461935605936e-01
2.596214344357473669e-01
8.422726280304725366e-01
8.531821964552150916e-01
7.449318436029594981e-01
8.781606525135770003e-01
7.956692071448152603e-01
6.810529236197588876e-01
8.174419458997128629e-01
1.733568727414839805e-01
1.563640860999914173e-01
9.714683317513836402e-02
6.288335447717033344e-02
5.134687303675258274e-01
4.320728741551107532e-01
8.108731199646355137e-01
9.147606431130019811e-01
9.034756760254135655e-01
9.131838659306465988e-01
9.383807508723317481e-01
9.432239345415142084e-01
8.377055987685407823e-01
2.949131711362188990e-01
1.265643686655589795e-01
4.763900614157055846e-02
3.667020802010725888e-02
6.444807701714523607e-02
1.499820417758569446e-01
7.237343512592192551e-01
6.892161695036453928e-01
9.014781323759883946e-01
9.117800439867427276e-01
6.873394784809969682e-01
8.022860220447225466e-01
9.136647858368649455e-01
1.437639722694730726e-01
6.953944179798050573e-01
3.898703638739621224e-01
1.105961061257968864e-01
5.563670836685519205e-01
3.071498557350024194e-01
6.539451414267412055e-01
8.789810330108007719e-01
8.491987035266398420e-01
8.822588950630975146e-01
8.513170537125347437e-01
8.814569551923941981e-01
9.126716332011163280e-01
3.148409131930053340e-01
3.113937752371673945e-02
4.955864023688852371e-02
6.046027181267178002e-02
9.625200980191092603e-02
2.967775133154033629e-01
3.514247276683128973e-01
3.733272812912803440e-01
8.009696065010487587e-01
7.455209509130013013e-01
7.423982548404390869e-01
8.435283843141471172e-01
8.010579343201142954e-01
5.020902980260936177e-01
8.304600798651500249e-01
4.936008968579080336e-01
3.806605290170754774e-01
1.281275979749448846e-01
4.003095913823183638e-01
5.764640119610265900e-01
8.735196528963264928e-01
8.389326451718068789e-01
9.236034836158946160e-01
9.227436732294226340e-01
8.761139109867677188e-01
8.962200205886154958e-01
2.717282942346330721e-01
5.571804629372367756e-02
6.054295436197612568e-02
4.594211557358414411e-02
1.353455555922317144e-01
2.127928472567662821e-01
2.104852572568680080e-01
5.911798706423128102e-01
4.348985111235152967e-01
2.727625767361320230e-01
2.503534173054896006e-01
4.504743723540553524e-01
4.970800744802086335e-01
6.179833811112481756e-01
5.422078786483206514e-01
5.172073057290998976e-01
4.958396662315445180e-01
3.810463401513997650e-01
3.631226249553060614e-01
2.062504516000824573e-01
7.865841588500155357e-01
8.062081479986443755e-01
8.115998230977095051e-01
8.233617494203534504e-01
8.665291865615176725e-01
5.229188351706808291e-01
4.906070380376107432e-01
3.797350250476342476e-02
6.070579155596823873e-02
3.119296747024954963e-02
9.536471856614184284e-02
2.080189323788801947e-01
2.799155160033380829e-01
2.685869526122913187e-01
1.036056497314497421e-01
2.341627530474022501e-01
8.798847277458410332e-02
1.167513360665929922e-01
2.005329297758486617e-01
4.523680739111931026e-01
4.228340558375814906e-01
8.934450235191608858e-01
6.061643518140078513e-01
8.822994803404721198e-01
9.123068197649032429e-01
2.978898409164119077e-01
1.566474177152730463e-01
4.441900225987304718e-01
6.134383553878536288e-01
6.832070028476877610e-01
7.995458037667833029e-01
3.313162500043080883e-01
1.843953648279989532e-01
3.013502383923251093e-01
8.586902020841413741e-02
1.052095443303147498e-01
1.452925815368732165e-01
2.511408362098969671e-01
3.919547514842347535e-01
1.970190696020825694e-01
2.844338656674711974e-01
1.676000073437154403e-01
8.644520614763785693e-02
8.194185272350382188e-02
3.461941326260589147e-01
2.339114928432844409e-01
8.281741738130374841e-01
6.509930016399034791e-01
7.047837301068831106e-01
9.027883473785012214e-01
7.964994201493944548e-01
2.323192012138827200e-01
2.949537793638760119e-01
1.139939238609329747e-01
8.323956306459145971e-02
6.157265670918272982e-02
4.736831343722067711e-01
3.205403193977199305e-01
4.013664772322810825e-01
2.185906502003093776e-01
3.069814520421844106e-01
1.982939585972634533e-01
4.636573152427471145e-01
5.997432021168271898e-01
2.778616663793581631e-01
1.450266908175729674e-01
5.028702693387311351e-01
3.291029519762069810e-01
3.734992324419580262e-02
8.774882677204412507e-02
1.267554278621076946e-01
1.903256160805368302e-01
6.045260827416573113e-01
4.479377363070204954e-01
8.461192597967592821e-01
9.340301608488792429e-01
5.940387173061951742e-01
4.360812812243677339e-01
7.608890880012295632e-01
1.979714289867373633e-01
2.421675533738665287e-01
2.282207273340737808e-01
6.670511497949747071e-01
4.683241052247303360e-01
3.059140095263457315e-01
2.473695656596680836e-01
2.241989455968934064e-01
1.819885410358323408e-01
5.646403777166016935e-01
7.374126423745079872e-01
8.324085128274975043e-01
2.027867384115600302e-01
3.330696849889027145e-01
3.563478913877604626e-01
9.358257172715236938e-02
8.832096061396350895e-02
1.262633999170051646e-01
1.147109780298181947e-01
2.714972557266369102e-01
5.143900320179657371e-01
6.927537282756535131e-01
8.618648667380709449e-01
8.396103838920649931e-01
8.444237958980354009e-01
8.447617545788160820e-01
6.223457808780763489e-01
5.421978718496491823e-01
3.565005964822535178e-01
4.134300399299443707e-01
9.202903829362452104e-02
2.353019887563895796e-01
2.338336123449485660e-01
2.071561267973516807e-01
2.952305792937789386e-01
2.643305024459677299e-01
6.770243885238793613e-01
7.183428026002736111e-01
3.408243810280092156e-01
1.736597206670255078e-01
4.043144037216286901e-01
1.041687940710751964e-01
6.799284746280971625e-02
2.231223620190577461e-01
1.813137052482829692e-01
1.322816415886613195e-01
2.812932336967995939e-01
6.610542366776296364e-01
9.420107154812278338e-01
7.642339296404501159e-01
9.083185561180322498e-01
8.598438706151183553e-01
8.746077746447171730e-01
2.544949128750222389e-01
3.544621252387700761e-01
4.323850170389854641e-01
2.321507373825648091e-01
3.473896034132004651e-01
1.834875353037563328e-01
2.717434458975974687e-01
2.685446973673920601e-01
2.675083137264905320e-01
4.962449206988742700e-01
8.107729881513503489e-01
5.882604461962916975e-01
2.803126445611606177e-01
1.794194300280235466e-01
1.192018694109038823e-01
1.271357655688522548e-01
4.853262124861481563e-01
1.541221561305285148e-01
2.293538626652984469e-01
3.171113548700729146e-01
6.126548821755185559e-01
8.279873485821300783e-01
8.712774618223880774e-01
9.573848611896855765e-01
9.098161806372027094e-01
7.280480308559575953e-01
7.267424308912190378e-01
2.341406539254148045e-01
1.434725566270260988e-01
2.790178217992639875e-01
1.565472364298905461e-01
1.763343691309806061e-01
2.430249915457528831e-01
1.556771543960709103e-01
1.403811955143641765e-01
3.230555630205845796e-01
5.486145961922522796e-01
3.005587765884922824e-01
1.063431248401995460e-01
1.576326792235400731e-01
3.226068427019679330e-01
3.080072502117903177e-01
7.951147591759852862e-01
4.235087652899435229e-01
2.579675948043114175e-01
1.746761721935759515e-01
6.201609075180636310e-01
8.951217707032412818e-01
7.887218461636869016e-01
4.915585472425890168e-01
7.933048495417966972e-01
2.473446170643656961e-01
3.493820358221652045e-01
6.368622369201915046e-01
5.612645803116518284e-01
8.619527713695314119e-01
5.285446952212161653e-01
2.645592410173058240e-01
7.383460031507005361e-02
3.996863948067176653e-02
2.048879374956421029e-01
8.541223080451185723e-01
8.877632767644201284e-01
7.893977588070492102e-01
4.794381922498762438e-02
3.179654632987681251e-01
5.686394058890056336e-01
5.922732332691296175e-01
6.344040001818120889e-01
7.630025675824503306e-01
8.956290852409680703e-01
7.804018038082376485e-01
9.081649703841798704e-01
9.104328996778410232e-01
7.096777510386556020e-01
2.553703939628816921e-01
4.481669600313702151e-02
1.099390894018915377e-01
1.550566499247336416e-01
5.684422769517276652e-01
5.156097824016134812e-01
5.522708048732851704e-01
8.943818969730210622e-01
8.237683754300616501e-01
2.386742100290494828e-01
1.999864612529563823e-01
2.562511494147420299e-01
5.370337148409586314e-01
7.287574148013461484e-01
9.351344269594470404e-01
1.881847405628332415e-01
1.172072147335566777e-01
2.471927489044482840e-01
1.406304625454742052e-01
3.933357153131673556e-01
6.845836400960906287e-01
7.753168692938843254e-01
8.589212645643884425e-01
9.099912544777801759e-01
8.873359970885338344e-01
7.690446481882615704e-01
2.732588645215566214e-01
7.885514987163232126e-02
4.763580313606644023e-02
1.729941328050672023e-01
2.044159424043226481e-01
2.584624927866263633e-01
3.382179329986551020e-01
5.615763741761077288e-01
4.421282641627560794e-01
3.046538977712054952e-01
4.156840185968864176e-01
4.265789093930824616e-01
7.601178056197961386e-01
5.309900778691443168e-01
7.670376184983358492e-01
1.767112028792409140e-01
2.314354630341026731e-01
8.524360563803107249e-02
2.987895889813983463e-01
3.804083277733129043e-01
7.036736372026477504e-01
5.939110205160558209e-01
8.902713526326639926e-01
8.226848368443347992e-01
8.284634876660031955e-01
7.903703261547159187e-01
1.761197322929287934e-01
5.075401650991916147e-02
8.278927905087649086e-02
1.013796314290726641e-01
2.445097301985943994e-01
2.119229707076615010e-01
1.215292506735998895e-01
3.237686781525004331e-01
8.004328015506370075e-01
3.592917643644585879e-01
3.999822089350796306e-01
6.511964271559689266e-01
8.582572329792061971e-01
8.271570009867238449e-01
9.106101885000069673e-01
4.764939318692449494e-02
5.114009781873822547e-02
7.073187105749986769e-02
1.198808234272740469e-01
2.194613417529365229e-01
8.856748525085542667e-01
7.132792230603978156e-01
8.451170198328870065e-01
8.709105987961495154e-01
6.180281650210086575e-01
2.067651954614521392e-01
1.144063707444900602e-01
9.479326210568948807e-02
5.523263958483808772e-02
8.428198095039746152e-02
2.046373933071161388e-01
2.451430902502956810e-01
1.654024395666512104e-01
3.912579655837952752e-01
7.324838907417010603e-01
7.707856831595707447e-01
6.940879374590243067e-01
8.425337437581077449e-01
8.153486627671120424e-01
6.214941194895697851e-01
8.138157657835477510e-01
3.742156261209449442e-01
7.395488319130551214e-02
1.103147254904015967e-01
5.244471889030256212e-02
2.615995587310631088e-01
7.723272173949544683e-01
9.073950668443949708e-01
8.219415578981957848e-01
9.348562668051687563e-01
5.089264311295580434e-01
2.039372816679991818e-01
1.216628265282521243e-01
1.159936678532551280e-01
2.711832244825413962e-01
4.329627865250476049e-01
3.426785968684020744e-01
3.977425775273701891e-01
7.546533401671817742e-01
7.554001124825141522e-01
9.251971744141320730e-01
8.097419173241822143e-01
7.319146276216310643e-01
9.208368039656831261e-01
8.169995549889559339e-01
6.302818830414697038e-01
8.498292434478285085e-01
8.496390416523420530e-01
6.290357639866990258e-01
3.670929436594873585e-01
2.011060627234169951e-01
2.638568636803867995e-01
6.515613088559973898e-01
8.172155858943841444e-01
9.308585154338782086e-01
6.823579035111867475e-01
4.270164806472424024e-01
2.779539727064612165e-01
1.516327839248461373e-01
2.457218790076612647e-01
5.958850486513981304e-01
5.765454433996113348e-01
8.659292540138389116e-01
8.723246653273541984e-01
6.894317625293644447e-01
1.909777848949017198e-01
7.629922473417507511e-01
8.680666036785630313e-01
8.111363791010552937e-01
9.147315023629382091e-01
5.034187782221720697e-01
3.083061409905683004e-01
6.242283623418236616e-01
7.830500100100010741e-01
8.626690384528874489e-01
6.784899983640805265e-01
2.403684728129617532e-01
1.726698750459205178e-01
7.048579296352261991e-01
8.444995067349069240e-01
8.468007852328414131e-01
4.377748289105242718e-01
7.636890417445185708e-02
1.384176776180440771e-01
9.113344233021483665e-02
2.474363388566536148e-01
6.235415025932372624e-01
8.882818322460714899e-01
7.887842767379849018e-01
9.074469827780988762e-01
7.915102167952050571e-01
7.877871465876438162e-01
6.242717021866721616e-01
8.964316007403287934e-01
9.055863083274907632e-01
6.172068797781116167e-01
4.298896460141307108e-01
2.004699821483537647e-01
4.470522577703677780e-01
7.860379572319236008e-01
8.594363336598029868e-01
7.821615989568966310e-01
5.632652393679385971e-01
3.760025762703167462e-01
5.824415489827851067e-01
7.876102983296132676e-01
6.344154103604842110e-01
3.842035963981745850e-01
1.591040834447442487e-01
2.017935954645120045e-01
7.580575277453777128e-02
9.739501907100434064e-02
5.316093438989597519e-01
6.734823439102630704e-01
8.876809156099068066e-01
9.313936585341555663e-01
8.652990100202427870e-01
6.734025232406628536e-01
6.510832574463762956e-01
8.531572045793023307e-01
7.065827716476414944e-01
1.388175597654652815e-01
7.478234025963445553e-02
4.824306627242705425e-02
9.543630478246306614e-02
5.562828700507935764e-01
6.139780368385658882e-01
7.824707468553198098e-01
9.110963873666682034e-01
4.811101191284525846e-01
2.643127464037253738e-01
7.327408287722186886e-01
6.097890674642350017e-01
6.835491852767194842e-01
1.620113833733679287e-01
4.341225490081680738e-02
5.136202528839332176e-02
3.297571970265684715e-01
6.705703020550544124e-01
7.040463928852411790e-01
7.532438731133725973e-01
7.741442828321989378e-01
7.371247646185161706e-01
5.418390521452096653e-01
2.061280308665347505e-01
2.013891106936109843e-01
5.170798895618871488e-02
6.758103556449712723e-02
1.946731602013233586e-01
1.502989132150833185e-01
8.564082751082191525e-02
3.085369249684731252e-01
4.625210842827942592e-01
5.420197541512492556e-01
8.468677620935969319e-01
8.487554612960073186e-01
5.291764990974698879e-01
2.288517260653269436e-01
5.600373354959669037e-01
5.390209476121572418e-01
1.906045686699769370e-01
4.800912146609990216e-01
1.001257675549517834e-01
4.565031136930929878e-01
4.605966897522584258e-01
5.565442222468153233e-01
7.462298002990703782e-01
9.313561738291984415e-01
8.364846594044903494e-01
2.421947044440848629e-01
5.274547284401143871e-02
9.738686872365777403e-02
1.560679541177356078e-01
1.841410799397184272e-01
4.665948051151075915e-01
2.368429387572819622e-01
1.419046749906879290e-01
6.342797503581356633e-01
7.663366204154882233e-01
7.423688006268114314e-01
8.965648189429338277e-01
4.415710946199536968e-01
5.128428087795112722e-01
6.179617943424817739e-01
7.430903577096105161e-01
3.945067367487507526e-01
2.446378975773026154e-01
5.125096519639728981e-02
1.249378526653090737e-01
1.977505664192049650e-01
8.190402018943334639e-01
5.418608642457438673e-01
5.589096792515455547e-01
7.929580945677672243e-01
3.451025058161018011e-01
7.313900645870392847e-02
6.923471645327543278e-02
1.583496558662209619e-01
2.425367599075580194e-01
5.917867099909298600e-01
7.392521941936252006e-01
7.373194019859443671e-01
5.429860536569280915e-01
1.383939199801184905e-01
4.292383722982686112e-01
4.026729561470425711e-01
5.905224001282128876e-01
2.239565686283925827e-01
6.947508232635938308e-01
3.621512993499835797e-01
5.790068552657543499e-01
4.862346325330528796e-01
6.383263130879208713e-01
4.698499370686515936e-02
2.597808115033174436e-01
2.969968002340839242e-01
5.595251046925329153e-01
4.954956799787532118e-01
7.258479764779914856e-01
6.928107734844775045e-01
4.148362302154353642e-01
4.343386944819901258e-02
8.540788009316177543e-02
1.565049759442181665e-01
3.248331600540523834e-01
8.407898205007526826e-01
8.521162373374937538e-01
7.486921679017444209e-01
7.861068443489840352e-01
2.087668501117213304e-01
9.374074077501133584e-02
1.988221326470349104e-01
2.012299816843697853e-01
2.135184641285534646e-01
8.633265980853321864e-02
1.020035309530030049e-01
1.982649528503925840e-01
1.978663446859899588e-01
2.532247525495551765e-01
3.601484443361748777e-01
1.446691789626348423e-01
1.369427913126387841e-01
6.949928373919617153e-02
3.408411431151877613e-01
9.149580936317363022e-01
9.479855082774704123e-01
6.985822530922511930e-01
4.512145595627959915e-01
8.852627113111968815e-02
3.079096559750343354e-01
2.629673950866803778e-01
5.116702562280469602e-01
8.496004026082175642e-01
7.600633501537064074e-01
8.476374025401334222e-01
1.832411648439091767e-01
5.557063623888078840e-01
3.236011275815718902e-01
2.042583462586644028e-01
4.206101961819646018e-01
5.646808892268400104e-01
1.885927346607764177e-01
1.565633869790643562e-01
1.963625586417216407e-01
1.257833487443254517e-01
2.374074809406054587e-01
4.691278017774264120e-01
5.790199382063473399e-01
7.243916531738178177e-01
8.676517698772313603e-01
9.282889134481372428e-01
9.552215510244803642e-01
8.510182650370204938e-01
5.674658921594064598e-01
2.769543119286586030e-01
2.398156116075677025e-01
1.837682007431776232e-01
5.509653290035623208e-01
5.482149645259550841e-01
7.232148374901945509e-01
5.399666262424471785e-01
8.406643692437809623e-01
7.588602407008517847e-01
8.328767957170182257e-01
8.559335033342851951e-01
3.826303394431113114e-01
1.783333598709505863e-01
1.527482065239177400e-01
9.965158626206145620e-02
2.406037460690985397e-01
1.605342021822582232e-01
3.319158550054012724e-01
4.267119166521765594e-01
6.340320499050168257e-01
6.906214497598140989e-01
8.606772887581320974e-01
9.269777159326464400e-01
9.017720909148005948e-01
8.099409563133358469e-01
4.095472380277940805e-01
1.330354369281194493e-01
2.150544361181714326e-01
1.004722416021335829e-01
2.815381991189364747e-02
2.323140305331382049e-01
2.835367985766492627e-01
6.862846751959457425e-02
9.289885816346638014e-01
7.421199824582114246e-01
7.541899519812179653e-01
5.855815146338715360e-01
4.260987343262291893e-01
2.297845048795769118e-01
4.011370805881513402e-01
1.032576395770013894e-01
9.511822814396947434e-02
3.873474198887437714e-01
3.880249702795549038e-01
5.376024174930320587e-01
8.221455906755038567e-01
7.572680522456531893e-01
7.808876948277310159e-01
9.144140951687556029e-01
9.661413001395022793e-01
9.420477105055424794e-01
6.971272428454605707e-01
2.681575764825846475e-01
1.549192890322462768e-01
1.165292410421430169e-01
2.009296897389239306e-02
5.982153660132327050e-02
8.740678497815056180e-02
1.336364845304496007e-01
7.280426902305932035e-01
7.730172985312093736e-01
8.056168217779164920e-01
5.108491580044014491e-01
6.471403178052907990e-01
3.241953578024500127e-01
9.202175838916157868e-01
6.834200411879363113e-01
1.902459147417243646e-01
5.588006913265834985e-01
7.557159087480819215e-01
2.393745539264088285e-01
6.253663734076704284e-01
6.426381333609582081e-01
8.764190048234723474e-01
9.467572988044952176e-01
9.193736909189444972e-01
6.653925189748219893e-01
5.551435113353384576e-01
5.557862485626047233e-01
2.174165138000946351e-01
7.464741919967786410e-02
5.198755734704958026e-02
1.279662421334854805e-01
1.801717757397150177e-01
1.222112008260285154e-01
7.899585730378138049e-01
5.681866777747481834e-01
7.985189467008011466e-01
5.509425594588576169e-01
3.353826717993192985e-01
3.867465745960508849e-01
8.854296904898697473e-01
7.412624510066316841e-01
6.726844597174428397e-01
3.433712438821679980e-01
4.183133607262866094e-01
6.732195290232441121e-01
7.590071558982154354e-01
8.453485231615505135e-01
9.208781472810346758e-01
9.347913415187274477e-01
4.065095960246418727e-01
2.581215938730533344e-01
6.821320431397954742e-01
7.023822842868465699e-01
5.985454142470081340e-01
8.955938331331867452e-01
5.555454431081701117e-01
1.725790849379895131e-01
8.397681688929165000e-02
4.980725324152066591e-01
3.197992118444936693e-01
5.305754169420568989e-01
6.525862564213302797e-01
1.344116878828067185e-01
4.111253785343987333e-01
4.742646782242999626e-01
5.056312465912722320e-01
7.968140238001955034e-01
6.946748116812280216e-01
7.570778888807054852e-01
5.891910242579817547e-01
6.586177484793078740e-01
6.891875458173883917e-01
9.023620819460730358e-01
9.148922813684874367e-01
5.009935165411221192e-01
8.570572218043343016e-02
1.932702327815360444e-01
3.798973330543278237e-01
5.386050259241064175e-01
8.307373121596455245e-01
9.039163215556380582e-01
8.838468602493274595e-01
3.173453208361303735e-01
7.815002198607455541e-02
2.606739285404058304e-01
8.798328445597954905e-01
9.544627185164344940e-01
4.600645338369641069e-01
3.272239303360779394e-01
3.477560795892737922e-01
4.897125700195396059e-01
8.386914654131181202e-01
5.547375434679969741e-01
8.178423018986216153e-01
5.606465709880812387e-01
9.121801376235670888e-01
8.571375104322656036e-01
8.238541206678362538e-01
7.634114184557220240e-01
8.871813113613811197e-01
2.113348489111768758e-01
1.453560654832281307e-01
1.682397712489654140e-01
2.582620416219244541e-01
5.223160981214660659e-01
6.306037873072524169e-01
9.295373646912212795e-01
8.136771027216370689e-01
5.393567269074334147e-01
3.562172073192694244e-01
2.129508606225195555e-01
8.470832212525823968e-01
8.964742506887990459e-01
8.828032868455198967e-02
1.474509111060181010e-01
2.032406808774241402e-01
7.118044465075933358e-01
4.221077528876757690e-01
3.899683988111990462e-01
8.394540507442140864e-01
9.158177652426352511e-01
9.052695869514620908e-01
7.716169965301675759e-01
7.580250217425252846e-01
9.183699870157674416e-01
6.140548420629301507e-01
1.473560914266515143e-01
2.671203125218528096e-01
2.720010695537296574e-01
5.941870120965697666e-01
6.042305554660389877e-01
7.591314380949590879e-01
9.376279202700268378e-01
9.185293081505474522e-01
7.028333926931864539e-01
1.985364253543893120e-01
2.360307563014169274e-01
9.014327677694778940e-01
9.021322608987353275e-01
3.168736817907780723e-01
4.434953748452059863e-02
1.244370935664747546e-01
6.100979123255138026e-01
8.499683646733173781e-01
7.708348461218756942e-01
7.132670818885913366e-01
9.301186650312254223e-01
9.323430175692301036e-01
7.715351764276454638e-01
9.305352157253042877e-01
9.311059945953993333e-01
8.362413585561442320e-01
1.151680411261417070e-01
7.819712325909337902e-02
1.904340981306524849e-01
6.633962601329234099e-01
5.902465534137837366e-01
9.271033179504382105e-01
7.952930156554733898e-01
9.296680510452165480e-01
3.391077026073409106e-01
1.513286830697782026e-01
1.998248904825047079e-01
8.638178554456648062e-01
8.901949270030309336e-01
7.235009637193265952e-01
5.672216583414706886e-02
1.368665817854136935e-01
4.355680063842920502e-01
6.687610572938342823e-01
8.735599059604939320e-01
8.405576302185246984e-01
8.833263345172657210e-01
6.716509950862110667e-01
5.634155488483474361e-01
6.763648620192936889e-01
8.386988175228748954e-01
6.042962571267692651e-01
5.096977667427431136e-02
1.879827617034957321e-01
3.182064051406829908e-01
5.758678997822759271e-01
6.719186085835922029e-01
5.840940604455110430e-01
6.715662996051292577e-01
8.689077909418687629e-01
1.518424526769305005e-01
5.161820969489494537e-02
1.398182955701032515e-01
7.252588130954195078e-01
9.518133534047119593e-01
8.106395675764652697e-01
1.350864674254973474e-01
1.037764200520787383e-01
3.421731828233037231e-01
6.456138939361737439e-01
9.483486641999780975e-01
8.940456530036748894e-01
8.979859977973896346e-01
1.087285985306210845e-01
6.728797838326896485e-01
6.993764082050190067e-01
6.892276773828808212e-01
4.439765907178627735e-01
1.714990720064085150e-01
6.018506537316146293e-02
2.947949773010038466e-01
6.387392730420858866e-01
2.508142582168332302e-01
5.685627649929851923e-01
6.313651655479588509e-01
5.869334075991747834e-01
1.646075493733522299e-01
1.301656087490788427e-01
2.726225783793973512e-01
7.823454990486369276e-01
8.151331106373235214e-01
8.856959912792039535e-01
1.196501635595423607e-01
7.651669675929091696e-02
1.279114864381949435e-01
6.271989869522363037e-01
9.579946055190782239e-01
8.840640032724684794e-01
1.291756529517281427e-01
1.795383039827323501e-01
1.531864915034164554e-01
2.739891589773345570e-01
6.056572203986526626e-01
4.888667165840423490e-01
2.079586029970168504e-01
1.275589901994823860e-01
4.690955023856906436e-01
6.687702497089236253e-01
3.413579675723301676e-01
4.782220319779951767e-01
3.970975869833076599e-01
8.707245465578365706e-02
1.246802854553485940e-01
5.579297168376154969e-01
8.337813595546019751e-01
6.985223456439029199e-01
7.622352906229745706e-01
6.987934426214186256e-01
1.263478345145571113e-01
1.461003763584719228e-01
2.869720873373886594e-01
1.689760079105817048e-01
9.589640689521656824e-01
9.463124065334793666e-01
1.499549994018727350e-01
2.526096689622553404e-01
2.678339940685431353e-01
1.465583166750266120e-01
4.309178676010804176e-01
1.905896460050507391e-01
5.734163664661896531e-01
4.422615922367583163e-01
8.552207297730741731e-01
3.940106627930103911e-01
2.829608818969701067e-01
1.737990466128991329e-01
3.530965918586633223e-01
7.493825832165226797e-02
8.656648806365101201e-02
2.737614441047211411e-01
3.253341614383244984e-01
5.983333687385568034e-01
7.239930384429877908e-01
7.104179637387917357e-01
1.568939709360318291e-01
1.976021839080639164e-01
1.389814463136700984e-01
2.686006195817736142e-01
7.356387254707473788e-01
5.773873835749732120e-01
1.681064583425455339e-01
1.793828905451483879e-01
2.865736642161411107e-01
5.762624407621601552e-01
3.339010936040339717e-01
3.868016765436720350e-01
2.282224457777908555e-01
7.025428147099425924e-02
2.424939937304718129e-01
4.006957493774270240e-01
2.813425300022845410e-01
3.335954726276249005e-01
2.120196587475877970e-01
9.114274784051384914e-02
2.367895111048506362e-01
2.658266633735506534e-01
7.042333046716404699e-01
3.755395087750461047e-01
8.772510863937531544e-01
4.247497829923778112e-01
2.049789028951037595e-01
3.126243949617819040e-01
7.690190855569360995e-01
7.898109593639215387e-01
8.895910090408141180e-01
1.490986706908857817e-01
1.691835347857970628e-01
1.909308278408247683e-01
6.171884214423479786e-01
3.511019000419912106e-01
4.287299196767991316e-01
4.897486466182824350e-01
1.755938137018885625e-01
1.195167442627146220e-01
2.196990678597839364e-01
1.881084796714193041e-01
2.274917716412018232e-01
1.616238698142749008e-01
8.234438385757215928e-02
1.603830665766022567e-01
6.107162737096383243e-01
4.671241381576645146e-01
7.590275650399931351e-01
8.518572630315355276e-01
7.946549103009155068e-01
3.891031210355313519e-01
2.908291964355303461e-01
6.088270198389411636e-01
9.685657562548979915e-02
8.098104536899575212e-01
8.192345161709586598e-01
9.856588401998811477e-02
1.233010101387126828e-01
1.285538882097001234e-01
1.746733335487015981e-01
6.315646204376554884e-01
5.893065412241954570e-01
5.976270340226589317e-01
6.212707209554466647e-01
9.950854045543250370e-02
4.721498227371179190e-01
3.761882563530615231e-01
4.956714972694680754e-01
2.934454081975083062e-01
2.624645790604313023e-01
1.096646849755032460e-01
5.439643066696533413e-01
6.743950569083966284e-01
4.198413366678930281e-01
5.851225748791368808e-01
5.398174867015467226e-01
1.912850691046938389e-01
2.051668187195974380e-01
1.433465116967367337e-01
2.752165376082525428e-01
5.714041308191069035e-01
6.447388955656764287e-01
1.798295399535732864e-01
1.537836492904669505e-01
2.394615241676524287e-01
3.254030300107449425e-01
7.083569405413318032e-01
6.061847695033064642e-01
7.147934129997945973e-01
5.881993338575326469e-01
7.308261145400703207e-02
2.199613987679969185e-01
4.609370729042667758e-01
6.681417044309472253e-01
6.463285766509512253e-01
3.907317960124968015e-01
1.234078211930777769e-01
4.161373385099780831e-01
8.549101554562921201e-01
4.621783294876687376e-01
2.802220308505676827e-01
2.764773863064537429e-01
1.884823899359848454e-01
8.347127308660889922e-02
1.681527001352826067e-01
3.035053097420745138e-01
2.455521000356409578e-01
1.879841559178134225e-01
7.086034626548924908e-01
1.324233175620347092e-01
2.204641206594956104e-01
1.066697259820844346e-01
1.648574474749061602e-01
1.742738438952515512e-01
6.396433697395111917e-01
9.586269390147134084e-02
1.990953067313166180e-01
2.523221959855432850e-01
2.676059974649518947e-01
4.301909667399952952e-01
4.469296867826810238e-01
4.858124395380995775e-02
1.989976439882844006e-01
7.135372785609523927e-01
4.175066673033628328e-01
3.683050705927278790e-01
5.382550047620382472e-01
5.844431643604711679e-01
1.096698061917435324e-01
4.709790867328924602e-01
1.597391230100925485e-01
5.382752331232006915e-01
4.687447076140153213e-01
2.275387189881457883e-01
1.472208108842555652e-01
2.490022991226043259e-01
4.456407452250596424e-02
1.497360666820030106e-01
1.934979265165652218e-01
2.720958412260782167e-01
2.707099534904509053e-01
4.521003370807863408e-01
5.327798965645664797e-01
7.746847093560391695e-01
8.053244836817442520e-01
6.829474149160428276e-01
5.650153902148538076e-01
1.245701675131811320e-01
4.874706734252323703e-02
1.754573960021287293e-01
7.375320151926032519e-01
7.047815999687093713e-01
4.581592897902729833e-01
6.021330528794509585e-01
6.918980316235856520e-01
7.533506077461586958e-01
8.531505202346020278e-01
6.058614373149799892e-01
4.186160484155814765e-01
5.354563729504044911e-01
2.214536215453264401e-01
1.958666260349691268e-01
7.290357327985815816e-01
2.968229363831385026e-01
3.215931541957254836e-01
6.054218281096537257e-01
7.810651078855008755e-01
7.429918632982667193e-01
6.629516855857675584e-01
6.024266320958129306e-01
5.892091505713641375e-01
7.185695652995374161e-01
6.059975624724093235e-01
1.709362568834502938e-01
8.292299374934650191e-02
2.096010808053294094e-01
3.346779725039011888e-01
5.662423621003265239e-01
6.040580467471367010e-01
9.119184997684514071e-01
7.870883516914362055e-01
8.087406623125013017e-01
8.087113415565968522e-01
3.674499097423851168e-01
7.093703611396380282e-01
8.660358443303273202e-01
7.716626137354711812e-01
2.997104403445550735e-01
7.628493980834459842e-01
4.129384466189318093e-01
1.490599980209963982e-01
4.529059579520979817e-01
7.132496844278577441e-01
6.737702508912423172e-01
6.400090812660059747e-01
6.259647851779575056e-01
8.420941247192418322e-01
8.208149960574446791e-01
6.746846872060331679e-02
1.858138446661005694e-01
4.336664711924005655e-02
3.090870672763071925e-01
8.091518652331202155e-01
5.365316094657353041e-01
6.424496341856260617e-01
8.160696012877108885e-01
7.411560086917341472e-01
5.450100799566832688e-01
6.556783541941720861e-01
7.329404286604785934e-01
6.953417857529908819e-01
8.249593284351424138e-01
6.197756695953239303e-01
2.985227832242112189e-01
1.709889548435478690e-01
4.209895241498025076e-01
2.759885121380701856e-01
4.049164146372816186e-01
7.899967262711281579e-01
9.363753862303330067e-01
8.188318341200878647e-01
3.825355419544193003e-01
4.195228452719054757e-01
3.351165053755149614e-01
3.423852127819901892e-01
7.611667503487862252e-02
1.188535672885661781e-01
1.540827027902814672e-01
5.798729184529298752e-01
6.701130519050331191e-01
3.282445876937828411e-01
7.964730893873115392e-01
6.237300181193798920e-01
5.781199123854783295e-01
1.827736872771592858e-01
2.441805780367202472e-01
2.745802067583282824e-01
6.992758951258343236e-01
6.964385847600567114e-01
5.329045697315504260e-01
6.098052983453787768e-01
3.882500750000414946e-01
5.907423966206982735e-01
6.701283224967348184e-01
7.403936049362577210e-01
7.539358625363170585e-01
8.082004830471272161e-01
5.631769718403120129e-01
2.998059340007148688e-01
3.528434320006741953e-01
2.871896169650175468e-01
2.040574829992434502e-01
5.286939547847165910e-01
4.671128627958911483e-01
3.139803502095318555e-01
4.273492681248463043e-01
2.762567785301718315e-01
5.455236654858885981e-01
5.060849795514057448e-01
4.182115346514317933e-01
6.584029807040449045e-01
3.944125151776933791e-01
5.691601006228249604e-01
6.822380088756199168e-01
2.943028510440324763e-01
2.108683839395851800e-01
3.954379167800715078e-01
1.655369251698999289e-01
3.897248268268961313e-01
3.724381152539065210e-01
8.286435113397161434e-01
9.101824042383005464e-01
4.345496538067334935e-01
5.203725004476105198e-01
6.908362948518107505e-01
3.961024211839182518e-01
4.987733890675847270e-01
1.897961266677112013e-01
5.352563784288908444e-01
4.122772185002354650e-01
7.086737888799891083e-01
4.963151815020154789e-01
3.455203862454956920e-01
6.391626954073510447e-01
6.950301265267166961e-01
1.182426594366106642e-01
1.422088166576598312e-01
4.805709715023252504e-01
1.816816675440509066e-01
6.746012697901087041e-01
8.322642931775950936e-01
3.034049311883526001e-01
2.879797153660716980e-01
4.876374631461992681e-01
1.729107583342313070e-01
5.397193849414789746e-01
6.898855817658682277e-01
7.847414221540558454e-01
4.105540389083385810e-01
3.822071453372980487e-01
5.768808093120108005e-01
3.737160310938982821e-01
3.244665077556559973e-01
3.685526328628362380e-01
6.305336705169037881e-01
6.336118852364571730e-01
3.365245036598674688e-01
2.188386181682069054e-01
2.296655868652597854e-01
1.416320610861072082e-01
3.071238217503822754e-01
1.598546079175983126e-01
1.770913125963824164e-01
1.839647251535774242e-01
6.017576563872821804e-01
7.073589079728934692e-01
4.400478214145434053e-01
4.693304432685410643e-01
5.735250596684338120e-01
2.674982589124728638e-01
6.459887903097458750e-01
5.677901183772255944e-01
4.912471217654343358e-01
5.099397288682399054e-01
3.846506106860663188e-01
4.808768223899277938e-01
7.383121424197812699e-01
6.571510887476412766e-01
3.162473618892938099e-01
3.906207938579966399e-01
3.794286169798909425e-01
3.948386393656299065e-01
5.020998091500041838e-01
4.263186485107289259e-01
5.505349038637291637e-01
8.209678773886777137e-01
6.211717286787146741e-02
1.465535119144488752e-01
1.449934261206492492e-01
3.371031359314072273e-01
7.152175596580022665e-01
7.594594329901086516e-01
7.148411235254016338e-01
8.065348896443701454e-01
5.900564318558345622e-01
1.840597771071111333e-01
7.291825377031977418e-01
4.873579903465349861e-01
1.805922170706597274e-01
1.545049297054580939e-01
2.170800276419120600e-01
1.220911773726885419e-01
4.335349671750453604e-01
2.056060597403747692e-01
4.441107321670420549e-01
3.414863072820031875e-01
2.893401586180616714e-01
3.795148694754942320e-01
2.368707118575641424e-01
7.649130272507138617e-01
2.296655868652597854e-01
1.416320610861072082e-01
3.071238217503822754e-01
1.598546079175983126e-01
1.770913125963824164e-01
1.839647251535774242e-01
6.017576563872821804e-01
7.073589079728934692e-01
4.400478214145434053e-01
4.693304432685410643e-01
5.735250596684338120e-01
2.674982589124728638e-01
6.459887903097458750e-01
5.677901183772255944e-01
4.912471217654343358e-01
5.099397288682399054e-01
3.846506106860663188e-01
4.808768223899277938e-01
7.383121424197812699e-01
6.571510887476412766e-01
3.162473618892938099e-01
3.906207938579966399e-01
3.794286169798909425e-01
3.948386393656299065e-01
5.020998091500041838e-01
4.263186485107289259e-01
3.455203862454956920e-01
6.391626954073510447e-01
6.950301265267166961e-01
1.182426594366106642e-01
1.422088166576598312e-01
4.805709715023252504e-01
1.816816675440509066e-01
6.746012697901087041e-01
8.322642931775950936e-01
3.034049311883526001e-01
2.879797153660716980e-01
4.876374631461992681e-01
1.729107583342313070e-01
5.397193849414789746e-01
6.898855817658682277e-01
7.847414221540558454e-01
4.105540389083385810e-01
3.822071453372980487e-01
5.768808093120108005e-01
3.737160310938982821e-01
3.244665077556559973e-01
3.685526328628362380e-01
6.305336705169037881e-01
6.336118852364571730e-01
3.365245036598674688e-01
2.188386181682069054e-01
2.762567785301718315e-01
5.455236654858885981e-01
5.060849795514057448e-01
4.182115346514317933e-01
6.584029807040449045e-01
3.944125151776933791e-01
5.691601006228249604e-01
6.822380088756199168e-01
2.943028510440324763e-01
2.108683839395851800e-01
3.954379167800715078e-01
1.655369251698999289e-01
3.897248268268961313e-01
3.724381152539065210e-01
8.286435113397161434e-01
9.101824042383005464e-01
4.345496538067334935e-01
5.203725004476105198e-01
6.908362948518107505e-01
3.961024211839182518e-01
4.987733890675847270e-01
1.897961266677112013e-01
5.352563784288908444e-01
4.122772185002354650e-01
7.086737888799891083e-01
4.963151815020154789e-01
3.282445876937828411e-01
7.964730893873115392e-01
6.237300181193798920e-01
5.781199123854783295e-01
1.827736872771592858e-01
2.441805780367202472e-01
2.745802067583282824e-01
6.992758951258343236e-01
6.964385847600567114e-01
5.329045697315504260e-01
6.098052983453787768e-01
3.882500750000414946e-01
5.907423966206982735e-01
6.701283224967348184e-01
7.403936049362577210e-01
7.539358625363170585e-01
8.082004830471272161e-01
5.631769718403120129e-01
2.998059340007148688e-01
3.528434320006741953e-01
2.871896169650175468e-01
2.040574829992434502e-01
5.286939547847165910e-01
4.671128627958911483e-01
3.139803502095318555e-01
4.273492681248463043e-01
6.424496341856260617e-01
8.160696012877108885e-01
7.411560086917341472e-01
5.450100799566832688e-01
6.556783541941720861e-01
7.329404286604785934e-01
6.953417857529908819e-01
8.249593284351424138e-01
6.197756695953239303e-01
2.985227832242112189e-01
1.709889548435478690e-01
4.209895241498025076e-01
2.759885121380701856e-01
4.049164146372816186e-01
7.899967262711281579e-01
9.363753862303330067e-01
8.188318341200878647e-01
3.825355419544193003e-01
4.195228452719054757e-01
3.351165053755149614e-01
3.423852127819901892e-01
7.611667503487862252e-02
1.188535672885661781e-01
1.540827027902814672e-01
5.798729184529298752e-01
6.701130519050331191e-01
6.040580467471367010e-01
9.119184997684514071e-01
7.870883516914362055e-01
8.087406623125013017e-01
8.087113415565968522e-01
3.674499097423851168e-01
7.093703611396380282e-01
8.660358443303273202e-01
7.716626137354711812e-01
2.997104403445550735e-01
7.628493980834459842e-01
4.129384466189318093e-01
1.490599980209963982e-01
4.529059579520979817e-01
7.132496844278577441e-01
6.737702508912423172e-01
6.400090812660059747e-01
6.259647851779575056e-01
8.420941247192418322e-01
8.208149960574446791e-01
6.746846872060331679e-02
1.858138446661005694e-01
4.336664711924005655e-02
3.090870672763071925e-01
8.091518652331202155e-01
5.365316094657353041e-01
4.581592897902729833e-01
6.021330528794509585e-01
6.918980316235856520e-01
7.533506077461586958e-01
8.531505202346020278e-01
6.058614373149799892e-01
4.186160484155814765e-01
5.354563729504044911e-01
2.214536215453264401e-01
1.958666260349691268e-01
7.290357327985815816e-01
2.968229363831385026e-01
3.215931541957254836e-01
6.054218281096537257e-01
7.810651078855008755e-01
7.429918632982667193e-01
6.629516855857675584e-01
6.024266320958129306e-01
5.892091505713641375e-01
7.185695652995374161e-01
6.059975624724093235e-01
1.709362568834502938e-01
8.292299374934650191e-02
2.096010808053294094e-01
3.346779725039011888e-01
5.662423621003265239e-01
5.382550047620382472e-01
5.844431643604711679e-01
1.096698061917435324e-01
4.709790867328924602e-01
1.597391230100925485e-01
5.382752331232006915e-01
4.687447076140153213e-01
2.275387189881457883e-01
1.472208108842555652e-01
2.490022991226043259e-01
4.456407452250596424e-02
1.497360666820030106e-01
1.934979265165652218e-01
2.720958412260782167e-01
2.707099534904509053e-01
4.521003370807863408e-01
5.327798965645664797e-01
7.746847093560391695e-01
8.053244836817442520e-01
6.829474149160428276e-01
5.650153902148538076e-01
1.245701675131811320e-01
4.874706734252323703e-02
1.754573960021287293e-01
7.375320151926032519e-01
7.047815999687093713e-01
2.802220308505676827e-01
2.764773863064537429e-01
1.884823899359848454e-01
8.347127308660889922e-02
1.681527001352826067e-01
3.035053097420745138e-01
2.455521000356409578e-01
1.879841559178134225e-01
7.086034626548924908e-01
1.324233175620347092e-01
2.204641206594956104e-01
1.066697259820844346e-01
1.648574474749061602e-01
1.742738438952515512e-01
6.396433697395111917e-01
9.586269390147134084e-02
1.990953067313166180e-01
2.523221959855432850e-01
2.676059974649518947e-01
4.301909667399952952e-01
4.469296867826810238e-01
4.858124395380995775e-02
1.989976439882844006e-01
7.135372785609523927e-01
4.175066673033628328e-01
3.683050705927278790e-01
5.851225748791368808e-01
5.398174867015467226e-01
1.912850691046938389e-01
2.051668187195974380e-01
1.433465116967367337e-01
2.752165376082525428e-01
5.714041308191069035e-01
6.447388955656764287e-01
1.798295399535732864e-01
1.537836492904669505e-01
2.394615241676524287e-01
3.254030300107449425e-01
7.083569405413318032e-01
6.061847695033064642e-01
7.147934129997945973e-01
5.881993338575326469e-01
7.308261145400703207e-02
2.199613987679969185e-01
4.609370729042667758e-01
6.681417044309472253e-01
6.463285766509512253e-01
3.907317960124968015e-01
1.234078211930777769e-01
4.161373385099780831e-01
8.549101554562921201e-01
4.621783294876687376e-01
8.518572630315355276e-01
7.946549103009155068e-01
3.891031210355313519e-01
2.908291964355303461e-01
6.088270198389411636e-01
9.685657562548979915e-02
8.098104536899575212e-01
8.192345161709586598e-01
9.856588401998811477e-02
1.233010101387126828e-01
1.285538882097001234e-01
1.746733335487015981e-01
6.315646204376554884e-01
5.893065412241954570e-01
5.976270340226589317e-01
6.212707209554466647e-01
9.950854045543250370e-02
4.721498227371179190e-01
3.761882563530615231e-01
4.956714972694680754e-01
2.934454081975083062e-01
2.624645790604313023e-01
1.096646849755032460e-01
5.439643066696533413e-01
6.743950569083966284e-01
4.198413366678930281e-01
3.755395087750461047e-01
8.772510863937531544e-01
4.247497829923778112e-01
2.049789028951037595e-01
3.126243949617819040e-01
7.690190855569360995e-01
7.898109593639215387e-01
8.895910090408141180e-01
1.490986706908857817e-01
1.691835347857970628e-01
1.909308278408247683e-01
6.171884214423479786e-01
3.511019000419912106e-01
4.287299196767991316e-01
4.897486466182824350e-01
1.755938137018885625e-01
1.195167442627146220e-01
2.196990678597839364e-01
1.881084796714193041e-01
2.274917716412018232e-01
1.616238698142749008e-01
8.234438385757215928e-02
1.603830665766022567e-01
6.107162737096383243e-01
4.671241381576645146e-01
7.590275650399931351e-01
5.983333687385568034e-01
7.239930384429877908e-01
7.104179637387917357e-01
1.568939709360318291e-01
1.976021839080639164e-01
1.389814463136700984e-01
2.686006195817736142e-01
7.356387254707473788e-01
5.773873835749732120e-01
1.681064583425455339e-01
1.793828905451483879e-01
2.865736642161411107e-01
5.762624407621601552e-01
3.339010936040339717e-01
3.868016765436720350e-01
2.282224457777908555e-01
7.025428147099425924e-02
2.424939937304718129e-01
4.006957493774270240e-01
2.813425300022845410e-01
3.335954726276249005e-01
2.120196587475877970e-01
9.114274784051384914e-02
2.367895111048506362e-01
2.658266633735506534e-01
7.042333046716404699e-01
6.985223456439029199e-01
7.622352906229745706e-01
6.987934426214186256e-01
1.263478345145571113e-01
1.461003763584719228e-01
2.869720873373886594e-01
1.689760079105817048e-01
9.589640689521656824e-01
9.463124065334793666e-01
1.499549994018727350e-01
2.526096689622553404e-01
2.678339940685431353e-01
1.465583166750266120e-01
4.309178676010804176e-01
1.905896460050507391e-01
5.734163664661896531e-01
4.422615922367583163e-01
8.552207297730741731e-01
3.940106627930103911e-01
2.829608818969701067e-01
1.737990466128991329e-01
3.530965918586633223e-01
7.493825832165226797e-02
8.656648806365101201e-02
2.737614441047211411e-01
3.253341614383244984e-01
7.823454990486369276e-01
8.151331106373235214e-01
8.856959912792039535e-01
1.196501635595423607e-01
7.651669675929091696e-02
1.279114864381949435e-01
6.271989869522363037e-01
9.579946055190782239e-01
8.840640032724684794e-01
1.291756529517281427e-01
1.795383039827323501e-01
1.531864915034164554e-01
2.739891589773345570e-01
6.056572203986526626e-01
4.888667165840423490e-01
2.079586029970168504e-01
1.275589901994823860e-01
4.690955023856906436e-01
6.687702497089236253e-01
3.413579675723301676e-01
4.782220319779951767e-01
3.970975869833076599e-01
8.707245465578365706e-02
1.246802854553485940e-01
5.579297168376154969e-01
8.337813595546019751e-01
7.252588130954195078e-01
9.518133534047119593e-01
8.106395675764652697e-01
1.350864674254973474e-01
1.037764200520787383e-01
3.421731828233037231e-01
6.456138939361737439e-01
9.483486641999780975e-01
8.940456530036748894e-01
8.979859977973896346e-01
1.087285985306210845e-01
6.728797838326896485e-01
6.993764082050190067e-01
6.892276773828808212e-01
4.439765907178627735e-01
1.714990720064085150e-01
6.018506537316146293e-02
2.947949773010038466e-01
6.387392730420858866e-01
2.508142582168332302e-01
5.685627649929851923e-01
6.313651655479588509e-01
5.869334075991747834e-01
1.646075493733522299e-01
1.301656087490788427e-01
2.726225783793973512e-01
8.638178554456648062e-01
8.901949270030309336e-01
7.235009637193265952e-01
5.672216583414706886e-02
1.368665817854136935e-01
4.355680063842920502e-01
6.687610572938342823e-01
8.735599059604939320e-01
8.405576302185246984e-01
8.833263345172657210e-01
6.716509950862110667e-01
5.634155488483474361e-01
6.763648620192936889e-01
8.386988175228748954e-01
6.042962571267692651e-01
5.096977667427431136e-02
1.879827617034957321e-01
3.182064051406829908e-01
5.758678997822759271e-01
6.719186085835922029e-01
5.840940604455110430e-01
6.715662996051292577e-01
8.689077909418687629e-01
1.518424526769305005e-01
5.161820969489494537e-02
1.398182955701032515e-01
9.014327677694778940e-01
9.021322608987353275e-01
3.168736817907780723e-01
4.434953748452059863e-02
1.244370935664747546e-01
6.100979123255138026e-01
8.499683646733173781e-01
7.708348461218756942e-01
7.132670818885913366e-01
9.301186650312254223e-01
9.323430175692301036e-01
7.715351764276454638e-01
9.305352157253042877e-01
9.311059945953993333e-01
8.362413585561442320e-01
1.151680411261417070e-01
7.819712325909337902e-02
1.904340981306524849e-01
6.633962601329234099e-01
5.902465534137837366e-01
9.271033179504382105e-01
7.952930156554733898e-01
9.296680510452165480e-01
3.391077026073409106e-01
1.513286830697782026e-01
1.998248904825047079e-01
8.470832212525823968e-01
8.964742506887990459e-01
8.828032868455198967e-02
1.474509111060181010e-01
2.032406808774241402e-01
7.118044465075933358e-01
4.221077528876757690e-01
3.899683988111990462e-01
8.394540507442140864e-01
9.158177652426352511e-01
9.052695869514620908e-01
7.716169965301675759e-01
7.580250217425252846e-01
9.183699870157674416e-01
6.140548420629301507e-01
1.473560914266515143e-01
2.671203125218528096e-01
2.720010695537296574e-01
5.941870120965697666e-01
6.042305554660389877e-01
7.591314380949590879e-01
9.376279202700268378e-01
9.185293081505474522e-01
7.028333926931864539e-01
1.985364253543893120e-01
2.360307563014169274e-01
8.798328445597954905e-01
9.544627185164344940e-01
4.600645338369641069e-01
3.272239303360779394e-01
3.477560795892737922e-01
4.897125700195396059e-01
8.386914654131181202e-01
5.547375434679969741e-01
8.178423018986216153e-01
5.606465709880812387e-01
9.121801376235670888e-01
8.571375104322656036e-01
8.238541206678362538e-01
7.634114184557220240e-01
8.871813113613811197e-01
2.113348489111768758e-01
1.453560654832281307e-01
1.682397712489654140e-01
2.582620416219244541e-01
5.223160981214660659e-01
6.306037873072524169e-01
9.295373646912212795e-01
8.136771027216370689e-01
5.393567269074334147e-01
3.562172073192694244e-01
2.129508606225195555e-01
3.197992118444936693e-01
5.305754169420568989e-01
6.525862564213302797e-01
1.344116878828067185e-01
4.111253785343987333e-01
4.742646782242999626e-01
5.056312465912722320e-01
7.968140238001955034e-01
6.946748116812280216e-01
7.570778888807054852e-01
5.891910242579817547e-01
6.586177484793078740e-01
6.891875458173883917e-01
9.023620819460730358e-01
9.148922813684874367e-01
5.009935165411221192e-01
8.570572218043343016e-02
1.932702327815360444e-01
3.798973330543278237e-01
5.386050259241064175e-01
8.307373121596455245e-01
9.039163215556380582e-01
8.838468602493274595e-01
3.173453208361303735e-01
7.815002198607455541e-02
2.606739285404058304e-01
7.899585730378138049e-01
5.681866777747481834e-01
7.985189467008011466e-01
5.509425594588576169e-01
3.353826717993192985e-01
3.867465745960508849e-01
8.854296904898697473e-01
7.412624510066316841e-01
6.726844597174428397e-01
3.433712438821679980e-01
4.183133607262866094e-01
6.732195290232441121e-01
7.590071558982154354e-01
8.453485231615505135e-01
9.208781472810346758e-01
9.347913415187274477e-01
4.065095960246418727e-01
2.581215938730533344e-01
6.821320431397954742e-01
7.023822842868465699e-01
5.985454142470081340e-01
8.955938331331867452e-01
5.555454431081701117e-01
1.725790849379895131e-01
8.397681688929165000e-02
4.980725324152066591e-01
7.280426902305932035e-01
7.730172985312093736e-01
8.056168217779164920e-01
5.108491580044014491e-01
6.471403178052907990e-01
3.241953578024500127e-01
9.202175838916157868e-01
6.834200411879363113e-01
1.902459147417243646e-01
5.588006913265834985e-01
7.557159087480819215e-01
2.393745539264088285e-01
6.253663734076704284e-01
6.426381333609582081e-01
8.764190048234723474e-01
9.467572988044952176e-01
9.193736909189444972e-01
6.653925189748219893e-01
5.551435113353384576e-01
5.557862485626047233e-01
2.174165138000946351e-01
7.464741919967786410e-02
5.198755734704958026e-02
1.279662421334854805e-01
1.801717757397150177e-01
1.222112008260285154e-01
9.289885816346638014e-01
7.421199824582114246e-01
7.541899519812179653e-01
5.855815146338715360e-01
4.260987343262291893e-01
2.297845048795769118e-01
4.011370805881513402e-01
1.032576395770013894e-01
9.511822814396947434e-02
3.873474198887437714e-01
3.880249702795549038e-01
5.376024174930320587e-01
8.221455906755038567e-01
7.572680522456531893e-01
7.808876948277310159e-01
9.144140951687556029e-01
9.661413001395022793e-01
9.420477105055424794e-01
6.971272428454605707e-01
2.681575764825846475e-01
1.549192890322462768e-01
1.165292410421430169e-01
2.009296897389239306e-02
5.982153660132327050e-02
8.740678497815056180e-02
1.336364845304496007e-01
8.406643692437809623e-01
7.588602407008517847e-01
8.328767957170182257e-01
8.559335033342851951e-01
3.826303394431113114e-01
1.783333598709505863e-01
1.527482065239177400e-01
9.965158626206145620e-02
2.406037460690985397e-01
1.605342021822582232e-01
3.319158550054012724e-01
4.267119166521765594e-01
6.340320499050168257e-01
6.906214497598140989e-01
8.606772887581320974e-01
9.269777159326464400e-01
9.017720909148005948e-01
8.099409563133358469e-01
4.095472380277940805e-01
1.330354369281194493e-01
2.150544361181714326e-01
1.004722416021335829e-01
2.815381991189364747e-02
2.323140305331382049e-01
2.835367985766492627e-01
6.862846751959457425e-02
1.832411648439091767e-01
5.557063623888078840e-01
3.236011275815718902e-01
2.042583462586644028e-01
4.206101961819646018e-01
5.646808892268400104e-01
1.885927346607764177e-01
1.565633869790643562e-01
1.963625586417216407e-01
1.257833487443254517e-01
2.374074809406054587e-01
4.691278017774264120e-01
5.790199382063473399e-01
7.243916531738178177e-01
8.676517698772313603e-01
9.282889134481372428e-01
9.552215510244803642e-01
8.510182650370204938e-01
5.674658921594064598e-01
2.769543119286586030e-01
2.398156116075677025e-01
1.837682007431776232e-01
5.509653290035623208e-01
5.482149645259550841e-01
7.232148374901945509e-01
5.399666262424471785e-01
2.087668501117213304e-01
9.374074077501133584e-02
1.988221326470349104e-01
2.012299816843697853e-01
2.135184641285534646e-01
8.633265980853321864e-02
1.020035309530030049e-01
1.982649528503925840e-01
1.978663446859899588e-01
2.532247525495551765e-01
3.601484443361748777e-01
1.446691789626348423e-01
1.369427913126387841e-01
6.949928373919617153e-02
3.408411431151877613e-01
9.149580936317363022e-01
9.479855082774704123e-01
6.985822530922511930e-01
4.512145595627959915e-01
8.852627113111968815e-02
3.079096559750343354e-01
2.629673950866803778e-01
5.116702562280469602e-01
8.496004026082175642e-01
7.600633501537064074e-01
8.476374025401334222e-01
1.383939199801184905e-01
4.292383722982686112e-01
4.026729561470425711e-01
5.905224001282128876e-01
2.239565686283925827e-01
6.947508232635938308e-01
3.621512993499835797e-01
5.790068552657543499e-01
4.862346325330528796e-01
6.383263130879208713e-01
4.698499370686515936e-02
2.597808115033174436e-01
2.969968002340839242e-01
5.595251046925329153e-01
4.954956799787532118e-01
7.258479764779914856e-01
6.928107734844775045e-01
4.148362302154353642e-01
4.343386944819901258e-02
8.540788009316177543e-02
1.565049759442181665e-01
3.248331600540523834e-01
8.407898205007526826e-01
8.521162373374937538e-01
7.486921679017444209e-01
7.861068443489840352e-01
6.342797503581356633e-01
7.663366204154882233e-01
7.423688006268114314e-01
8.965648189429338277e-01
4.415710946199536968e-01
5.128428087795112722e-01
6.179617943424817739e-01
7.430903577096105161e-01
3.945067367487507526e-01
2.446378975773026154e-01
5.125096519639728981e-02
1.249378526653090737e-01
1.977505664192049650e-01
8.190402018943334639e-01
5.418608642457438673e-01
5.589096792515455547e-01
7.929580945677672243e-01
3.451025058161018011e-01
7.313900645870392847e-02
6.923471645327543278e-02
1.583496558662209619e-01
2.425367599075580194e-01
5.917867099909298600e-01
7.392521941936252006e-01
7.373194019859443671e-01
5.429860536569280915e-01
3.085369249684731252e-01
4.625210842827942592e-01
5.420197541512492556e-01
8.468677620935969319e-01
8.487554612960073186e-01
5.291764990974698879e-01
2.288517260653269436e-01
5.600373354959669037e-01
5.390209476121572418e-01
1.906045686699769370e-01
4.800912146609990216e-01
1.001257675549517834e-01
4.565031136930929878e-01
4.605966897522584258e-01
5.565442222468153233e-01
7.462298002990703782e-01
9.313561738291984415e-01
8.364846594044903494e-01
2.421947044440848629e-01
5.274547284401143871e-02
9.738686872365777403e-02
1.560679541177356078e-01
1.841410799397184272e-01
4.665948051151075915e-01
2.368429387572819622e-01
1.419046749906879290e-01
5.562828700507935764e-01
6.139780368385658882e-01
7.824707468553198098e-01
9.110963873666682034e-01
4.811101191284525846e-01
2.643127464037253738e-01
7.327408287722186886e-01
6.097890674642350017e-01
6.835491852767194842e-01
1.620113833733679287e-01
4.341225490081680738e-02
5.136202528839332176e-02
3.297571970265684715e-01
6.705703020550544124e-01
7.040463928852411790e-01
7.532438731133725973e-01
7.741442828321989378e-01
7.371247646185161706e-01
5.418390521452096653e-01
2.061280308665347505e-01
2.013891106936109843e-01
5.170798895618871488e-02
6.758103556449712723e-02
1.946731602013233586e-01
1.502989132150833185e-01
8.564082751082191525e-02
7.860379572319236008e-01
8.594363336598029868e-01
7.821615989568966310e-01
5.632652393679385971e-01
3.760025762703167462e-01
5.824415489827851067e-01
7.876102983296132676e-01
6.344154103604842110e-01
3.842035963981745850e-01
1.591040834447442487e-01
2.017935954645120045e-01
7.580575277453777128e-02
9.739501907100434064e-02
5.316093438989597519e-01
6.734823439102630704e-01
8.876809156099068066e-01
9.313936585341555663e-01
8.652990100202427870e-01
6.734025232406628536e-01
6.510832574463762956e-01
8.531572045793023307e-01
7.065827716476414944e-01
1.388175597654652815e-01
7.478234025963445553e-02
4.824306627242705425e-02
9.543630478246306614e-02
7.830500100100010741e-01
8.626690384528874489e-01
6.784899983640805265e-01
2.403684728129617532e-01
1.726698750459205178e-01
7.048579296352261991e-01
8.444995067349069240e-01
8.468007852328414131e-01
4.377748289105242718e-01
7.636890417445185708e-02
1.384176776180440771e-01
9.113344233021483665e-02
2.474363388566536148e-01
6.235415025932372624e-01
8.882818322460714899e-01
7.887842767379849018e-01
9.074469827780988762e-01
7.915102167952050571e-01
7.877871465876438162e-01
6.242717021866721616e-01
8.964316007403287934e-01
9.055863083274907632e-01
6.172068797781116167e-01
4.298896460141307108e-01
2.004699821483537647e-01
4.470522577703677780e-01
8.496390416523420530e-01
6.290357639866990258e-01
3.670929436594873585e-01
2.011060627234169951e-01
2.638568636803867995e-01
6.515613088559973898e-01
8.172155858943841444e-01
9.308585154338782086e-01
6.823579035111867475e-01
4.270164806472424024e-01
2.779539727064612165e-01
1.516327839248461373e-01
2.457218790076612647e-01
5.958850486513981304e-01
5.765454433996113348e-01
8.659292540138389116e-01
8.723246653273541984e-01
6.894317625293644447e-01
1.909777848949017198e-01
7.629922473417507511e-01
8.680666036785630313e-01
8.111363791010552937e-01
9.147315023629382091e-01
5.034187782221720697e-01
3.083061409905683004e-01
6.242283623418236616e-01
3.742156261209449442e-01
7.395488319130551214e-02
1.103147254904015967e-01
5.244471889030256212e-02
2.615995587310631088e-01
7.723272173949544683e-01
9.073950668443949708e-01
8.219415578981957848e-01
9.348562668051687563e-01
5.089264311295580434e-01
2.039372816679991818e-01
1.216628265282521243e-01
1.159936678532551280e-01
2.711832244825413962e-01
4.329627865250476049e-01
3.426785968684020744e-01
3.977425775273701891e-01
7.546533401671817742e-01
7.554001124825141522e-01
9.251971744141320730e-01
8.097419173241822143e-01
7.319146276216310643e-01
9.208368039656831261e-01
8.169995549889559339e-01
6.302818830414697038e-01
8.498292434478285085e-01
4.764939318692449494e-02
5.114009781873822547e-02
7.073187105749986769e-02
1.198808234272740469e-01
2.194613417529365229e-01
8.856748525085542667e-01
7.132792230603978156e-01
8.451170198328870065e-01
8.709105987961495154e-01
6.180281650210086575e-01
2.067651954614521392e-01
1.144063707444900602e-01
9.479326210568948807e-02
5.523263958483808772e-02
8.428198095039746152e-02
2.046373933071161388e-01
2.451430902502956810e-01
1.654024395666512104e-01
3.912579655837952752e-01
7.324838907417010603e-01
7.707856831595707447e-01
6.940879374590243067e-01
8.425337437581077449e-01
8.153486627671120424e-01
6.214941194895697851e-01
8.138157657835477510e-01
1.767112028792409140e-01
2.314354630341026731e-01
8.524360563803107249e-02
2.987895889813983463e-01
3.804083277733129043e-01
7.036736372026477504e-01
5.939110205160558209e-01
8.902713526326639926e-01
8.226848368443347992e-01
8.284634876660031955e-01
7.903703261547159187e-01
1.761197322929287934e-01
5.075401650991916147e-02
8.278927905087649086e-02
1.013796314290726641e-01
2.445097301985943994e-01
2.119229707076615010e-01
1.215292506735998895e-01
3.237686781525004331e-01
8.004328015506370075e-01
3.592917643644585879e-01
3.999822089350796306e-01
6.511964271559689266e-01
8.582572329792061971e-01
8.271570009867238449e-01
9.106101885000069673e-01
1.881847405628332415e-01
1.172072147335566777e-01
2.471927489044482840e-01
1.406304625454742052e-01
3.933357153131673556e-01
6.845836400960906287e-01
7.753168692938843254e-01
8.589212645643884425e-01
9.099912544777801759e-01
8.873359970885338344e-01
7.690446481882615704e-01
2.732588645215566214e-01
7.885514987163232126e-02
4.763580313606644023e-02
1.729941328050672023e-01
2.044159424043226481e-01
2.584624927866263633e-01
3.382179329986551020e-01
5.615763741761077288e-01
4.421282641627560794e-01
3.046538977712054952e-01
4.156840185968864176e-01
4.265789093930824616e-01
7.601178056197961386e-01
5.309900778691443168e-01
7.670376184983358492e-01
4.794381922498762438e-02
3.179654632987681251e-01
5.686394058890056336e-01
5.922732332691296175e-01
6.344040001818120889e-01
7.630025675824503306e-01
8.956290852409680703e-01
7.804018038082376485e-01
9.081649703841798704e-01
9.104328996778410232e-01
7.096777510386556020e-01
2.553703939628816921e-01
4.481669600313702151e-02
1.099390894018915377e-01
1.550566499247336416e-01
5.684422769517276652e-01
5.156097824016134812e-01
5.522708048732851704e-01
8.943818969730210622e-01
8.237683754300616501e-01
2.386742100290494828e-01
1.999864612529563823e-01
2.562511494147420299e-01
5.370337148409586314e-01
7.287574148013461484e-01
9.351344269594470404e-01
1.063431248401995460e-01
1.576326792235400731e-01
3.226068427019679330e-01
3.080072502117903177e-01
7.951147591759852862e-01
4.235087652899435229e-01
2.579675948043114175e-01
1.746761721935759515e-01
6.201609075180636310e-01
8.951217707032412818e-01
7.887218461636869016e-01
4.915585472425890168e-01
7.933048495417966972e-01
2.473446170643656961e-01
3.493820358221652045e-01
6.368622369201915046e-01
5.612645803116518284e-01
8.619527713695314119e-01
5.285446952212161653e-01
2.645592410173058240e-01
7.383460031507005361e-02
3.996863948067176653e-02
2.048879374956421029e-01
8.541223080451185723e-01
8.877632767644201284e-01
7.893977588070492102e-01
2.803126445611606177e-01
1.794194300280235466e-01
1.192018694109038823e-01
1.271357655688522548e-01
4.853262124861481563e-01
1.541221561305285148e-01
2.293538626652984469e-01
3.171113548700729146e-01
6.126548821755185559e-01
8.279873485821300783e-01
8.712774618223880774e-01
9.573848611896855765e-01
9.098161806372027094e-01
7.280480308559575953e-01
7.267424308912190378e-01
2.341406539254148045e-01
1.434725566270260988e-01
2.790178217992639875e-01
1.565472364298905461e-01
1.763343691309806061e-01
2.430249915457528831e-01
1.556771543960709103e-01
1.403811955143641765e-01
3.230555630205845796e-01
5.486145961922522796e-01
3.005587765884922824e-01
1.736597206670255078e-01
4.043144037216286901e-01
1.041687940710751964e-01
6.799284746280971625e-02
2.231223620190577461e-01
1.813137052482829692e-01
1.322816415886613195e-01
2.812932336967995939e-01
6.610542366776296364e-01
9.420107154812278338e-01
7.642339296404501159e-01
9.083185561180322498e-01
8.598438706151183553e-01
8.746077746447171730e-01
2.544949128750222389e-01
3.544621252387700761e-01
4.323850170389854641e-01
2.321507373825648091e-01
3.473896034132004651e-01
1.834875353037563328e-01
2.717434458975974687e-01
2.685446973673920601e-01
2.675083137264905320e-01
4.962449206988742700e-01
8.107729881513503489e-01
5.882604461962916975e-01
3.330696849889027145e-01
3.563478913877604626e-01
9.358257172715236938e-02
8.832096061396350895e-02
1.262633999170051646e-01
1.147109780298181947e-01
2.714972557266369102e-01
5.143900320179657371e-01
6.927537282756535131e-01
8.618648667380709449e-01
8.396103838920649931e-01
8.444237958980354009e-01
8.447617545788160820e-01
6.223457808780763489e-01
5.421978718496491823e-01
3.565005964822535178e-01
4.134300399299443707e-01
9.202903829362452104e-02
2.353019887563895796e-01
2.338336123449485660e-01
2.071561267973516807e-01
2.952305792937789386e-01
2.643305024459677299e-01
6.770243885238793613e-01
7.183428026002736111e-01
3.408243810280092156e-01
5.028702693387311351e-01
3.291029519762069810e-01
3.734992324419580262e-02
8.774882677204412507e-02
1.267554278621076946e-01
1.903256160805368302e-01
6.045260827416573113e-01
4.479377363070204954e-01
8.461192597967592821e-01
9.340301608488792429e-01
5.940387173061951742e-01
4.360812812243677339e-01
7.608890880012295632e-01
1.979714289867373633e-01
2.421675533738665287e-01
2.282207273340737808e-01
6.670511497949747071e-01
4.683241052247303360e-01
3.059140095263457315e-01
2.473695656596680836e-01
2.241989455968934064e-01
1.819885410358323408e-01
5.646403777166016935e-01
7.374126423745079872e-01
8.324085128274975043e-01
2.027867384115600302e-01
2.844338656674711974e-01
1.676000073437154403e-01
8.644520614763785693e-02
8.194185272350382188e-02
3.461941326260589147e-01
2.339114928432844409e-01
8.281741738130374841e-01
6.509930016399034791e-01
7.047837301068831106e-01
9.027883473785012214e-01
7.964994201493944548e-01
2.323192012138827200e-01
2.949537793638760119e-01
1.139939238609329747e-01
8.323956306459145971e-02
6.157265670918272982e-02
4.736831343722067711e-01
3.205403193977199305e-01
4.013664772322810825e-01
2.185906502003093776e-01
3.069814520421844106e-01
1.982939585972634533e-01
4.636573152427471145e-01
5.997432021168271898e-01
2.778616663793581631e-01
1.450266908175729674e-01
1.036056497314497421e-01
2.341627530474022501e-01
8.798847277458410332e-02
1.167513360665929922e-01
2.005329297758486617e-01
4.523680739111931026e-01
4.228340558375814906e-01
8.934450235191608858e-01
6.061643518140078513e-01
8.822994803404721198e-01
9.123068197649032429e-01
2.978898409164119077e-01
1.566474177152730463e-01
4.441900225987304718e-01
6.134383553878536288e-01
6.832070028476877610e-01
7.995458037667833029e-01
3.313162500043080883e-01
1.843953648279989532e-01
3.013502383923251093e-01
8.586902020841413741e-02
1.052095443303147498e-01
1.452925815368732165e-01
2.511408362098969671e-01
3.919547514842347535e-01
1.970190696020825694e-01
4.348985111235152967e-01
2.727625767361320230e-01
2.503534173054896006e-01
4.504743723540553524e-01
4.970800744802086335e-01
6.179833811112481756e-01
5.422078786483206514e-01
5.172073057290998976e-01
4.958396662315445180e-01
3.810463401513997650e-01
3.631226249553060614e-01
2.062504516000824573e-01
7.865841588500155357e-01
8.062081479986443755e-01
8.115998230977095051e-01
8.233617494203534504e-01
8.665291865615176725e-01
5.229188351706808291e-01
4.906070380376107432e-01
3.797350250476342476e-02
6.070579155596823873e-02
3.119296747024954963e-02
9.536471856614184284e-02
2.080189323788801947e-01
2.799155160033380829e-01
2.685869526122913187e-01
8.009696065010487587e-01
7.455209509130013013e-01
7.423982548404390869e-01
8.435283843141471172e-01
8.010579343201142954e-01
5.020902980260936177e-01
8.304600798651500249e-01
4.936008968579080336e-01
3.806605290170754774e-01
1.281275979749448846e-01
4.003095913823183638e-01
5.764640119610265900e-01
8.735196528963264928e-01
8.389326451718068789e-01
9.236034836158946160e-01
9.227436732294226340e-01
8.761139109867677188e-01
8.962200205886154958e-01
2.717282942346330721e-01
5.571804629372367756e-02
6.054295436197612568e-02
4.594211557358414411e-02
1.353455555922317144e-01
2.127928472567662821e-01
2.104852572568680080e-01
5.911798706423128102e-01
9.014781323759883946e-01
9.117800439867427276e-01
6.873394784809969682e-01
8.022860220447225466e-01
9.136647858368649455e-01
1.437639722694730726e-01
6.953944179798050573e-01
3.898703638739621224e-01
1.105961061257968864e-01
5.563670836685519205e-01
3.071498557350024194e-01
6.539451414267412055e-01
8.789810330108007719e-01
8.491987035266398420e-01
8.822588950630975146e-01
8.513170537125347437e-01
8.814569551923941981e-01
9.126716332011163280e-01
3.148409131930053340e-01
3.113937752371673945e-02
4.955864023688852371e-02
6.046027181267178002e-02
9.625200980191092603e-02
2.967775133154033629e-01
3.514247276683128973e-01
3.733272812912803440e-01
7.449318436029594981e-01
8.781606525135770003e-01
7.956692071448152603e-01
6.810529236197588876e-01
8.174419458997128629e-01
1.733568727414839805e-01
1.563640860999914173e-01
9.714683317513836402e-02
6.288335447717033344e-02
5.134687303675258274e-01
4.320728741551107532e-01
8.108731199646355137e-01
9.147606431130019811e-01
9.034756760254135655e-01
9.131838659306465988e-01
9.383807508723317481e-01
9.432239345415142084e-01
8.377055987685407823e-01
2.949131711362188990e-01
1.265643686655589795e-01
4.763900614157055846e-02
3.667020802010725888e-02
6.444807701714523607e-02
1.499820417758569446e-01
7.237343512592192551e-01
6.892161695036453928e-01
8.187874331805188310e-01
6.269483453750578361e-01
7.386494127786269459e-01
8.206545609581098466e-01
5.354491968021691806e-01
2.612900672366637589e-01
5.461926996563808145e-02
6.271880230354762165e-02
5.577312022496341837e-02
2.100710513411720159e-01
4.456492527510703683e-01
7.501593880278734083e-01
8.384181605440366170e-01
8.193355150646255414e-01
8.701932235417813022e-01
9.621800412000813818e-01
9.724170189437409961e-01
6.146944816629514863e-01
7.055362281605412900e-01
2.348723374266520059e-01
7.933711723735696608e-02
1.010094153535201350e-01
1.246894461935605936e-01
2.596214344357473669e-01
8.422726280304725366e-01
8.531821964552150916e-01
5.078366042413610115e-01
8.278645082169621139e-01
7.797208441102334575e-01
5.047466100496023067e-01
4.132340892178134051e-01
1.154482320230459935e-01
1.788859949921052517e-01
5.231129200241170507e-02
3.959199814477568774e-02
6.465144568454629648e-02
6.717582136873788690e-01
6.572959553175944380e-01
8.563085736253008839e-01
8.646296461466338457e-01
9.653474239710364557e-01
9.713676939631361584e-01
8.742011532461805290e-01
8.700060788662566935e-01
6.355903426012519120e-01
7.040605185512860409e-01
5.692686468790494336e-01
8.364906639179541248e-01
7.174094233899614981e-01
8.320574719995701418e-01
9.261423569258369071e-01
8.579331571587175409e-01
3.124849418999086081e-01
7.497641313897392967e-01
7.780381079460541027e-01
1.671177561369604492e-01
1.947115610317348977e-01
5.458702658280191189e-01
7.315257054488146782e-01
1.968928571081510759e-01
2.355002465802849554e-01
7.254467868181246892e-02
1.784632826197802280e-01
1.454250205343082247e-01
3.411218607457492946e-01
8.838337539840724899e-01
7.928509533630327955e-01
9.221743042066719021e-01
7.238214274970433681e-01
2.752181268134413772e-01
5.824094752960318200e-01
4.751619728799730269e-01
9.092876996391739963e-01
8.695968834484888443e-01
9.758996458678360630e-01
9.710054136848882411e-01
9.395725012951774424e-01
9.415457376287927893e-01
6.473316252024835515e-01
3.619766791958826113e-01
3.937063963236013819e-01
3.605800463734424310e-01
3.498280568900684617e-01
7.655062340388540942e-01
8.243574144844540985e-01
4.645693208257972717e-01
8.109553884091119658e-01
6.400373783037955899e-01
2.004275792325856120e-01
1.702193462462646412e-01
9.415398527433069265e-02
2.497527444519153650e-01
6.565972789704552781e-01
4.431731815006272890e-01
3.619338501370777950e-01
7.280906044388770759e-01
8.577189656490586955e-01
3.497383221263288822e-01
3.900115008668934014e-01
6.087639615011148919e-01
8.526068421522532415e-01
9.064663156086192330e-01
8.342305452106868469e-01
9.341928503634134850e-01
3.651509101400233215e-01
4.134028405970362474e-01
2.031039738533461092e-01
4.226608560718025931e-01
6.288265840579705390e-01
8.773602484388258738e-01
7.241342092632365723e-01
8.363710052744510737e-01
8.986434377126937267e-01
6.809675118069375976e-01
2.334321640733299508e-01
3.865939727812216509e-01
2.360099765872881172e-01
8.050942333083618285e-01
6.025962981832051479e-01
2.375424724917406250e-01
2.836552000231099546e-01
4.791548974031361041e-01
7.162998690102254651e-01
8.385989797347028762e-01
2.894703532992123352e-01
5.863134875898198262e-01
8.070607502168924974e-01
5.474046567728423351e-01
4.934782105502756311e-01
7.751283847478600553e-01
5.933073211989028373e-01
7.753764250181949258e-01
2.042585312815139442e-01
8.372690914367244552e-01
5.623639162791413959e-01
8.682483016059177050e-01
7.200969901102454163e-01
7.953188249098056550e-01
8.423426255450185973e-01
8.474867177799860762e-01
8.146418090971916381e-01
8.136027368152767281e-01
4.228031196341738296e-01
5.994134685477428004e-01
3.142936052921868617e-01
2.327877000394918683e-01
2.764629065691915910e-01
6.155248733900757774e-01
8.468300622810795986e-01
8.862554037209331437e-01
8.016439053832867812e-01
2.694566614929723714e-01
2.789486180112114577e-01
4.487526334229537950e-01
2.266761482574629616e-01
5.713446888478900254e-01
7.158101341180319599e-01
9.001701287797854167e-01
5.642051887369550212e-01
4.562042586126319188e-01
5.776698282753770508e-01
8.744947022339343290e-01
8.997283977974681601e-01
8.754206873290535373e-01
8.992095217418084596e-01
8.808015530555495243e-01
9.169062705968828997e-01
9.271059861069668173e-01
7.047811287320528972e-01
3.268166092306494241e-01
1.275689484374726013e-01
2.298611853791416304e-01
1.646038561776619891e-01
2.969920186799187567e-01
6.995325954564852733e-01
8.464362933179795379e-01
6.761423690257938324e-01
6.974102506489755493e-01
3.603620635003634276e-01
1.180013236498213824e-01
6.527865464320078970e-02
1.584334772413539261e-01
9.496864091297108068e-01
8.767723041884127877e-01
8.960069942788402297e-01
5.082802690627493680e-01
7.518352036475712818e-01
8.427961561695400672e-01
9.113761481677046250e-01
8.899310555312331950e-01
9.513473110096866137e-01
8.422760718286830262e-01
9.053359017341680026e-01
9.338076580273189098e-01
8.921400008031745710e-01
7.269064837745016217e-01
1.796935147038922764e-01
6.254569914259422436e-02
1.583798779521749800e-01
3.544965092271338269e-01
9.512305524743618346e-01
8.903438873902037587e-01
9.114493326386803318e-01
8.471739187999822729e-01
3.938524722478115025e-01
1.358682463305171395e-01
1.053479698914273621e-01
6.169866747674523921e-02
8.938680092589372794e-01
8.812957396118826781e-01
9.196218782983034412e-01
7.066291091317415951e-01
7.141032011579668826e-01
6.197773321581310224e-01
6.847548418685739380e-01
6.930064652388810975e-01
6.941854574135979394e-01
8.602509438093639549e-01
8.912694048647598066e-01
9.254369669117001873e-01
8.558324157551893130e-01
8.768008107867060197e-01
2.619131366181835507e-01
1.803610778817091032e-01
3.314591218808035089e-01
2.037813809405862875e-01
9.038200182554856354e-01
8.063083701746230902e-01
9.071501976964231329e-01
8.538285940666332507e-01
7.856755265782841002e-01
2.209445291190727245e-01
1.619881453151121864e-01
4.491750901564528498e-02
9.064412528135414870e-01
8.768745838780864776e-01
8.602140988042861203e-01
8.632599404103595830e-01
8.602788545271434772e-01
5.107495248754135853e-01
8.780401381769569191e-01
7.359682326220193804e-01
7.401523117485260261e-01
9.183328678608648765e-01
9.041458340395782667e-01
8.426770575296805843e-01
7.466802261360008242e-01
8.740638158765711152e-01
3.154250741657968482e-01
2.617558516215358067e-01
2.041197005898008343e-01
4.687311775523185231e-01
8.529088351981861660e-01
9.198807952436851565e-01
8.890519250605271040e-01
9.438554326924414317e-01
9.308999594032254521e-01
5.549150921937049397e-01
1.218543504724768217e-01
1.213336884844146424e-01
