3.691746796207944215e-01
3.799925517431224642e-01
3.953779452811967410e-01
4.166025058379164703e-01
4.346392108886691363e-01
4.520542807309295696e-01
4.685639417588852718e-01
4.853169394438393569e-01
5.067201854012121087e-01
5.347212188103199759e-01
5.686258734222378042e-01
6.060141969261019224e-01
6.385495075916995944e-01
6.649114958533398623e-01
6.887851602003174367e-01
7.087466468262392238e-01
7.250677303136197072e-01
7.375757320950975249e-01
7.465093388130332741e-01
7.487051375757727278e-01
7.399048348405190545e-01
7.190310896162857013e-01
6.911207387176052652e-01
6.591652502429107274e-01
6.282123746267702646e-01
5.965167946912290908e-01
5.676512188558315852e-01
5.400308773109712135e-01
5.111788031717814373e-01
4.870539619188486991e-01
4.762208959421281307e-01
4.787194868156348093e-01
4.952825022899244867e-01
5.171279872055924987e-01
5.344293313695143155e-01
5.478476759212678182e-01
5.525531212033334416e-01
5.532033508181763981e-01
5.454072709034910593e-01
5.243310835875760745e-01
4.851861645052867877e-01
4.282217805741260763e-01
3.563193970010539724e-01
2.834238974988777526e-01
2.207804976124125018e-01
1.741146958816573165e-01
1.428709031794593298e-01
1.238347563350115643e-01
1.184216436508259418e-01
1.268489041075752111e-01
1.527584537628287054e-01
2.026996008018431272e-01
2.837902434904084892e-01
3.993225207512928754e-01
5.382106978397476205e-01
6.728418298381180218e-01
7.796619851333894680e-01
8.508715411574405696e-01
8.926745657172256987e-01
9.140022381579724353e-01
9.206153211436270967e-01
9.140022381579724353e-01
8.926745657172256987e-01
8.508715411574405696e-01
7.796619851333894680e-01
6.728418298381180218e-01
5.382106978397476205e-01
3.993225207512928754e-01
2.837902434904084892e-01
2.026996008018431272e-01
1.527584537628287054e-01
1.268489041075752111e-01
1.184216436508259418e-01
1.238347563350115643e-01
1.428709031794593298e-01
1.741146958816573165e-01
2.207804976124125018e-01
2.834238974988777526e-01
3.563193970010539724e-01
4.282217805741260763e-01
4.851861645052867877e-01
5.243310835875760745e-01
5.454072709034910593e-01
5.532033508181763981e-01
5.525531212033334416e-01
5.478476759212678182e-01
5.344293313695143155e-01
5.171279872055924987e-01
4.952825022899244867e-01
4.787194868156348093e-01
4.762208959421281307e-01
4.870539619188486991e-01
5.111788031717814373e-01
5.400308773109712135e-01
5.676512188558315852e-01
5.965167946912290908e-01
6.282123746267702646e-01
6.591652502429107274e-01
6.911207387176052652e-01
7.190310896162857013e-01
7.399048348405190545e-01
7.487051375757727278e-01
7.465093388130332741e-01
7.375757320950975249e-01
7.250677303136197072e-01
7.087466468262392238e-01
6.887851602003174367e-01
6.649114958533398623e-01
6.385495075916995944e-01
6.060141969261019224e-01
5.686258734222378042e-01
5.347212188103199759e-01
5.067201854012121087e-01
4.853169394438393569e-01
4.685639417588852718e-01
4.520542807309295696e-01
4.346392108886691363e-01
4.166025058379164703e-01
3.953779452811967410e-01
3.799925517431224642e-01
3.691746796207944215e-01
