5.639006796238665853e-01
1.288241187070965077e-01
1.513626796304480548e-01
1.170625367057847865e-01
1.004293366738133464e-01
4.452936247554786092e-02
8.981112837559133144e-01
2.573483409042539583e-01
9.264945597560086954e-02
1.821202371110822171e-01
1.998973829293335946e-01
3.411640976648378509e-01
4.219481410329115056e-01
8.708169664983202996e-01
2.850396554019598572e-01
2.004209732898608320e-01
1.346189300289417912e-01
1.102465148054309618e-01
1.135122233094397470e-01
4.340263234734987874e-01
5.384653730974457986e-01
8.661531534871040883e-01
8.889595630802795689e-01
6.944758803213209042e-01
5.598399635842763455e-01
3.026016879882857391e-01
1.121602070813555729e-01
8.157580500052391548e-02
1.411645557838684395e-01
5.440440444520458496e-02
6.966747120228394818e-02
2.870753888128422804e-01
8.776633146474467351e-01
2.995793547225324427e-01
5.474659479687694896e-02
9.258959270531891272e-02
1.146170433957279244e-01
3.843194340526930874e-01
5.686410900091168896e-01
8.829427951510976369e-01
4.098069270527174845e-01
5.607588168466971501e-01
7.957207339834655446e-01
2.847883177099729268e-01
7.645383930442263276e-01
7.164234078830390429e-01
9.024420791516462037e-01
8.214649805235467728e-01
8.561021188379052127e-01
7.741366534694238410e-01
8.700497781358053073e-01
4.585130862577181943e-01
9.519199432373898206e-02
5.525300074644422244e-02
9.046021297356489355e-02
4.124643566163266328e-02
2.467280258078291821e-01
9.506971042605251165e-01
9.659874280361152588e-01
9.070544700473861521e-01
4.612736806202709650e-01
1.089891701337897256e-01
1.632079807513152625e-01
5.780107419502616972e-01
8.724346576480739301e-01
8.444891307359474464e-01
5.240194265438866683e-01
6.305153373361539471e-01
8.773194047453642952e-01
8.374288941563620137e-01
9.795368106912225592e-01
9.347593391806987562e-01
9.115994529960005366e-01
8.686831920320607914e-01
7.255934540975494951e-01
7.321892061927393058e-01
5.716969963608284910e-01
4.126212870736765126e-01
2.637202331652259771e-02
6.753714453205580948e-02
6.398467663952164819e-02
6.374911859156567884e-02
8.402212841477082472e-01
9.676039096530801853e-01
9.402319917982340236e-01
6.186851202684766626e-01
3.646231617060554653e-01
3.273455296886422783e-01
5.184138381642638960e-01
8.109888417210047162e-01
8.134733150401771695e-01
2.827639217757972334e-01
1.799897438608641376e-01
7.413468361437718368e-01
8.899225572288224084e-01
9.173002031573067594e-01
9.502974764185760925e-01
9.495884260868432403e-01
6.758244883045088081e-01
6.404971292027648033e-01
5.516623778406843925e-01
3.842573478955674249e-01
2.730874198847734746e-01
3.602721584989561077e-01
6.832444388511514644e-02
7.156194177563049430e-02
4.477665667438508745e-02
7.808745683835374152e-01
9.687241072844848810e-01
9.392087622497296007e-01
6.183451879913547389e-01
2.264152499566190746e-01
1.889160577607144897e-01
4.000524548178950313e-01
7.650730030356366340e-01
9.409638706448926193e-01
6.967077185645040860e-01
5.798971970023832911e-01
2.258492084695236379e-01
2.368555015572283706e-01
6.867575326099965016e-01
9.500474173955797408e-01
9.763213812570608052e-01
9.551130389286353051e-01
5.915134050310137948e-01
6.010045871723847244e-02
8.577504046628756096e-02
2.993550411515825127e-01
2.557598322492898868e-01
4.928305175157170481e-01
3.433123534283083478e-02
4.824437266857337092e-02
7.354893761542788400e-02
7.802486232964018775e-01
9.175478917519575006e-01
9.123192273406248720e-01
1.367541653200132767e-01
2.157124525277838156e-01
2.152532951839765396e-01
1.317392629821717565e-01
7.552379245350507864e-01
9.200968554455895010e-01
6.106239843850079785e-01
6.931467079483932814e-01
2.765258915734130074e-01
1.304867266967503492e-01
2.170513910687199288e-01
8.031419336076555116e-01
9.480777312705155335e-01
8.841312791986095654e-01
8.272168631089063529e-02
1.107507522205312955e-01
1.275254892823665387e-01
1.394127279900694572e-01
2.659283107478027652e-01
6.159887135556366689e-01
2.754130782346811412e-01
1.245909430173265664e-01
2.032274644308992018e-01
5.332433682708881406e-01
8.742910349898668221e-01
6.784164274883128787e-01
5.644371009192756389e-02
4.096301357193368048e-02
1.958941526962851010e-01
6.246518720866381935e-01
8.224239097368434281e-01
9.334260919887054087e-01
4.193761759825365698e-01
9.511959289000135320e-02
1.585739423358273614e-01
1.337440614393172744e-01
8.903371489185521459e-02
8.317483460985537480e-01
9.638716709813281991e-01
3.931189715556502318e-01
7.771493701965806467e-02
5.323925221664872753e-02
5.946852787567166732e-02
1.972087052893905235e-01
7.791960446219796665e-01
9.846585986688666248e-01
3.985088373477596035e-01
6.848080808677703413e-01
7.999016363951172437e-01
1.315284024047088385e-01
4.070298327635094027e-01
2.796268180814133197e-01
1.188464592945571857e-01
3.965651738793336128e-02
6.072343574660933607e-02
1.191564646058342614e-01
8.819118600718007794e-01
8.477501078016829172e-01
3.207309659445576888e-01
2.683927364235716428e-01
6.461281940043225869e-02
1.613341497120074353e-01
7.516052608771092713e-02
3.525956488276833500e-01
8.745147571766591632e-01
3.983874558559747925e-01
3.735924297787395765e-01
7.312467124289875886e-02
8.704684309559970745e-02
1.591213057400537867e-01
9.720139285406155238e-01
9.561848799251033704e-01
7.451502671264702560e-01
7.851785181708594852e-01
5.830162656724223735e-01
2.647436676339626760e-01
3.418271150456239083e-01
7.241933762899221971e-02
2.209092850230858496e-01
7.327463627391879453e-02
4.914312570635706590e-02
5.158867408422257439e-02
7.891627293666445553e-01
8.554153260260113356e-01
5.864602312488295111e-01
2.233790766480275303e-01
2.263718054410881753e-01
1.207398536108174047e-01
1.469128056188154785e-01
9.380499353769555793e-01
9.017797244799656831e-01
7.143684357094742809e-01
1.944217917788937378e-01
1.832532371507808733e-01
8.759618987503910159e-02
2.849069293864956443e-01
9.638426450326648132e-01
9.179909229520771818e-01
8.978227384718371340e-01
5.480378040508648851e-01
3.949917771140738498e-01
2.913447321450873262e-01
2.506240431196603002e-01
2.657127404315314800e-01
9.732583876894157493e-02
1.447993343281515910e-01
9.021057060486231682e-02
7.436476764206850776e-02
2.402329660708145964e-01
6.764868244108316331e-01
5.597570875228586873e-01
1.340526305938946616e-01
9.044123172936960331e-02
1.511361165299358045e-01
6.379338832217372746e-01
9.151766428566863176e-01
9.618986947428608270e-01
8.275476041049143472e-01
3.670660856386926962e-01
1.553009092708686756e-01
8.903832223471869201e-02
1.362546476006874785e-01
9.447514583083806983e-01
9.589626677574414337e-01
8.762869026826886065e-01
8.990876180808065055e-01
6.638853212161401895e-01
2.414944907290848819e-01
4.511001499347737642e-01
6.063942734565387627e-02
1.352669416985465833e-01
1.173140805714342622e-01
6.918284835473197114e-02
7.641593791484083131e-02
1.524059065521005951e-01
5.839426234741780242e-01
7.344989619693436111e-01
4.217332322387037369e-01
2.563492639494339143e-01
6.268157138057434130e-01
8.814135391283686172e-01
8.444457810537469022e-01
8.623383051336794836e-01
8.172462179044079900e-01
4.679619484324507583e-01
1.283088500544839194e-01
2.791276483260787464e-02
6.167536549993037076e-02
4.105424353267909110e-01
4.722047074186395688e-01
9.799406461952433478e-01
9.745682223251617149e-01
7.073148884807021197e-01
6.257104696888438067e-01
7.318845615771802926e-01
2.105127840416596771e-02
1.133339668882069884e-01
1.406280641095261075e-01
5.454495783139361176e-02
7.682847372738250968e-02
1.075214094000521009e-01
2.970583252888182590e-01
6.521569946412557606e-01
5.075119062021287153e-01
7.767102602932115518e-01
8.762533761712216762e-01
8.060424798932603885e-01
8.567526693118262537e-01
8.623380737557264641e-01
3.554235041246410765e-01
4.098385786493000671e-01
1.892699057364455317e-01
1.281173324686946391e-01
2.465441129665704445e-01
6.760413521406331838e-02
2.825954189641291872e-02
9.548352570974180109e-01
7.954429985397596381e-01
7.353705271743810057e-01
8.935959903882744193e-01
6.334245788144543532e-01
6.707617410085607579e-02
4.714508087324069396e-02
5.794964656610073622e-02
1.040439534177647063e-01
3.936600120013634962e-02
1.989063089318729438e-01
4.592250929944148297e-01
7.445104650633279642e-01
8.547069641826832154e-01
9.730264076483142732e-01
9.533469737593327498e-01
7.641118445584228480e-01
7.437627542287916782e-01
5.869281601428073536e-01
3.413512391040226523e-01
3.542074377312395272e-01
4.373966407274573753e-01
8.671410939020169906e-01
4.412234750276626816e-01
5.732731743767786187e-02
9.403966353689507951e-02
9.125088558928102778e-01
6.408407299916518696e-01
6.088239287050740689e-01
7.756870460844931259e-01
7.346471915164998201e-01
2.679119613201980110e-01
2.305354734476537937e-01
1.176750613512144022e-01
6.860571281030619639e-02
1.042926009991689967e-01
1.894754572558857708e-01
2.922563408075138924e-01
8.662211432723190274e-01
9.477303651022856990e-01
9.346176908641721237e-01
8.067083074327123793e-01
2.674412401812551465e-01
1.120954485433096337e-01
3.507089574181340152e-01
7.876607508876229402e-02
2.632031748284283657e-01
8.199350163586682783e-01
9.433960053310350702e-01
5.977242226417035509e-01
1.120114631634744756e-01
5.873201254725893272e-02
7.731149464059026144e-01
8.653477128103006510e-01
8.528088746654919339e-01
7.689808991098960878e-01
7.369945170248384247e-01
8.405285106277634588e-01
6.491736135310590683e-01
9.126709611913941256e-01
5.712741152331748395e-01
5.214473851156686823e-01
2.749455361322903357e-01
1.370837934886739995e-01
2.330424027369568107e-01
6.313169694325750925e-01
6.492842688940438922e-01
4.293599693207338364e-01
1.674139670394715895e-01
2.768897326498995920e-02
2.899788043540777599e-02
1.612572549534094790e-01
1.940519251702322034e-01
7.933960729405603596e-01
9.176614530558888649e-01
4.895552091927032334e-01
1.851629284555560417e-01
7.633484777806383292e-02
8.998908342363501900e-01
7.821539053158788057e-01
8.907735515000150261e-01
7.391390950601955945e-01
9.608113033498937305e-01
8.791953883066254694e-01
9.507031922289228554e-01
9.332517692578454760e-01
9.083583439352055366e-01
9.026290569596050473e-01
4.204334259366334647e-01
8.791546699976474089e-02
1.319213701750075463e-01
2.100916109272282506e-01
2.847998915747105841e-01
5.775896383428607422e-02
1.458545654067794073e-01
5.613166754346379100e-02
6.488339610696419735e-02
1.022142513548129350e-01
5.713665732151194110e-01
8.033405874663035462e-01
9.312107107484803858e-01
6.097950751937261105e-01
8.964528710638799969e-02
6.794239546739043456e-02
8.616897363759858930e-01
8.277692168574835030e-01
4.572898006332251075e-01
5.254986345983729823e-01
8.904686390999317913e-01
9.119246129057789751e-01
9.472604669085479268e-01
9.225104936944985567e-01
9.603263597184573674e-01
9.435939401885654609e-01
2.039387780821494967e-01
7.398475298609027972e-02
1.456937210835111962e-01
7.463563240989629088e-02
2.856353122183185045e-01
2.990064801256513416e-01
7.047683200717442809e-01
2.666560164925259047e-01
1.108242252067516836e-01
1.675321060517797056e-01
3.982985249831254571e-01
6.197194197860632636e-01
9.361631121588708249e-01
7.222380797684502252e-01
2.514644513371067092e-01
7.277573654734620368e-02
7.050753160077510850e-01
8.519350106729688399e-01
6.065209628760225291e-01
1.954524792857712523e-01
9.409483538000861236e-01
8.206937990681947293e-01
8.678715475343100616e-01
9.354204232264829999e-01
9.170690711522013761e-01
8.952813671724351163e-01
3.566644914943462030e-01
1.469252225776793708e-01
1.469318669889841111e-01
2.813630260839881658e-01
6.503884896394305226e-01
8.121814121329129499e-01
9.421369636061740493e-01
5.725232524134336032e-01
3.714102089218198066e-01
2.424765969479485972e-01
3.114559365472455155e-01
5.402591189257585080e-01
7.887754702311493560e-01
7.467765446072218705e-01
1.857200060094267857e-01
6.932634151705641123e-02
7.525422271042027100e-01
9.130359407928070326e-01
5.596372506056702667e-01
9.872976255764934206e-02
8.653244113471657561e-01
6.483789137280145942e-01
7.748941454199844703e-01
8.896825658742292253e-01
9.095618193567822640e-01
9.401706044823352482e-01
2.129001566076360874e-01
4.121350048769943375e-01
3.851770859775649480e-01
6.296415566624387061e-01
3.344383222199300842e-01
7.313316248674301967e-01
9.286246080921407575e-01
9.343151182087414686e-01
9.277678657877030943e-01
4.948581299882239826e-01
3.476675116503034069e-01
1.687255487351625172e-01
1.233525862001318973e-01
1.602012160406764141e-01
1.245582869804530701e-01
1.347841336259724132e-01
8.537290371037964398e-01
8.445278387036814216e-01
4.945578662081999699e-01
4.167687389875721765e-02
5.599174802401275519e-01
3.935474833148153162e-01
5.175400984426425932e-01
5.923216618797615407e-01
7.087152803388827582e-01
7.611983646368261081e-01
4.003965600092614929e-01
9.527037029133339496e-01
7.915821266587973470e-01
6.171537575651672158e-01
8.015515047840729990e-01
7.087184819369956035e-01
7.889664915258982614e-01
8.676947081319514865e-01
8.339229837852082383e-01
6.421687515144555158e-01
3.558176966535351315e-01
8.517160035569339149e-02
3.306807957583843965e-02
5.581208493699265499e-02
9.715978256190831164e-02
1.714955221949735487e-01
8.205959698389879708e-01
8.309316694825024108e-01
7.911421006416959889e-01
1.073441507468713418e-01
2.600044792898151269e-01
2.506665190889710293e-01
1.855251453706148190e-01
1.210280437252319180e-01
2.747888945029599017e-01
6.852078784990658367e-01
2.795391999257928473e-01
7.784774549588118209e-01
8.914134777777669161e-01
4.125775060408765627e-01
4.818087314913093722e-01
6.141676079390390175e-01
5.477530217094483955e-01
9.126938237656676556e-01
8.531683940179193293e-01
7.101824726817184130e-01
1.822336685532073841e-01
5.134647792838475944e-02
9.846297943372912809e-02
2.451133920676138445e-01
3.656915452084894547e-01
6.803527495467438513e-01
7.411983634800769494e-01
9.595565295625869684e-01
8.170569867416024312e-01
3.399318782642013481e-01
2.072537021493968123e-01
1.344864952319035356e-01
1.880027760875814802e-01
1.483472733771832031e-01
8.875658457859220141e-02
2.040224101006240381e-02
4.134817525753058942e-01
8.605524346201376407e-01
2.631593331417084736e-01
2.862778384985602553e-01
1.811939795787234631e-01
1.770717168541211528e-01
7.610621208905898882e-02
7.420605251306244821e-02
8.876366032794714700e-01
8.857230691734684358e-01
3.079258988537643127e-01
2.329833741598962837e-01
1.510814268245335157e-01
7.758000039677639958e-02
3.239492864191126364e-01
8.663419420335974896e-01
8.954843505183618380e-01
2.988630007889016005e-01
3.451921774325752423e-01
5.776712468537170686e-02
1.893235488297552449e-01
2.329488372481904601e-01
1.008537133850343631e-01
7.118971830199657957e-02
5.883223478824343988e-02
4.168938536883635276e-02
7.573584229345193819e-01
8.328148053163862974e-01
3.334554715098950184e-01
1.180051585963904498e-01
1.403703597342388087e-01
7.034615576517376512e-02
5.649778449938555602e-02
4.783023721801302891e-02
1.823722449841709559e-01
2.878588592315841632e-01
1.844218747083882226e-01
1.974963713579805380e-01
7.915188760637992260e-02
1.376288719669774840e-01
6.411395797356883586e-02
3.758599591064250567e-01
4.716582761080351793e-01
2.138764375855724265e-01
3.022816016046823984e-02
2.189744887566050235e-01
2.335176288755482221e-01
4.006014527048630258e-01
7.770817135143878729e-02
9.741112968337492517e-02
4.549418486452042054e-02
2.812306188338060259e-02
8.608668745053258409e-01
8.477786421235973258e-01
2.302211022414248354e-01
1.562559908750176529e-01
1.028427709842733434e-01
9.728040603455509472e-02
6.298972252559040252e-02
2.581168899174847431e-02
6.656692039486569734e-02
3.962475957751114830e-01
1.269874322763568653e-01
8.433070341776872925e-02
7.060433845929998953e-02
1.249603565648921416e-01
1.212153414802454587e-01
4.452363702723700079e-01
7.592382038485026574e-02
2.986925420001620285e-02
7.882353529729782537e-02
8.970528791115880973e-02
1.294127937300762476e-01
9.182556127812535607e-01
4.349382683266176386e-01
4.029643704231348211e-01
1.116290710481687432e-01
5.348054244854980738e-02
2.380220088324661587e-01
8.500335777169041318e-01
4.217777436091377230e-01
8.849695742669477783e-02
7.990961660014926637e-02
9.111194425327691360e-02
8.300098878408124214e-02
3.835895896982970815e-02
6.351706138887924791e-02
1.947706087806365671e-01
2.636241154625211802e-01
9.166630396320404883e-02
6.396847652177656274e-02
6.750066710908286804e-02
4.436495067866989828e-02
1.657015749108450842e-01
1.028560581703510529e-01
4.401173024562550495e-02
8.477785385957932462e-02
2.592466430883007614e-02
6.890980311361935562e-02
1.972745972025455319e-01
9.104625080200243747e-01
8.261494588414108886e-01
9.265152323596690387e-01
3.391432335442047252e-01
3.532879887778354044e-01
7.575329746018086841e-01
8.971387728877034951e-01
2.993665539679690180e-01
1.962845319364291408e-01
1.499421375489505270e-01
1.504737261496489897e-01
3.920528117649840771e-01
2.916220922589529696e-01
4.646801009155775430e-01
3.001109432595522875e-01
4.211242516262979352e-02
1.029551146351793400e-01
8.329661440880370415e-02
7.424616589344168460e-02
2.512805462396056622e-01
7.908325868779130241e-01
1.197018086518135960e-01
5.722030057210791137e-02
4.863886257672727503e-02
5.038310477776557911e-02
1.582968179940260622e-01
7.710255853276335447e-01
9.761189649497019616e-01
8.909039867381439715e-01
6.520618082980573771e-01
3.375835556955031347e-01
7.995467951996458600e-02
4.016885440658988227e-01
8.618487109677588354e-01
8.598095522273776492e-01
9.426751145853402569e-01
9.081536029210064420e-01
7.416531362927289983e-01
2.235207306351983392e-01
4.995182882259100454e-01
5.498234740255547592e-01
2.249385710497627533e-01
4.278565143909861535e-01
2.813467458402393317e-01
2.194753116114305236e-01
2.803876991501521587e-01
9.036832002246905082e-01
5.933059065414533206e-01
4.411245359006973898e-02
2.671483331652562548e-02
3.341530655309697673e-02
1.796765610631941290e-01
6.775701661224871053e-01
9.170478138792983458e-01
9.056013465602279489e-01
2.370893700927429182e-01
9.104336755210325205e-02
5.315087405946947868e-02
1.590572585383507043e-01
7.164262445644002941e-01
9.433085606976709947e-01
8.894328132094968531e-01
9.400072091654824158e-01
8.462480347043449536e-01
8.869244899575359220e-01
7.040612854744545679e-01
8.709483812176634920e-01
9.655731525393803638e-01
9.030568971274031131e-01
8.864686325592504579e-01
5.397498012480875795e-01
5.528536598195132878e-01
9.395408048345458285e-01
9.234284043694684918e-01
1.084502805553439753e-01
3.909109723991073537e-02
5.453711569445913315e-02
1.415460498555404512e-01
3.955994945712170141e-01
6.916060940603995233e-01
8.461728841131241907e-01
2.230696209308328237e-01
1.550427102710042193e-01
1.063001595684214540e-01
6.600102757628464878e-02
4.764409525721388650e-01
7.215885480584898204e-01
9.094529878286451430e-01
9.299289173997824509e-01
8.570590791356733629e-01
6.505209909118143674e-01
7.263796681350198625e-01
9.348402472006442920e-01
9.725879515084249194e-01
9.594157210910769784e-01
8.941606101461492262e-01
4.300861906766042519e-01
3.527211500450225801e-01
7.958442533302316768e-01
8.191997608267092001e-01
4.852614098668971421e-01
1.704131651898270761e-01
4.801325193155882298e-02
5.384009455745458750e-02
2.078053359422526725e-01
5.110165121656292664e-01
8.456076386109210308e-01
1.428975003685105105e-01
5.660640113737559070e-02
9.120882543355675331e-02
2.272438736611635812e-01
5.864688569032290300e-01
6.906903528997975217e-01
7.349506682787079193e-01
7.317253939023540266e-01
7.004311375529452821e-01
5.502650360100116433e-01
4.741891340878122141e-01
8.914790743159156650e-01
8.786301984479492067e-01
9.408518557381999603e-01
9.124832504316908732e-01
8.823891784445896391e-01
5.782143607331777790e-01
4.557495266714507443e-01
6.657200407630806671e-01
5.397898748877212327e-01
5.493261034485086292e-01
5.010479011609805244e-01
2.420584730480301872e-01
1.013634967516038876e-01
2.912106390387831922e-01
5.769050668752022659e-01
1.551855136093487908e-01
3.171548577128167068e-01
1.365362721157168113e-01
4.072107142035513716e-01
4.187888953568459360e-01
5.376127091233647848e-01
6.845728333632354889e-01
8.404099500522765887e-01
8.014038975937041176e-01
4.092081456641790682e-01
2.353413676596212700e-01
6.085318765432523591e-01
9.243215348758577754e-01
8.984979665999117682e-01
8.709030864549915929e-01
7.473273256370898121e-01
6.415580975384554963e-01
4.718203618870506766e-01
8.122900125923815384e-01
8.224183565818656838e-01
9.386380526024020732e-01
7.230375619760686101e-01
5.558887120811623062e-01
5.695482762431141044e-01
5.230134081736490526e-01
1.556053701588205607e-01
4.543336998827422479e-01
3.134736685626293706e-01
3.266952590824088176e-01
3.527856378925282588e-01
8.169632135232042236e-01
5.298589506740095656e-01
4.688573707410942371e-01
4.910169694268510243e-01
4.803435450841891940e-01
4.104351967365115206e-01
1.189922168841307248e-01
4.687021750571056522e-01
9.501235110580633636e-01
9.187880953173757081e-01
8.345387331473823611e-01
8.593723621091939879e-01
8.025859018916901011e-01
7.151847418520690391e-02
5.072904154784974029e-01
6.466008621467146389e-01
8.766804526550309173e-01
7.825783977264281210e-01
8.715308027562074233e-01
7.387976058190688367e-01
8.459463285862345305e-01
1.996108196440598559e-01
6.228184410599367782e-01
7.407303170940554571e-01
8.843860406732486634e-01
7.813069364824460905e-01
7.243214514093939682e-01
5.392178653499022367e-01
6.035524184006140214e-01
3.397629730896845057e-01
3.659772307586433016e-01
1.292612182810746746e-01
1.260222660673687156e-01
4.459280662577248533e-01
8.850651111002094673e-01
9.406415691550151781e-01
9.149246237662130854e-01
7.839635398216713291e-01
7.959530111446745382e-01
1.002808872735541923e-01
9.252505186411408289e-02
5.542513620788351858e-01
7.933139032175774430e-01
8.196838767199263742e-01
6.450286388517338931e-01
5.562774706377040523e-01
7.123140057025849625e-01
1.822454115039492950e-01
1.104764181211657786e-01
5.212309747720234032e-01
7.185995632481274598e-01
8.049336474409458653e-01
4.875876725938848022e-01
3.316889282932850569e-01
7.197685310872852238e-01
4.872045404384527378e-01
5.391288990020597360e-01
8.324478140217415056e-01
6.566337081767730233e-01
9.161234241663118727e-01
7.062156788955116227e-01
7.160423369608830413e-01
8.885128433422930794e-01
8.168877226906161582e-01
9.067560247137879115e-01
3.527103679424224703e-02
1.673820927248134138e-01
2.839566711198070470e-01
8.954547783934923011e-01
9.011770898762192505e-01
9.366041008492587139e-01
7.682166374291972133e-01
6.972061877633359828e-01
2.060283363816202140e-01
6.445869799093534303e-02
1.292679900168903218e-01
4.551155340686291462e-01
6.356198693435256564e-01
4.863922134130397312e-01
2.208939324639375701e-01
1.429902304970958049e-01
7.823407827034865036e-01
8.662421398876474221e-01
9.079207133361322235e-01
9.206871372680305310e-01
9.307715287395590398e-01
8.193679590643637711e-01
8.716625429915729750e-01
6.836979406448320251e-01
8.359657422058230924e-01
7.653798546850898443e-01
2.050036108679043900e-01
9.309137526809116436e-02
4.200980157965708561e-01
9.445551764754540613e-01
9.243706987655420093e-01
8.140836383390814834e-01
8.159680875423221957e-01
6.697086747430398557e-01
2.675886737490466571e-01
7.007528690521742931e-02
1.309133246141577500e-01
1.586929270773634326e-01
3.745455230514264100e-01
2.809542255270636169e-01
2.227744039596101233e-01
3.761425685988947221e-01
9.021123150022344328e-01
8.968178236303785411e-01
8.947854995107973330e-01
8.957991194455683370e-01
9.597017309851338940e-01
9.526763554875826712e-01
6.607887232278136791e-01
7.790112438004765938e-01
6.435028512775918808e-01
4.084991541821691996e-01
9.376790716503071721e-01
1.635568020052561300e-01
3.947236835223675300e-01
8.119058530642161431e-01
8.584851973033953421e-01
8.616943982734412977e-01
9.438704380208846612e-01
8.828165922873107974e-01
2.020311225349486484e-01
1.400747300510772064e-01
1.042978953104664597e-01
1.650507566822609073e-01
5.359196442623999079e-01
3.775088553337982988e-01
2.815799873254229424e-01
6.381114640022018669e-01
9.861761473149522894e-01
9.576499910061413434e-01
9.253297657791901276e-01
9.094210909642637120e-01
9.542476277095641723e-01
9.669833671593033309e-01
9.135956259520887635e-01
6.725073192812134337e-01
5.643857547490944704e-01
6.335361167560094042e-01
8.605544091205323820e-01
9.008155055943499745e-01
8.570536203493344107e-01
7.257552152116215627e-01
9.083442000891490675e-01
8.080478384913400980e-01
9.672627978597438947e-01
9.598453324436171386e-01
3.530333953643113309e-01
1.441582517107132255e-01
2.224030869955370693e-01
6.033607923807986217e-02
2.454468870160247951e-01
2.872281958004355706e-01
7.716859800989208651e-01
8.712994933623261495e-01
9.483804922309342356e-01
9.125617375620276306e-01
9.049355974761597032e-01
9.241035981810928890e-01
9.153049319271175932e-01
9.393946472888925481e-01
9.325237951051319474e-01
8.097172893066234556e-01
7.656233245291951262e-01
5.837986038729261473e-01
9.155793788475802275e-01
8.552494177798990460e-01
8.783850914938660104e-01
7.174766038238589161e-01
5.344290155550621702e-01
7.658529674595315750e-01
9.571912212648374663e-01
8.864286564238288424e-01
9.487388349844613211e-01
1.539916536673857084e-01
1.312681815496180293e-01
2.967763419982757389e-01
6.583398208617281533e-01
8.757366077646266955e-01
9.484188703683951172e-01
8.801995343783942660e-01
8.804853683125574149e-01
8.858807625814948405e-01
9.296255142011685679e-01
9.270283641059370305e-01
8.882119429263459764e-01
9.524656714421151360e-01
9.618208727984854933e-01
7.819138126557600987e-01
4.175681847143852266e-01
8.189132580399727246e-01
7.138542523611960400e-01
8.484281462393530315e-01
9.089838852291998172e-01
2.158555846714514947e-01
3.038823393760110569e-01
5.372676199269326158e-01
7.336468822816956115e-01
9.050635167325831176e-01
8.831412677790360100e-01
1.031296569304379074e-01
2.022964841439217065e-01
4.704015600782748274e-01
7.286438968447175313e-01
9.542285860608721304e-01
9.286430737869247887e-01
9.105791126125378776e-01
6.923093915156044442e-01
7.013537411899870566e-01
8.002487496755228413e-01
8.776355047310706592e-01
9.475082102784668781e-01
9.392125687203318751e-01
9.300031279758580460e-01
5.842755010269445881e-01
1.653351677753791826e-01
4.195714104268379319e-01
8.995142602486707606e-01
9.761572630383865690e-01
9.399356174507542683e-01
7.225198480780944399e-01
1.379884607038446565e-01
1.908039863926699053e-01
8.472139799378695102e-01
7.514508552423011523e-01
8.774740992444038934e-01
2.147055053473477526e-01
4.320521070219414117e-01
8.539774876181185359e-01
8.994741609765357637e-01
8.005728213421361428e-01
9.196690148341475357e-01
9.493183163656553347e-01
5.832054032269571309e-01
3.324770627708065196e-01
4.620425541440629225e-01
8.179853343254759324e-01
8.452490477404771552e-01
9.460138890629397057e-01
7.665963470453578399e-01
6.380016087426074733e-01
6.391734662419554791e-01
3.634786222167676883e-01
8.172567227521352340e-01
9.043732257052780055e-01
8.972709853735736374e-01
6.240820772843982400e-01
4.836035790103850041e-02
1.690208557674191536e-01
3.309694257132559381e-01
5.876760107420414547e-01
8.397151763126350366e-01
8.604075141130831383e-01
5.537362011419748598e-01
6.813409626266666574e-01
7.617569933093418788e-01
9.349815121957968378e-01
8.883093052060000439e-01
9.436157168113514793e-01
7.269844753095220380e-01
2.618951068181635811e-01
4.887612579135560686e-01
6.583876723670453179e-01
8.654278176775758169e-01
9.597592970696445791e-01
9.252678216994435489e-01
7.283773546705143431e-01
4.618770350892464904e-01
3.920866356150820020e-01
8.510971630959538459e-01
8.719916132823244403e-01
9.438844096468055334e-01
5.022710597938229160e-02
4.659761285265826003e-02
1.338735207986193054e-01
7.954751204543971665e-01
7.966539796603694379e-01
7.050581366548922535e-01
8.372265525101948436e-01
5.277066485766155335e-01
4.556915909257485686e-01
8.780229006762214627e-01
8.749530498379687327e-01
9.452047498634932321e-01
9.216792092942416303e-01
1.792852479476497451e-01
9.042466160763125427e-02
2.604426940776080057e-01
3.589811316615998393e-01
9.575626851654275296e-01
8.911155539255568581e-01
9.571789374692272201e-01
5.420573735669793614e-01
2.353069916383028481e-01
2.584106724711568992e-01
7.726569882131164579e-01
8.528036868654367275e-01
9.215318010699556917e-01
3.939357516208701060e-02
6.466985267190526743e-02
1.261586239278955079e-01
6.277242802747435846e-01
8.816072877415701559e-01
8.092789734455672068e-01
6.487603290053648442e-01
1.760308603270769046e-01
3.778178787777403125e-01
7.714496349394897035e-01
8.608407167260468951e-01
8.881634532154876194e-01
8.921562228730657296e-01
1.938230712122065991e-01
1.204214302064679776e-01
2.003981462331106966e-01
5.422704439048263714e-01
8.039369144163005521e-01
8.875597488277222613e-01
9.384162077889992570e-01
4.721616940436529353e-01
7.173998662410580041e-02
1.968338541860086832e-01
5.750963580717074475e-01
9.584982998364102169e-01
8.475304079285910230e-01
8.855125748832615162e-02
6.257223816617370205e-02
2.133097688791522062e-01
5.063691270251834409e-01
9.582616610130958446e-01
8.871573152051336342e-01
7.045743840080447296e-01
1.070058678295038590e-01
2.128692175224896066e-01
8.228217713829444335e-01
8.936867112308332084e-01
8.902834054411951081e-01
9.543975236730164458e-01
5.006616137246666653e-02
8.411708710416687662e-02
1.692330397209772797e-01
1.808498921304312890e-01
8.759564229122586143e-01
9.230518627381389951e-01
8.193653793019872733e-01
3.845542618468014706e-01
1.142101832633763969e-01
3.244863289888829105e-01
7.540998588698921701e-01
8.279734224522197206e-01
7.893922895819006635e-01
1.287889552791276482e-01
6.530266160529926700e-02
1.217581163592661164e-01
5.425314529185962797e-01
9.649171940208995935e-01
9.052385804475102660e-01
3.321724793362985650e-01
1.243209035918901861e-01
8.449775101420355095e-02
4.219720690101764760e-01
9.251307496567098276e-01
9.116616824169552213e-01
9.116373232610022193e-01
9.846424128923025876e-02
1.228231023409147166e-01
2.248527008430594165e-01
3.725586367174083535e-01
9.143061999516299831e-01
9.622420816589886128e-01
4.258201624696477672e-01
4.525489064354233648e-02
2.253079412858588482e-01
6.987836208996818232e-01
6.800957013490611658e-01
7.180195094236724307e-01
2.962077859771107269e-01
1.378497551498952534e-01
1.387067607679264014e-01
3.094948712177000294e-01
2.680772344829785991e-01
9.602013288479973596e-01
9.523282686367420258e-01
6.343839296773098324e-01
1.052664469961075849e-01
9.722734155154452718e-02
1.150661383752510092e-01
8.824754953562448101e-01
8.418868817228442047e-01
9.707290565695356754e-01
1.278127791238237998e-01
2.578535833295927948e-01
1.355802413526103756e-01
4.210578538159808204e-01
8.002375768497869135e-01
8.859809019274000885e-01
3.525123039844822725e-02
2.767640881943576187e-02
8.556456785952452904e-02
1.329356532645449007e-01
5.905220437340800155e-01
6.516875510612214484e-01
3.690202222633953699e-01
1.645066685124398909e-01
1.686220960004561065e-01
1.357743297365762991e-01
3.927858005635505023e-01
7.461423594189227071e-01
9.729540628467372443e-01
3.735608215088864204e-01
7.026694834007055079e-02
1.156814256410308300e-01
5.884043820955076054e-01
6.989443027290960231e-01
8.486616283814762962e-01
3.246006085909270977e-01
7.504455615012572967e-02
1.039255839934165038e-01
2.327561910486848351e-01
3.956253637948848878e-01
6.764305455573205172e-01
2.078456902481749802e-01
2.739300812605230048e-02
4.685578815954454662e-02
4.907489802025381820e-02
2.700336701374031478e-01
3.615605807085194856e-01
8.343815086099986011e-01
1.014167103087849631e-01
1.807509515265184330e-01
1.795025384394196011e-01
4.900685088950960111e-01
8.386469947199831632e-01
9.520170506361445018e-01
9.532859520424403765e-01
2.262906777443108031e-01
8.720899105767528081e-02
2.856169804103355636e-01
3.332665255807826798e-01
5.787676228919889088e-01
5.877330762510599715e-01
7.327718552128989482e-02
1.327853597169790789e-01
1.213271536850397125e-01
1.176531071614062285e-01
2.848785699430988472e-01
3.635827880576951165e-01
2.765256112463967270e-02
4.219568646958288261e-02
1.196543623990572180e-01
8.539110325044858840e-02
3.533773064329159830e-01
9.274134590922107346e-01
7.157171378018413188e-01
1.110472064794004177e-01
1.574893547532409677e-01
2.026252916204831500e-01
1.100380831529751136e-01
9.072149389275273590e-01
9.498173524175284044e-01
9.065038902895350414e-01
1.108127999527808716e-01
4.923413567828804210e-02
1.056154516939472737e-01
5.958401392249194073e-01
5.609826758491238685e-01
2.251160347441140130e-01
2.112350718141952632e-01
1.132700569114580419e-01
1.970790736557684331e-01
1.631219484580697932e-01
4.911007019725094902e-01
5.454779373162750300e-01
5.927666951359791825e-02
5.108908272317694288e-02
1.439271453173220916e-01
2.078139138232412420e-01
1.447925945880344512e-01
7.411509595260211691e-01
2.534593367254598384e-01
9.782188257662366437e-02
1.201480087746973346e-01
9.043428382454840597e-02
4.143252147984899381e-01
8.687155061094569142e-01
9.041283250031864061e-01
6.639570850685824199e-01
2.033028620376243212e-01
2.076087498630052597e-01
2.420048845075006005e-01
7.146723753101338339e-01
6.953322628469623679e-01
3.760209366571983791e-01
3.682216446779754682e-01
8.675780734600552213e-02
1.220227727869783729e-01
2.134021837543587374e-01
5.034162258181991145e-01
7.936652081257268287e-01
9.216350587585650511e-02
1.299513004594622101e-01
1.648757738856042876e-01
5.593879175417912908e-01
1.719267267958625445e-01
2.597518886803037996e-01
3.217501351656781305e-01
2.619066005315131562e-01
4.519803697090823968e-02
1.520664043012693312e-01
6.354025967693414101e-01
2.290814007060280599e-01
1.451603465587091302e-01
9.055739599613874535e-01
2.864476668179518071e-01
3.191976615656171856e-01
1.198360427057146294e-01
5.772397273340068580e-01
6.969709364880171121e-01
9.028466438696146623e-01
2.973004595452755083e-01
1.649736982363707583e-01
1.631501227238867369e-01
1.952296390513622026e-01
5.485361233522846325e-01
6.871111324333591952e-01
1.222164410956304015e-01
3.795666282563484595e-01
5.939147605353939374e-01
1.709976596129855198e-01
1.440157542360268605e-01
3.655677177957399326e-01
7.138700814579576059e-01
2.546516203311129378e-01
1.958501153608675771e-01
1.318500470576726147e-01
1.623322940195170982e-01
1.801081242943951277e-01
1.036652082125061325e-01
8.229138469901774167e-02
2.314461785883460410e-01
7.663368370388719264e-02
1.745899661397495028e-01
4.331566566455047895e-01
7.034732750339788288e-01
8.733256703742657834e-01
8.586717611554119944e-01
6.893280567482871213e-01
8.575139553821915506e-01
8.460640316095626723e-01
5.968088053336692012e-01
4.966531422068435342e-01
1.481910670050020640e-01
1.040751461846955717e-01
2.403454820428545802e-01
4.255611728856801279e-01
2.625019050527752640e-01
1.081686575837181030e-01
4.876357532368311709e-01
5.054423034299709849e-01
1.928344616412946411e-01
1.567924289525534920e-01
1.517800616246060552e-01
1.659522700239435267e-01
3.187196731085729651e-01
1.380563421837820992e-01
1.154418387645345934e-01
1.798928382760444089e-01
1.067914974352512508e-01
4.158169420603088362e-01
8.990375099071181708e-01
9.579477869581264349e-01
9.307228165518359742e-01
8.297320873574594025e-01
7.106361134465032370e-01
5.729476311110540676e-01
4.495540817063416461e-01
2.630296309999180515e-01
1.936136872913301887e-01
1.258428898674966157e-01
1.780853521687294216e-01
1.131765058014319314e-01
8.306181524714140174e-02
1.623226256142847046e-01
9.056787326870392452e-01
6.992466782686028726e-01
3.082733750234758485e-01
2.201979232777864781e-01
1.561699008066281258e-01
3.057566852572273230e-01
7.483310214179863529e-01
6.207141381428584737e-01
7.947388010366226996e-02
1.344107761392446254e-01
1.505973396964064293e-01
9.415770233773539111e-02
8.361481444483436221e-01
9.420235876404359221e-01
9.120210120200746839e-01
8.170788687909276149e-01
6.779234761886124838e-01
6.549839361232508983e-01
4.945838625304317393e-01
8.881198451884657341e-02
3.103358354356550164e-01
3.483797747491489821e-02
7.756439362717372499e-02
1.302101026537750283e-01
7.215166277523245297e-02
1.606532603927637026e-01
8.733464090869520469e-01
8.244978700725819065e-01
1.463299701914966833e-01
1.751392496227183182e-01
2.170976275148263634e-01
3.143783848390974689e-01
7.802821931585401938e-01
9.316204567309085416e-01
1.354999044274932118e-01
3.274814715837698342e-02
1.363886540273803738e-01
1.590295639324713073e-01
7.922608504448427347e-01
9.505015688425301201e-01
9.814682715524691847e-01
8.620487130869450842e-01
2.184776824178002452e-01
1.981735989941497134e-01
2.936731170123369483e-01
4.650255596454933027e-01
1.813230511368406905e-01
9.534594491767037217e-02
2.496605296490454415e-02
1.320994834720802813e-01
1.788511690372096008e-01
2.510913552737755183e-01
9.180381685732452723e-01
8.456576424493724708e-01
2.087494947475080354e-01
6.441562555071791984e-02
9.432933481112598662e-02
2.630375934155704254e-01
9.052904395102092661e-01
9.000667175958401156e-01
1.331490384044224928e-01
1.131850596613649396e-01
1.059105892298056600e-01
6.646276804839974517e-01
8.590205443984026967e-01
9.033434085379844491e-01
9.395552910491498100e-01
4.396877528499825161e-01
1.444606554039260526e-01
1.222383821114623736e-01
3.590929818677401908e-01
6.094274447115227700e-01
5.775319917885735066e-01
9.941066624048694456e-02
8.733645822489120858e-02
9.056431122681085633e-02
1.951745306723385587e-01
3.137637595119070477e-01
9.194031725238567265e-01
8.818213080650639801e-01
1.518213808871263226e-01
1.111163746863992191e-01
9.236427568561411672e-02
5.415920310880699695e-01
9.283439237729715909e-01
8.989516917297424303e-01
5.957290157380439044e-02
8.446555737923937268e-02
5.191772376018707891e-02
2.656643629532156603e-01
7.142140042086979612e-01
9.684714298447318903e-01
4.476793800736916795e-01
6.703658249988386775e-02
8.764025376105891163e-02
2.336441206702183360e-01
3.338316345924660644e-01
8.331116046585853585e-01
7.555479762158885393e-01
1.954211338904272496e-02
6.787814844989321916e-02
2.514421250668312791e-01
2.955631323294057311e-01
4.037962158657153466e-01
9.398773801503743641e-01
9.266838498180536288e-01
9.006161245540644789e-02
4.513395794198660216e-02
1.142359115911212863e-01
7.420949498965280500e-02
8.586608465795396716e-01
8.997788596562930064e-01
9.622065945679363075e-02
7.128536227650998647e-02
1.488787468039647344e-01
7.556374989923146657e-02
8.452198826810910504e-01
9.422016781585360601e-01
2.482194899512000785e-01
7.644581013583934270e-02
8.068252335908289441e-02
1.940035920229286615e-01
2.618032862164548780e-01
6.887079547720993400e-01
6.798432999794932208e-01
1.450309517959777472e-02
1.160676346314866575e-01
1.282433228647818502e-01
1.369642368147701017e-01
2.820209612476370364e-01
8.242530830255738739e-01
8.651197949951721089e-01
1.495608089015896813e-01
8.278306444689682853e-02
6.284175827363910893e-02
2.219931929343937071e-01
8.304528062166471880e-01
8.498441616799464748e-01
1.251930143944112173e-01
1.407844982766481012e-01
8.117652849730730424e-02
4.158391527126452658e-01
8.606087060365280594e-01
9.217961595047208245e-01
1.572489317811855691e-01
7.524284321680205223e-02
9.586708181825362440e-02
2.734559756676698816e-01
5.494877640456514722e-01
6.710485779296602171e-01
7.823746515274249136e-01
2.464542959111380369e-02
9.110348759050843070e-02
1.861753957397880299e-01
2.727329708200616487e-01
6.081139989415135227e-01
9.794431213162070327e-01
7.876569864637469331e-01
1.547919963812436350e-01
7.766405877699592009e-02
1.401243805926933594e-01
3.630842203512271715e-01
8.493689513504091293e-01
8.515568633088427264e-01
4.735913841470080210e-01
1.660571031399466768e-01
5.468903455072716968e-02
5.751475691306959792e-01
8.675320743894703313e-01
8.891535339642056002e-01
4.994030497308382666e-02
5.413271829740375074e-02
3.282898169651660147e-02
1.643443527725264863e-01
1.433912186161394597e-01
7.977839574765687169e-01
7.462604611941204835e-01
1.714635705133154414e-02
1.209989958830113566e-01
9.294424945250399916e-02
4.515765586612178195e-01
2.820209612476370364e-01
8.242530830255738739e-01
8.651197949951721089e-01
1.495608089015896813e-01
8.278306444689682853e-02
6.284175827363910893e-02
2.219931929343937071e-01
8.304528062166471880e-01
8.498441616799464748e-01
1.251930143944112173e-01
1.407844982766481012e-01
8.117652849730730424e-02
4.158391527126452658e-01
8.606087060365280594e-01
9.217961595047208245e-01
1.572489317811855691e-01
7.524284321680205223e-02
9.586708181825362440e-02
2.734559756676698816e-01
5.494877640456514722e-01
6.710485779296602171e-01
7.823746515274249136e-01
2.464542959111380369e-02
9.110348759050843070e-02
1.861753957397880299e-01
2.727329708200616487e-01
4.037962158657153466e-01
9.398773801503743641e-01
9.266838498180536288e-01
9.006161245540644789e-02
4.513395794198660216e-02
1.142359115911212863e-01
7.420949498965280500e-02
8.586608465795396716e-01
8.997788596562930064e-01
9.622065945679363075e-02
7.128536227650998647e-02
1.488787468039647344e-01
7.556374989923146657e-02
8.452198826810910504e-01
9.422016781585360601e-01
2.482194899512000785e-01
7.644581013583934270e-02
8.068252335908289441e-02
1.940035920229286615e-01
2.618032862164548780e-01
6.887079547720993400e-01
6.798432999794932208e-01
1.450309517959777472e-02
1.160676346314866575e-01
1.282433228647818502e-01
1.369642368147701017e-01
3.137637595119070477e-01
9.194031725238567265e-01
8.818213080650639801e-01
1.518213808871263226e-01
1.111163746863992191e-01
9.236427568561411672e-02
5.415920310880699695e-01
9.283439237729715909e-01
8.989516917297424303e-01
5.957290157380439044e-02
8.446555737923937268e-02
5.191772376018707891e-02
2.656643629532156603e-01
7.142140042086979612e-01
9.684714298447318903e-01
4.476793800736916795e-01
6.703658249988386775e-02
8.764025376105891163e-02
2.336441206702183360e-01
3.338316345924660644e-01
8.331116046585853585e-01
7.555479762158885393e-01
1.954211338904272496e-02
6.787814844989321916e-02
2.514421250668312791e-01
2.955631323294057311e-01
2.510913552737755183e-01
9.180381685732452723e-01
8.456576424493724708e-01
2.087494947475080354e-01
6.441562555071791984e-02
9.432933481112598662e-02
2.630375934155704254e-01
9.052904395102092661e-01
9.000667175958401156e-01
1.331490384044224928e-01
1.131850596613649396e-01
1.059105892298056600e-01
6.646276804839974517e-01
8.590205443984026967e-01
9.033434085379844491e-01
9.395552910491498100e-01
4.396877528499825161e-01
1.444606554039260526e-01
1.222383821114623736e-01
3.590929818677401908e-01
6.094274447115227700e-01
5.775319917885735066e-01
9.941066624048694456e-02
8.733645822489120858e-02
9.056431122681085633e-02
1.951745306723385587e-01
1.606532603927637026e-01
8.733464090869520469e-01
8.244978700725819065e-01
1.463299701914966833e-01
1.751392496227183182e-01
2.170976275148263634e-01
3.143783848390974689e-01
7.802821931585401938e-01
9.316204567309085416e-01
1.354999044274932118e-01
3.274814715837698342e-02
1.363886540273803738e-01
1.590295639324713073e-01
7.922608504448427347e-01
9.505015688425301201e-01
9.814682715524691847e-01
8.620487130869450842e-01
2.184776824178002452e-01
1.981735989941497134e-01
2.936731170123369483e-01
4.650255596454933027e-01
1.813230511368406905e-01
9.534594491767037217e-02
2.496605296490454415e-02
1.320994834720802813e-01
1.788511690372096008e-01
1.623226256142847046e-01
9.056787326870392452e-01
6.992466782686028726e-01
3.082733750234758485e-01
2.201979232777864781e-01
1.561699008066281258e-01
3.057566852572273230e-01
7.483310214179863529e-01
6.207141381428584737e-01
7.947388010366226996e-02
1.344107761392446254e-01
1.505973396964064293e-01
9.415770233773539111e-02
8.361481444483436221e-01
9.420235876404359221e-01
9.120210120200746839e-01
8.170788687909276149e-01
6.779234761886124838e-01
6.549839361232508983e-01
4.945838625304317393e-01
8.881198451884657341e-02
3.103358354356550164e-01
3.483797747491489821e-02
7.756439362717372499e-02
1.302101026537750283e-01
7.215166277523245297e-02
1.081686575837181030e-01
4.876357532368311709e-01
5.054423034299709849e-01
1.928344616412946411e-01
1.567924289525534920e-01
1.517800616246060552e-01
1.659522700239435267e-01
3.187196731085729651e-01
1.380563421837820992e-01
1.154418387645345934e-01
1.798928382760444089e-01
1.067914974352512508e-01
4.158169420603088362e-01
8.990375099071181708e-01
9.579477869581264349e-01
9.307228165518359742e-01
8.297320873574594025e-01
7.106361134465032370e-01
5.729476311110540676e-01
4.495540817063416461e-01
2.630296309999180515e-01
1.936136872913301887e-01
1.258428898674966157e-01
1.780853521687294216e-01
1.131765058014319314e-01
8.306181524714140174e-02
3.655677177957399326e-01
7.138700814579576059e-01
2.546516203311129378e-01
1.958501153608675771e-01
1.318500470576726147e-01
1.623322940195170982e-01
1.801081242943951277e-01
1.036652082125061325e-01
8.229138469901774167e-02
2.314461785883460410e-01
7.663368370388719264e-02
1.745899661397495028e-01
4.331566566455047895e-01
7.034732750339788288e-01
8.733256703742657834e-01
8.586717611554119944e-01
6.893280567482871213e-01
8.575139553821915506e-01
8.460640316095626723e-01
5.968088053336692012e-01
4.966531422068435342e-01
1.481910670050020640e-01
1.040751461846955717e-01
2.403454820428545802e-01
4.255611728856801279e-01
2.625019050527752640e-01
2.597518886803037996e-01
3.217501351656781305e-01
2.619066005315131562e-01
4.519803697090823968e-02
1.520664043012693312e-01
6.354025967693414101e-01
2.290814007060280599e-01
1.451603465587091302e-01
9.055739599613874535e-01
2.864476668179518071e-01
3.191976615656171856e-01
1.198360427057146294e-01
5.772397273340068580e-01
6.969709364880171121e-01
9.028466438696146623e-01
2.973004595452755083e-01
1.649736982363707583e-01
1.631501227238867369e-01
1.952296390513622026e-01
5.485361233522846325e-01
6.871111324333591952e-01
1.222164410956304015e-01
3.795666282563484595e-01
5.939147605353939374e-01
1.709976596129855198e-01
1.440157542360268605e-01
7.411509595260211691e-01
2.534593367254598384e-01
9.782188257662366437e-02
1.201480087746973346e-01
9.043428382454840597e-02
4.143252147984899381e-01
8.687155061094569142e-01
9.041283250031864061e-01
6.639570850685824199e-01
2.033028620376243212e-01
2.076087498630052597e-01
2.420048845075006005e-01
7.146723753101338339e-01
6.953322628469623679e-01
3.760209366571983791e-01
3.682216446779754682e-01
8.675780734600552213e-02
1.220227727869783729e-01
2.134021837543587374e-01
5.034162258181991145e-01
7.936652081257268287e-01
9.216350587585650511e-02
1.299513004594622101e-01
1.648757738856042876e-01
5.593879175417912908e-01
1.719267267958625445e-01
9.274134590922107346e-01
7.157171378018413188e-01
1.110472064794004177e-01
1.574893547532409677e-01
2.026252916204831500e-01
1.100380831529751136e-01
9.072149389275273590e-01
9.498173524175284044e-01
9.065038902895350414e-01
1.108127999527808716e-01
4.923413567828804210e-02
1.056154516939472737e-01
5.958401392249194073e-01
5.609826758491238685e-01
2.251160347441140130e-01
2.112350718141952632e-01
1.132700569114580419e-01
1.970790736557684331e-01
1.631219484580697932e-01
4.911007019725094902e-01
5.454779373162750300e-01
5.927666951359791825e-02
5.108908272317694288e-02
1.439271453173220916e-01
2.078139138232412420e-01
1.447925945880344512e-01
3.615605807085194856e-01
8.343815086099986011e-01
1.014167103087849631e-01
1.807509515265184330e-01
1.795025384394196011e-01
4.900685088950960111e-01
8.386469947199831632e-01
9.520170506361445018e-01
9.532859520424403765e-01
2.262906777443108031e-01
8.720899105767528081e-02
2.856169804103355636e-01
3.332665255807826798e-01
5.787676228919889088e-01
5.877330762510599715e-01
7.327718552128989482e-02
1.327853597169790789e-01
1.213271536850397125e-01
1.176531071614062285e-01
2.848785699430988472e-01
3.635827880576951165e-01
2.765256112463967270e-02
4.219568646958288261e-02
1.196543623990572180e-01
8.539110325044858840e-02
3.533773064329159830e-01
5.905220437340800155e-01
6.516875510612214484e-01
3.690202222633953699e-01
1.645066685124398909e-01
1.686220960004561065e-01
1.357743297365762991e-01
3.927858005635505023e-01
7.461423594189227071e-01
9.729540628467372443e-01
3.735608215088864204e-01
7.026694834007055079e-02
1.156814256410308300e-01
5.884043820955076054e-01
6.989443027290960231e-01
8.486616283814762962e-01
3.246006085909270977e-01
7.504455615012572967e-02
1.039255839934165038e-01
2.327561910486848351e-01
3.956253637948848878e-01
6.764305455573205172e-01
2.078456902481749802e-01
2.739300812605230048e-02
4.685578815954454662e-02
4.907489802025381820e-02
2.700336701374031478e-01
6.800957013490611658e-01
7.180195094236724307e-01
2.962077859771107269e-01
1.378497551498952534e-01
1.387067607679264014e-01
3.094948712177000294e-01
2.680772344829785991e-01
9.602013288479973596e-01
9.523282686367420258e-01
6.343839296773098324e-01
1.052664469961075849e-01
9.722734155154452718e-02
1.150661383752510092e-01
8.824754953562448101e-01
8.418868817228442047e-01
9.707290565695356754e-01
1.278127791238237998e-01
2.578535833295927948e-01
1.355802413526103756e-01
4.210578538159808204e-01
8.002375768497869135e-01
8.859809019274000885e-01
3.525123039844822725e-02
2.767640881943576187e-02
8.556456785952452904e-02
1.329356532645449007e-01
7.540998588698921701e-01
8.279734224522197206e-01
7.893922895819006635e-01
1.287889552791276482e-01
6.530266160529926700e-02
1.217581163592661164e-01
5.425314529185962797e-01
9.649171940208995935e-01
9.052385804475102660e-01
3.321724793362985650e-01
1.243209035918901861e-01
8.449775101420355095e-02
4.219720690101764760e-01
9.251307496567098276e-01
9.116616824169552213e-01
9.116373232610022193e-01
9.846424128923025876e-02
1.228231023409147166e-01
2.248527008430594165e-01
3.725586367174083535e-01
9.143061999516299831e-01
9.622420816589886128e-01
4.258201624696477672e-01
4.525489064354233648e-02
2.253079412858588482e-01
6.987836208996818232e-01
5.750963580717074475e-01
9.584982998364102169e-01
8.475304079285910230e-01
8.855125748832615162e-02
6.257223816617370205e-02
2.133097688791522062e-01
5.063691270251834409e-01
9.582616610130958446e-01
8.871573152051336342e-01
7.045743840080447296e-01
1.070058678295038590e-01
2.128692175224896066e-01
8.228217713829444335e-01
8.936867112308332084e-01
8.902834054411951081e-01
9.543975236730164458e-01
5.006616137246666653e-02
8.411708710416687662e-02
1.692330397209772797e-01
1.808498921304312890e-01
8.759564229122586143e-01
9.230518627381389951e-01
8.193653793019872733e-01
3.845542618468014706e-01
1.142101832633763969e-01
3.244863289888829105e-01
7.726569882131164579e-01
8.528036868654367275e-01
9.215318010699556917e-01
3.939357516208701060e-02
6.466985267190526743e-02
1.261586239278955079e-01
6.277242802747435846e-01
8.816072877415701559e-01
8.092789734455672068e-01
6.487603290053648442e-01
1.760308603270769046e-01
3.778178787777403125e-01
7.714496349394897035e-01
8.608407167260468951e-01
8.881634532154876194e-01
8.921562228730657296e-01
1.938230712122065991e-01
1.204214302064679776e-01
2.003981462331106966e-01
5.422704439048263714e-01
8.039369144163005521e-01
8.875597488277222613e-01
9.384162077889992570e-01
4.721616940436529353e-01
7.173998662410580041e-02
1.968338541860086832e-01
8.510971630959538459e-01
8.719916132823244403e-01
9.438844096468055334e-01
5.022710597938229160e-02
4.659761285265826003e-02
1.338735207986193054e-01
7.954751204543971665e-01
7.966539796603694379e-01
7.050581366548922535e-01
8.372265525101948436e-01
5.277066485766155335e-01
4.556915909257485686e-01
8.780229006762214627e-01
8.749530498379687327e-01
9.452047498634932321e-01
9.216792092942416303e-01
1.792852479476497451e-01
9.042466160763125427e-02
2.604426940776080057e-01
3.589811316615998393e-01
9.575626851654275296e-01
8.911155539255568581e-01
9.571789374692272201e-01
5.420573735669793614e-01
2.353069916383028481e-01
2.584106724711568992e-01
8.172567227521352340e-01
9.043732257052780055e-01
8.972709853735736374e-01
6.240820772843982400e-01
4.836035790103850041e-02
1.690208557674191536e-01
3.309694257132559381e-01
5.876760107420414547e-01
8.397151763126350366e-01
8.604075141130831383e-01
5.537362011419748598e-01
6.813409626266666574e-01
7.617569933093418788e-01
9.349815121957968378e-01
8.883093052060000439e-01
9.436157168113514793e-01
7.269844753095220380e-01
2.618951068181635811e-01
4.887612579135560686e-01
6.583876723670453179e-01
8.654278176775758169e-01
9.597592970696445791e-01
9.252678216994435489e-01
7.283773546705143431e-01
4.618770350892464904e-01
3.920866356150820020e-01
8.995142602486707606e-01
9.761572630383865690e-01
9.399356174507542683e-01
7.225198480780944399e-01
1.379884607038446565e-01
1.908039863926699053e-01
8.472139799378695102e-01
7.514508552423011523e-01
8.774740992444038934e-01
2.147055053473477526e-01
4.320521070219414117e-01
8.539774876181185359e-01
8.994741609765357637e-01
8.005728213421361428e-01
9.196690148341475357e-01
9.493183163656553347e-01
5.832054032269571309e-01
3.324770627708065196e-01
4.620425541440629225e-01
8.179853343254759324e-01
8.452490477404771552e-01
9.460138890629397057e-01
7.665963470453578399e-01
6.380016087426074733e-01
6.391734662419554791e-01
3.634786222167676883e-01
7.138542523611960400e-01
8.484281462393530315e-01
9.089838852291998172e-01
2.158555846714514947e-01
3.038823393760110569e-01
5.372676199269326158e-01
7.336468822816956115e-01
9.050635167325831176e-01
8.831412677790360100e-01
1.031296569304379074e-01
2.022964841439217065e-01
4.704015600782748274e-01
7.286438968447175313e-01
9.542285860608721304e-01
9.286430737869247887e-01
9.105791126125378776e-01
6.923093915156044442e-01
7.013537411899870566e-01
8.002487496755228413e-01
8.776355047310706592e-01
9.475082102784668781e-01
9.392125687203318751e-01
9.300031279758580460e-01
5.842755010269445881e-01
1.653351677753791826e-01
4.195714104268379319e-01
9.155793788475802275e-01
8.552494177798990460e-01
8.783850914938660104e-01
7.174766038238589161e-01
5.344290155550621702e-01
7.658529674595315750e-01
9.571912212648374663e-01
8.864286564238288424e-01
9.487388349844613211e-01
1.539916536673857084e-01
1.312681815496180293e-01
2.967763419982757389e-01
6.583398208617281533e-01
8.757366077646266955e-01
9.484188703683951172e-01
8.801995343783942660e-01
8.804853683125574149e-01
8.858807625814948405e-01
9.296255142011685679e-01
9.270283641059370305e-01
8.882119429263459764e-01
9.524656714421151360e-01
9.618208727984854933e-01
7.819138126557600987e-01
4.175681847143852266e-01
8.189132580399727246e-01
8.605544091205323820e-01
9.008155055943499745e-01
8.570536203493344107e-01
7.257552152116215627e-01
9.083442000891490675e-01
8.080478384913400980e-01
9.672627978597438947e-01
9.598453324436171386e-01
3.530333953643113309e-01
1.441582517107132255e-01
2.224030869955370693e-01
6.033607923807986217e-02
2.454468870160247951e-01
2.872281958004355706e-01
7.716859800989208651e-01
8.712994933623261495e-01
9.483804922309342356e-01
9.125617375620276306e-01
9.049355974761597032e-01
9.241035981810928890e-01
9.153049319271175932e-01
9.393946472888925481e-01
9.325237951051319474e-01
8.097172893066234556e-01
7.656233245291951262e-01
5.837986038729261473e-01
9.376790716503071721e-01
1.635568020052561300e-01
3.947236835223675300e-01
8.119058530642161431e-01
8.584851973033953421e-01
8.616943982734412977e-01
9.438704380208846612e-01
8.828165922873107974e-01
2.020311225349486484e-01
1.400747300510772064e-01
1.042978953104664597e-01
1.650507566822609073e-01
5.359196442623999079e-01
3.775088553337982988e-01
2.815799873254229424e-01
6.381114640022018669e-01
9.861761473149522894e-01
9.576499910061413434e-01
9.253297657791901276e-01
9.094210909642637120e-01
9.542476277095641723e-01
9.669833671593033309e-01
9.135956259520887635e-01
6.725073192812134337e-01
5.643857547490944704e-01
6.335361167560094042e-01
2.050036108679043900e-01
9.309137526809116436e-02
4.200980157965708561e-01
9.445551764754540613e-01
9.243706987655420093e-01
8.140836383390814834e-01
8.159680875423221957e-01
6.697086747430398557e-01
2.675886737490466571e-01
7.007528690521742931e-02
1.309133246141577500e-01
1.586929270773634326e-01
3.745455230514264100e-01
2.809542255270636169e-01
2.227744039596101233e-01
3.761425685988947221e-01
9.021123150022344328e-01
8.968178236303785411e-01
8.947854995107973330e-01
8.957991194455683370e-01
9.597017309851338940e-01
9.526763554875826712e-01
6.607887232278136791e-01
7.790112438004765938e-01
6.435028512775918808e-01
4.084991541821691996e-01
3.527103679424224703e-02
1.673820927248134138e-01
2.839566711198070470e-01
8.954547783934923011e-01
9.011770898762192505e-01
9.366041008492587139e-01
7.682166374291972133e-01
6.972061877633359828e-01
2.060283363816202140e-01
6.445869799093534303e-02
1.292679900168903218e-01
4.551155340686291462e-01
6.356198693435256564e-01
4.863922134130397312e-01
2.208939324639375701e-01
1.429902304970958049e-01
7.823407827034865036e-01
8.662421398876474221e-01
9.079207133361322235e-01
9.206871372680305310e-01
9.307715287395590398e-01
8.193679590643637711e-01
8.716625429915729750e-01
6.836979406448320251e-01
8.359657422058230924e-01
7.653798546850898443e-01
1.002808872735541923e-01
9.252505186411408289e-02
5.542513620788351858e-01
7.933139032175774430e-01
8.196838767199263742e-01
6.450286388517338931e-01
5.562774706377040523e-01
7.123140057025849625e-01
1.822454115039492950e-01
1.104764181211657786e-01
5.212309747720234032e-01
7.185995632481274598e-01
8.049336474409458653e-01
4.875876725938848022e-01
3.316889282932850569e-01
7.197685310872852238e-01
4.872045404384527378e-01
5.391288990020597360e-01
8.324478140217415056e-01
6.566337081767730233e-01
9.161234241663118727e-01
7.062156788955116227e-01
7.160423369608830413e-01
8.885128433422930794e-01
8.168877226906161582e-01
9.067560247137879115e-01
7.151847418520690391e-02
5.072904154784974029e-01
6.466008621467146389e-01
8.766804526550309173e-01
7.825783977264281210e-01
8.715308027562074233e-01
7.387976058190688367e-01
8.459463285862345305e-01
1.996108196440598559e-01
6.228184410599367782e-01
7.407303170940554571e-01
8.843860406732486634e-01
7.813069364824460905e-01
7.243214514093939682e-01
5.392178653499022367e-01
6.035524184006140214e-01
3.397629730896845057e-01
3.659772307586433016e-01
1.292612182810746746e-01
1.260222660673687156e-01
4.459280662577248533e-01
8.850651111002094673e-01
9.406415691550151781e-01
9.149246237662130854e-01
7.839635398216713291e-01
7.959530111446745382e-01
4.718203618870506766e-01
8.122900125923815384e-01
8.224183565818656838e-01
9.386380526024020732e-01
7.230375619760686101e-01
5.558887120811623062e-01
5.695482762431141044e-01
5.230134081736490526e-01
1.556053701588205607e-01
4.543336998827422479e-01
3.134736685626293706e-01
3.266952590824088176e-01
3.527856378925282588e-01
8.169632135232042236e-01
5.298589506740095656e-01
4.688573707410942371e-01
4.910169694268510243e-01
4.803435450841891940e-01
4.104351967365115206e-01
1.189922168841307248e-01
4.687021750571056522e-01
9.501235110580633636e-01
9.187880953173757081e-01
8.345387331473823611e-01
8.593723621091939879e-01
8.025859018916901011e-01
4.557495266714507443e-01
6.657200407630806671e-01
5.397898748877212327e-01
5.493261034485086292e-01
5.010479011609805244e-01
2.420584730480301872e-01
1.013634967516038876e-01
2.912106390387831922e-01
5.769050668752022659e-01
1.551855136093487908e-01
3.171548577128167068e-01
1.365362721157168113e-01
4.072107142035513716e-01
4.187888953568459360e-01
5.376127091233647848e-01
6.845728333632354889e-01
8.404099500522765887e-01
8.014038975937041176e-01
4.092081456641790682e-01
2.353413676596212700e-01
6.085318765432523591e-01
9.243215348758577754e-01
8.984979665999117682e-01
8.709030864549915929e-01
7.473273256370898121e-01
6.415580975384554963e-01
7.958442533302316768e-01
8.191997608267092001e-01
4.852614098668971421e-01
1.704131651898270761e-01
4.801325193155882298e-02
5.384009455745458750e-02
2.078053359422526725e-01
5.110165121656292664e-01
8.456076386109210308e-01
1.428975003685105105e-01
5.660640113737559070e-02
9.120882543355675331e-02
2.272438736611635812e-01
5.864688569032290300e-01
6.906903528997975217e-01
7.349506682787079193e-01
7.317253939023540266e-01
7.004311375529452821e-01
5.502650360100116433e-01
4.741891340878122141e-01
8.914790743159156650e-01
8.786301984479492067e-01
9.408518557381999603e-01
9.124832504316908732e-01
8.823891784445896391e-01
5.782143607331777790e-01
9.395408048345458285e-01
9.234284043694684918e-01
1.084502805553439753e-01
3.909109723991073537e-02
5.453711569445913315e-02
1.415460498555404512e-01
3.955994945712170141e-01
6.916060940603995233e-01
8.461728841131241907e-01
2.230696209308328237e-01
1.550427102710042193e-01
1.063001595684214540e-01
6.600102757628464878e-02
4.764409525721388650e-01
7.215885480584898204e-01
9.094529878286451430e-01
9.299289173997824509e-01
8.570590791356733629e-01
6.505209909118143674e-01
7.263796681350198625e-01
9.348402472006442920e-01
9.725879515084249194e-01
9.594157210910769784e-01
8.941606101461492262e-01
4.300861906766042519e-01
3.527211500450225801e-01
9.036832002246905082e-01
5.933059065414533206e-01
4.411245359006973898e-02
2.671483331652562548e-02
3.341530655309697673e-02
1.796765610631941290e-01
6.775701661224871053e-01
9.170478138792983458e-01
9.056013465602279489e-01
2.370893700927429182e-01
9.104336755210325205e-02
5.315087405946947868e-02
1.590572585383507043e-01
7.164262445644002941e-01
9.433085606976709947e-01
8.894328132094968531e-01
9.400072091654824158e-01
8.462480347043449536e-01
8.869244899575359220e-01
7.040612854744545679e-01
8.709483812176634920e-01
9.655731525393803638e-01
9.030568971274031131e-01
8.864686325592504579e-01
5.397498012480875795e-01
5.528536598195132878e-01
7.908325868779130241e-01
1.197018086518135960e-01
5.722030057210791137e-02
4.863886257672727503e-02
5.038310477776557911e-02
1.582968179940260622e-01
7.710255853276335447e-01
9.761189649497019616e-01
8.909039867381439715e-01
6.520618082980573771e-01
3.375835556955031347e-01
7.995467951996458600e-02
4.016885440658988227e-01
8.618487109677588354e-01
8.598095522273776492e-01
9.426751145853402569e-01
9.081536029210064420e-01
7.416531362927289983e-01
2.235207306351983392e-01
4.995182882259100454e-01
5.498234740255547592e-01
2.249385710497627533e-01
4.278565143909861535e-01
2.813467458402393317e-01
2.194753116114305236e-01
2.803876991501521587e-01
1.028560581703510529e-01
4.401173024562550495e-02
8.477785385957932462e-02
2.592466430883007614e-02
6.890980311361935562e-02
1.972745972025455319e-01
9.104625080200243747e-01
8.261494588414108886e-01
9.265152323596690387e-01
3.391432335442047252e-01
3.532879887778354044e-01
7.575329746018086841e-01
8.971387728877034951e-01
2.993665539679690180e-01
1.962845319364291408e-01
1.499421375489505270e-01
1.504737261496489897e-01
3.920528117649840771e-01
2.916220922589529696e-01
4.646801009155775430e-01
3.001109432595522875e-01
4.211242516262979352e-02
1.029551146351793400e-01
8.329661440880370415e-02
7.424616589344168460e-02
2.512805462396056622e-01
7.592382038485026574e-02
2.986925420001620285e-02
7.882353529729782537e-02
8.970528791115880973e-02
1.294127937300762476e-01
9.182556127812535607e-01
4.349382683266176386e-01
4.029643704231348211e-01
1.116290710481687432e-01
5.348054244854980738e-02
2.380220088324661587e-01
8.500335777169041318e-01
4.217777436091377230e-01
8.849695742669477783e-02
7.990961660014926637e-02
9.111194425327691360e-02
8.300098878408124214e-02
3.835895896982970815e-02
6.351706138887924791e-02
1.947706087806365671e-01
2.636241154625211802e-01
9.166630396320404883e-02
6.396847652177656274e-02
6.750066710908286804e-02
4.436495067866989828e-02
1.657015749108450842e-01
4.716582761080351793e-01
2.138764375855724265e-01
3.022816016046823984e-02
2.189744887566050235e-01
2.335176288755482221e-01
4.006014527048630258e-01
7.770817135143878729e-02
9.741112968337492517e-02
4.549418486452042054e-02
2.812306188338060259e-02
8.608668745053258409e-01
8.477786421235973258e-01
2.302211022414248354e-01
1.562559908750176529e-01
1.028427709842733434e-01
9.728040603455509472e-02
6.298972252559040252e-02
2.581168899174847431e-02
6.656692039486569734e-02
3.962475957751114830e-01
1.269874322763568653e-01
8.433070341776872925e-02
7.060433845929998953e-02
1.249603565648921416e-01
1.212153414802454587e-01
4.452363702723700079e-01
8.954843505183618380e-01
2.988630007889016005e-01
3.451921774325752423e-01
5.776712468537170686e-02
1.893235488297552449e-01
2.329488372481904601e-01
1.008537133850343631e-01
7.118971830199657957e-02
5.883223478824343988e-02
4.168938536883635276e-02
7.573584229345193819e-01
8.328148053163862974e-01
3.334554715098950184e-01
1.180051585963904498e-01
1.403703597342388087e-01
7.034615576517376512e-02
5.649778449938555602e-02
4.783023721801302891e-02
1.823722449841709559e-01
2.878588592315841632e-01
1.844218747083882226e-01
1.974963713579805380e-01
7.915188760637992260e-02
1.376288719669774840e-01
6.411395797356883586e-02
3.758599591064250567e-01
7.411983634800769494e-01
9.595565295625869684e-01
8.170569867416024312e-01
3.399318782642013481e-01
2.072537021493968123e-01
1.344864952319035356e-01
1.880027760875814802e-01
1.483472733771832031e-01
8.875658457859220141e-02
2.040224101006240381e-02
4.134817525753058942e-01
8.605524346201376407e-01
2.631593331417084736e-01
2.862778384985602553e-01
1.811939795787234631e-01
1.770717168541211528e-01
7.610621208905898882e-02
7.420605251306244821e-02
8.876366032794714700e-01
8.857230691734684358e-01
3.079258988537643127e-01
2.329833741598962837e-01
1.510814268245335157e-01
7.758000039677639958e-02
3.239492864191126364e-01
8.663419420335974896e-01
8.205959698389879708e-01
8.309316694825024108e-01
7.911421006416959889e-01
1.073441507468713418e-01
2.600044792898151269e-01
2.506665190889710293e-01
1.855251453706148190e-01
1.210280437252319180e-01
2.747888945029599017e-01
6.852078784990658367e-01
2.795391999257928473e-01
7.784774549588118209e-01
8.914134777777669161e-01
4.125775060408765627e-01
4.818087314913093722e-01
6.141676079390390175e-01
5.477530217094483955e-01
9.126938237656676556e-01
8.531683940179193293e-01
7.101824726817184130e-01
1.822336685532073841e-01
5.134647792838475944e-02
9.846297943372912809e-02
2.451133920676138445e-01
3.656915452084894547e-01
6.803527495467438513e-01
8.537290371037964398e-01
8.445278387036814216e-01
4.945578662081999699e-01
4.167687389875721765e-02
5.599174802401275519e-01
3.935474833148153162e-01
5.175400984426425932e-01
5.923216618797615407e-01
7.087152803388827582e-01
7.611983646368261081e-01
4.003965600092614929e-01
9.527037029133339496e-01
7.915821266587973470e-01
6.171537575651672158e-01
8.015515047840729990e-01
7.087184819369956035e-01
7.889664915258982614e-01
8.676947081319514865e-01
8.339229837852082383e-01
6.421687515144555158e-01
3.558176966535351315e-01
8.517160035569339149e-02
3.306807957583843965e-02
5.581208493699265499e-02
9.715978256190831164e-02
1.714955221949735487e-01
7.525422271042027100e-01
9.130359407928070326e-01
5.596372506056702667e-01
9.872976255764934206e-02
8.653244113471657561e-01
6.483789137280145942e-01
7.748941454199844703e-01
8.896825658742292253e-01
9.095618193567822640e-01
9.401706044823352482e-01
2.129001566076360874e-01
4.121350048769943375e-01
3.851770859775649480e-01
6.296415566624387061e-01
3.344383222199300842e-01
7.313316248674301967e-01
9.286246080921407575e-01
9.343151182087414686e-01
9.277678657877030943e-01
4.948581299882239826e-01
3.476675116503034069e-01
1.687255487351625172e-01
1.233525862001318973e-01
1.602012160406764141e-01
1.245582869804530701e-01
1.347841336259724132e-01
7.050753160077510850e-01
8.519350106729688399e-01
6.065209628760225291e-01
1.954524792857712523e-01
9.409483538000861236e-01
8.206937990681947293e-01
8.678715475343100616e-01
9.354204232264829999e-01
9.170690711522013761e-01
8.952813671724351163e-01
3.566644914943462030e-01
1.469252225776793708e-01
1.469318669889841111e-01
2.813630260839881658e-01
6.503884896394305226e-01
8.121814121329129499e-01
9.421369636061740493e-01
5.725232524134336032e-01
3.714102089218198066e-01
2.424765969479485972e-01
3.114559365472455155e-01
5.402591189257585080e-01
7.887754702311493560e-01
7.467765446072218705e-01
1.857200060094267857e-01
6.932634151705641123e-02
8.616897363759858930e-01
8.277692168574835030e-01
4.572898006332251075e-01
5.254986345983729823e-01
8.904686390999317913e-01
9.119246129057789751e-01
9.472604669085479268e-01
9.225104936944985567e-01
9.603263597184573674e-01
9.435939401885654609e-01
2.039387780821494967e-01
7.398475298609027972e-02
1.456937210835111962e-01
7.463563240989629088e-02
2.856353122183185045e-01
2.990064801256513416e-01
7.047683200717442809e-01
2.666560164925259047e-01
1.108242252067516836e-01
1.675321060517797056e-01
3.982985249831254571e-01
6.197194197860632636e-01
9.361631121588708249e-01
7.222380797684502252e-01
2.514644513371067092e-01
7.277573654734620368e-02
8.998908342363501900e-01
7.821539053158788057e-01
8.907735515000150261e-01
7.391390950601955945e-01
9.608113033498937305e-01
8.791953883066254694e-01
9.507031922289228554e-01
9.332517692578454760e-01
9.083583439352055366e-01
9.026290569596050473e-01
4.204334259366334647e-01
8.791546699976474089e-02
1.319213701750075463e-01
2.100916109272282506e-01
2.847998915747105841e-01
5.775896383428607422e-02
1.458545654067794073e-01
5.613166754346379100e-02
6.488339610696419735e-02
1.022142513548129350e-01
5.713665732151194110e-01
8.033405874663035462e-01
9.312107107484803858e-01
6.097950751937261105e-01
8.964528710638799969e-02
6.794239546739043456e-02
7.731149464059026144e-01
8.653477128103006510e-01
8.528088746654919339e-01
7.689808991098960878e-01
7.369945170248384247e-01
8.405285106277634588e-01
6.491736135310590683e-01
9.126709611913941256e-01
5.712741152331748395e-01
5.214473851156686823e-01
2.749455361322903357e-01
1.370837934886739995e-01
2.330424027369568107e-01
6.313169694325750925e-01
6.492842688940438922e-01
4.293599693207338364e-01
1.674139670394715895e-01
2.768897326498995920e-02
2.899788043540777599e-02
1.612572549534094790e-01
1.940519251702322034e-01
7.933960729405603596e-01
9.176614530558888649e-01
4.895552091927032334e-01
1.851629284555560417e-01
7.633484777806383292e-02
9.125088558928102778e-01
6.408407299916518696e-01
6.088239287050740689e-01
7.756870460844931259e-01
7.346471915164998201e-01
2.679119613201980110e-01
2.305354734476537937e-01
1.176750613512144022e-01
6.860571281030619639e-02
1.042926009991689967e-01
1.894754572558857708e-01
2.922563408075138924e-01
8.662211432723190274e-01
9.477303651022856990e-01
9.346176908641721237e-01
8.067083074327123793e-01
2.674412401812551465e-01
1.120954485433096337e-01
3.507089574181340152e-01
7.876607508876229402e-02
2.632031748284283657e-01
8.199350163586682783e-01
9.433960053310350702e-01
5.977242226417035509e-01
1.120114631634744756e-01
5.873201254725893272e-02
9.548352570974180109e-01
7.954429985397596381e-01
7.353705271743810057e-01
8.935959903882744193e-01
6.334245788144543532e-01
6.707617410085607579e-02
4.714508087324069396e-02
5.794964656610073622e-02
1.040439534177647063e-01
3.936600120013634962e-02
1.989063089318729438e-01
4.592250929944148297e-01
7.445104650633279642e-01
8.547069641826832154e-01
9.730264076483142732e-01
9.533469737593327498e-01
7.641118445584228480e-01
7.437627542287916782e-01
5.869281601428073536e-01
3.413512391040226523e-01
3.542074377312395272e-01
4.373966407274573753e-01
8.671410939020169906e-01
4.412234750276626816e-01
5.732731743767786187e-02
9.403966353689507951e-02
9.799406461952433478e-01
9.745682223251617149e-01
7.073148884807021197e-01
6.257104696888438067e-01
7.318845615771802926e-01
2.105127840416596771e-02
1.133339668882069884e-01
1.406280641095261075e-01
5.454495783139361176e-02
7.682847372738250968e-02
1.075214094000521009e-01
2.970583252888182590e-01
6.521569946412557606e-01
5.075119062021287153e-01
7.767102602932115518e-01
8.762533761712216762e-01
8.060424798932603885e-01
8.567526693118262537e-01
8.623380737557264641e-01
3.554235041246410765e-01
4.098385786493000671e-01
1.892699057364455317e-01
1.281173324686946391e-01
2.465441129665704445e-01
6.760413521406331838e-02
2.825954189641291872e-02
8.762869026826886065e-01
8.990876180808065055e-01
6.638853212161401895e-01
2.414944907290848819e-01
4.511001499347737642e-01
6.063942734565387627e-02
1.352669416985465833e-01
1.173140805714342622e-01
6.918284835473197114e-02
7.641593791484083131e-02
1.524059065521005951e-01
5.839426234741780242e-01
7.344989619693436111e-01
4.217332322387037369e-01
2.563492639494339143e-01
6.268157138057434130e-01
8.814135391283686172e-01
8.444457810537469022e-01
8.623383051336794836e-01
8.172462179044079900e-01
4.679619484324507583e-01
1.283088500544839194e-01
2.791276483260787464e-02
6.167536549993037076e-02
4.105424353267909110e-01
4.722047074186395688e-01
8.978227384718371340e-01
5.480378040508648851e-01
3.949917771140738498e-01
2.913447321450873262e-01
2.506240431196603002e-01
2.657127404315314800e-01
9.732583876894157493e-02
1.447993343281515910e-01
9.021057060486231682e-02
7.436476764206850776e-02
2.402329660708145964e-01
6.764868244108316331e-01
5.597570875228586873e-01
1.340526305938946616e-01
9.044123172936960331e-02
1.511361165299358045e-01
6.379338832217372746e-01
9.151766428566863176e-01
9.618986947428608270e-01
8.275476041049143472e-01
3.670660856386926962e-01
1.553009092708686756e-01
8.903832223471869201e-02
1.362546476006874785e-01
9.447514583083806983e-01
9.589626677574414337e-01
7.451502671264702560e-01
7.851785181708594852e-01
5.830162656724223735e-01
2.647436676339626760e-01
3.418271150456239083e-01
7.241933762899221971e-02
2.209092850230858496e-01
7.327463627391879453e-02
4.914312570635706590e-02
5.158867408422257439e-02
7.891627293666445553e-01
8.554153260260113356e-01
5.864602312488295111e-01
2.233790766480275303e-01
2.263718054410881753e-01
1.207398536108174047e-01
1.469128056188154785e-01
9.380499353769555793e-01
9.017797244799656831e-01
7.143684357094742809e-01
1.944217917788937378e-01
1.832532371507808733e-01
8.759618987503910159e-02
2.849069293864956443e-01
9.638426450326648132e-01
9.179909229520771818e-01
3.985088373477596035e-01
6.848080808677703413e-01
7.999016363951172437e-01
1.315284024047088385e-01
4.070298327635094027e-01
2.796268180814133197e-01
1.188464592945571857e-01
3.965651738793336128e-02
6.072343574660933607e-02
1.191564646058342614e-01
8.819118600718007794e-01
8.477501078016829172e-01
3.207309659445576888e-01
2.683927364235716428e-01
6.461281940043225869e-02
1.613341497120074353e-01
7.516052608771092713e-02
3.525956488276833500e-01
8.745147571766591632e-01
3.983874558559747925e-01
3.735924297787395765e-01
7.312467124289875886e-02
8.704684309559970745e-02
1.591213057400537867e-01
9.720139285406155238e-01
9.561848799251033704e-01
2.754130782346811412e-01
1.245909430173265664e-01
2.032274644308992018e-01
5.332433682708881406e-01
8.742910349898668221e-01
6.784164274883128787e-01
5.644371009192756389e-02
4.096301357193368048e-02
1.958941526962851010e-01
6.246518720866381935e-01
8.224239097368434281e-01
9.334260919887054087e-01
4.193761759825365698e-01
9.511959289000135320e-02
1.585739423358273614e-01
1.337440614393172744e-01
8.903371489185521459e-02
8.317483460985537480e-01
9.638716709813281991e-01
3.931189715556502318e-01
7.771493701965806467e-02
5.323925221664872753e-02
5.946852787567166732e-02
1.972087052893905235e-01
7.791960446219796665e-01
9.846585986688666248e-01
3.433123534283083478e-02
4.824437266857337092e-02
7.354893761542788400e-02
7.802486232964018775e-01
9.175478917519575006e-01
9.123192273406248720e-01
1.367541653200132767e-01
2.157124525277838156e-01
2.152532951839765396e-01
1.317392629821717565e-01
7.552379245350507864e-01
9.200968554455895010e-01
6.106239843850079785e-01
6.931467079483932814e-01
2.765258915734130074e-01
1.304867266967503492e-01
2.170513910687199288e-01
8.031419336076555116e-01
9.480777312705155335e-01
8.841312791986095654e-01
8.272168631089063529e-02
1.107507522205312955e-01
1.275254892823665387e-01
1.394127279900694572e-01
2.659283107478027652e-01
6.159887135556366689e-01
6.832444388511514644e-02
7.156194177563049430e-02
4.477665667438508745e-02
7.808745683835374152e-01
9.687241072844848810e-01
9.392087622497296007e-01
6.183451879913547389e-01
2.264152499566190746e-01
1.889160577607144897e-01
4.000524548178950313e-01
7.650730030356366340e-01
9.409638706448926193e-01
6.967077185645040860e-01
5.798971970023832911e-01
2.258492084695236379e-01
2.368555015572283706e-01
6.867575326099965016e-01
9.500474173955797408e-01
9.763213812570608052e-01
9.551130389286353051e-01
5.915134050310137948e-01
6.010045871723847244e-02
8.577504046628756096e-02
2.993550411515825127e-01
2.557598322492898868e-01
4.928305175157170481e-01
2.637202331652259771e-02
6.753714453205580948e-02
6.398467663952164819e-02
6.374911859156567884e-02
8.402212841477082472e-01
9.676039096530801853e-01
9.402319917982340236e-01
6.186851202684766626e-01
3.646231617060554653e-01
3.273455296886422783e-01
5.184138381642638960e-01
8.109888417210047162e-01
8.134733150401771695e-01
2.827639217757972334e-01
1.799897438608641376e-01
7.413468361437718368e-01
8.899225572288224084e-01
9.173002031573067594e-01
9.502974764185760925e-01
9.495884260868432403e-01
6.758244883045088081e-01
6.404971292027648033e-01
5.516623778406843925e-01
3.842573478955674249e-01
2.730874198847734746e-01
3.602721584989561077e-01
9.519199432373898206e-02
5.525300074644422244e-02
9.046021297356489355e-02
4.124643566163266328e-02
2.467280258078291821e-01
9.506971042605251165e-01
9.659874280361152588e-01
9.070544700473861521e-01
4.612736806202709650e-01
1.089891701337897256e-01
1.632079807513152625e-01
5.780107419502616972e-01
8.724346576480739301e-01
8.444891307359474464e-01
5.240194265438866683e-01
6.305153373361539471e-01
8.773194047453642952e-01
8.374288941563620137e-01
9.795368106912225592e-01
9.347593391806987562e-01
9.115994529960005366e-01
8.686831920320607914e-01
7.255934540975494951e-01
7.321892061927393058e-01
5.716969963608284910e-01
4.126212870736765126e-01
1.121602070813555729e-01
8.157580500052391548e-02
1.411645557838684395e-01
5.440440444520458496e-02
6.966747120228394818e-02
2.870753888128422804e-01
8.776633146474467351e-01
2.995793547225324427e-01
5.474659479687694896e-02
9.258959270531891272e-02
1.146170433957279244e-01
3.843194340526930874e-01
5.686410900091168896e-01
8.829427951510976369e-01
4.098069270527174845e-01
5.607588168466971501e-01
7.957207339834655446e-01
2.847883177099729268e-01
7.645383930442263276e-01
7.164234078830390429e-01
9.024420791516462037e-01
8.214649805235467728e-01
8.561021188379052127e-01
7.741366534694238410e-01
8.700497781358053073e-01
4.585130862577181943e-01
5.639006796238665853e-01
1.288241187070965077e-01
1.513626796304480548e-01
1.170625367057847865e-01
1.004293366738133464e-01
4.452936247554786092e-02
8.981112837559133144e-01
2.573483409042539583e-01
9.264945597560086954e-02
1.821202371110822171e-01
1.998973829293335946e-01
3.411640976648378509e-01
4.219481410329115056e-01
8.708169664983202996e-01
2.850396554019598572e-01
2.004209732898608320e-01
1.346189300289417912e-01
1.102465148054309618e-01
1.135122233094397470e-01
4.340263234734987874e-01
5.384653730974457986e-01
8.661531534871040883e-01
8.889595630802795689e-01
6.944758803213209042e-01
5.598399635842763455e-01
3.026016879882857391e-01
