3.646232875233186843e-01
3.538742506927033959e-01
3.192823880474708331e-01
2.854856845194045367e-01
3.041363234266681315e-01
3.744170106898306871e-01
4.290475154726552942e-01
4.346532640869785746e-01
3.684592121474415394e-01
2.556891465978156086e-01
1.923374018484644010e-01
1.795472328632236048e-01
2.267379861836308907e-01
4.549277082634435310e-01
7.374958406928376897e-01
8.086375089527586546e-01
8.120220095345881406e-01
7.945299183750937910e-01
7.614634339915264949e-01
6.947482599115644142e-01
5.547466518619110776e-01
3.896177786442732160e-01
3.115556313297626057e-01
3.081440060896393218e-01
3.935553778474430997e-01
6.864739516253509644e-01
7.379080200674498213e-01
6.403405232776375744e-01
5.602297207449079552e-01
4.926418538639799061e-01
4.851180711175732685e-01
5.647197849298127847e-01
6.340427444428176074e-01
5.324641989926318653e-01
5.305875318214130498e-01
5.562697503649083330e-01
5.596542236484003396e-01
5.568619823018439163e-01
5.774308984638070186e-01
6.176456455743243312e-01
6.625944719528237270e-01
7.017486453332149043e-01
6.870224435012903808e-01
6.692181115018058790e-01
6.490879208157839253e-01
6.236350264115252395e-01
5.853275127777631814e-01
5.181669021910215722e-01
4.105385041856866035e-01
3.051951726605627857e-01
2.527571233238951054e-01
2.510676702812759120e-01
2.464827144396538883e-01
2.652060681023746813e-01
3.460492204990485154e-01
5.001802233043944890e-01
5.103697834629347119e-01
4.529363863948233648e-01
4.018667511309614859e-01
3.758682156228598803e-01
3.682379801279849763e-01
3.758682156228598803e-01
4.018667511309614859e-01
4.529363863948233648e-01
5.103697834629347119e-01
5.001802233043944890e-01
3.460492204990485154e-01
2.652060681023746813e-01
2.464827144396538883e-01
2.510676702812759120e-01
2.527571233238951054e-01
3.051951726605627857e-01
4.105385041856866035e-01
5.181669021910215722e-01
5.853275127777631814e-01
6.236350264115252395e-01
6.490879208157839253e-01
6.692181115018058790e-01
6.870224435012903808e-01
7.017486453332149043e-01
6.625944719528237270e-01
6.176456455743243312e-01
5.774308984638070186e-01
5.568619823018439163e-01
5.596542236484003396e-01
5.562697503649083330e-01
5.305875318214130498e-01
5.324641989926318653e-01
6.340427444428176074e-01
5.647197849298127847e-01
4.851180711175732685e-01
4.926418538639799061e-01
5.602297207449079552e-01
6.403405232776375744e-01
7.379080200674498213e-01
6.864739516253509644e-01
3.935553778474430997e-01
3.081440060896393218e-01
3.115556313297626057e-01
3.896177786442732160e-01
5.547466518619110776e-01
6.947482599115644142e-01
7.614634339915264949e-01
7.945299183750937910e-01
8.120220095345881406e-01
8.086375089527586546e-01
7.374958406928376897e-01
4.549277082634435310e-01
2.267379861836308907e-01
1.795472328632236048e-01
1.923374018484644010e-01
2.556891465978156086e-01
3.684592121474415394e-01
4.346532640869785746e-01
4.290475154726552942e-01
3.744170106898306871e-01
3.041363234266681315e-01
2.854856845194045367e-01
3.192823880474708331e-01
3.538742506927033959e-01
3.646232875233186843e-01
