9.855366414585606805e-01
2.392593198529923415e-01
6.770898559211971368e-02
7.733805824314582411e-02
9.809914315356398351e-01
9.939949327188810635e-01
9.921646754847786021e-01
9.773951195115764268e-01
9.419295968660232887e-01
8.792703948866140151e-02
9.490682934360443745e-01
9.675066779685868035e-01
9.540944187441015023e-01
9.856924942970088921e-01
9.877239089771592262e-01
7.051319579354353717e-02
2.919536536656818643e-02
2.468576624481477744e-02
9.082647282906974873e-03
5.402595803336390952e-03
6.522592053528465314e-03
9.981985622721648577e-01
9.773309309246354104e-01
9.800783970805023726e-01
5.168699109687735493e-01
4.837532570270305921e-01
9.954077310048556892e-01
8.763145455607723733e-01
3.519205581052013004e-02
8.178344862606243965e-03
9.887452733111881109e-01
9.999971246822983995e-01
9.857338185211170778e-01
9.420983302470351539e-01
1.143290945499294275e-01
8.440310580749560421e-02
9.798244911699816040e-01
9.831387429210201034e-01
9.742469604579466758e-01
9.933566230183457080e-01
3.317311642775276903e-01
2.968893344046902305e-01
3.883325261498490888e-02
4.332547394032808946e-03
5.044407022841709276e-01
4.697559615897299867e-01
9.895647539871246234e-01
9.870535303948448913e-01
9.641957746551910180e-01
9.547879957850744503e-01
9.965656282587302961e-01
9.886585122211091203e-01
9.912534240913166705e-01
9.865701575661154354e-01
5.662974485787811707e-01
9.595837029644149752e-01
9.899827672596439587e-01
9.999862223317684817e-01
9.972391164894821580e-01
9.970726063330028754e-01
4.578721312598201809e-01
6.295124097686347064e-02
9.938316274864957833e-01
9.805219709852324161e-01
9.816860258442391407e-01
9.919044915559780407e-01
9.982305985589938757e-01
7.907360608408551261e-01
9.568613051440977291e-01
5.493677873329604333e-01
9.999123523053377038e-01
9.987847688037023719e-01
9.934522267307259735e-01
9.908159053662147775e-01
9.540616967448800612e-01
9.716693070193360704e-01
6.472861107497885902e-01
9.969202376039151825e-02
9.867803115468771757e-01
9.902125031491347817e-01
9.900785204984072774e-01
9.964900904989049124e-01
9.796764180871969652e-01
9.591545665472915871e-01
9.999315157470225479e-01
9.974821225769096023e-01
2.293516105358711088e-01
1.256677720451563895e-01
9.974999231185943671e-01
9.888944055805641842e-01
9.607199949070610590e-01
9.605681473699522188e-01
9.971543534389593066e-01
9.786100006468609891e-01
4.925742873674296973e-01
1.000000000000000000e+00
9.988751337815715559e-01
9.872162246269458041e-01
9.935763055385753439e-01
9.846610574832492802e-01
9.682502952244707028e-01
9.818772600315872623e-01
2.161967821047798902e-02
5.412863195944857264e-02
9.972544499519635508e-01
9.941926324196339593e-01
9.924272211253477582e-01
9.947258932126082920e-01
9.813685124124900128e-01
9.866874947872119606e-01
5.035501763947654030e-01
5.001824365619417234e-01
1.136895930015000139e-01
1.973495888072213794e-02
5.004363141794765379e-01
9.960139117683830534e-01
9.499200765593673879e-01
9.718534641470256696e-01
9.278409971650898314e-01
0.000000000000000000e+00
0.000000000000000000e+00
9.379727696459158048e-01
2.905332634390926649e-02
9.997844888374871619e-01
9.972011811196948017e-01
9.971450001598790580e-01
9.869771960231472629e-01
4.201096192695639719e-01
1.288110622009941766e-02
4.192815110166327186e-02
9.896265967363135907e-01
9.947299050901594608e-01
9.963479970319971679e-01
9.928852110266602748e-01
9.947347304403506563e-01
9.883295143313262088e-01
3.899855438690100554e-03
1.057268600010604492e-02
6.107272483130125884e-02
2.266421627772950698e-02
6.048749953318723407e-03
9.982228820198141284e-01
9.832572060616813214e-01
9.830654673141988598e-01
8.468045163997478531e-02
5.511745232170685641e-03
1.482622791539733864e-02
1.329510878367448981e-02
7.846873765905071352e-02
1.000000000000000000e+00
9.981718209133079167e-01
4.798229634578141112e-01
8.044421908396142329e-04
1.177324044407692576e-03
2.064670481002116656e-02
3.697237594095166835e-01
9.932043799651026905e-01
9.975997213104417227e-01
9.957381188545485484e-01
9.904627086843431627e-01
9.869994675368771730e-01
9.782101812410773922e-01
5.318908384024415570e-01
3.944553491234160936e-02
1.714467560939773871e-02
9.885478490035916055e-01
9.580640849774348933e-01
1.000000000000000000e+00
9.820040468907282882e-01
1.880123076372777202e-01
2.747000335616953809e-02
6.944318064360872206e-03
1.644739493246406836e-02
1.842170727013281439e-02
6.000092478471918955e-02
1.000000000000000000e+00
1.000000000000000000e+00
2.384828956907713519e-03
2.029745370452521857e-03
4.318474855739671929e-03
5.021422844929781526e-01
1.000000000000000000e+00
9.982622079085822220e-01
9.702876178666715035e-01
9.994063613732645512e-01
1.000000000000000000e+00
9.893633905530443418e-01
9.803266278816145096e-01
9.999086685033753419e-01
2.155815101755469490e-02
9.683419360131385184e-03
9.977268107985726164e-01
1.000000000000000000e+00
9.987972572225070067e-01
9.742169959536473023e-01
9.966144635353638703e-01
4.650053044438834937e-01
1.401711749816014069e-02
5.844844796303656775e-03
7.495468118544898646e-03
1.287272816277812149e-01
9.882668913117281795e-01
9.584896400117467463e-01
3.401405449419752508e-02
4.939497715287530927e-02
6.871238457994639608e-03
5.228966447661692607e-01
9.967363657863510529e-01
9.795946867488956045e-01
3.884531246057710413e-02
4.262357355503591794e-02
1.775665048519270428e-01
9.913670790131156041e-01
9.793494525656349925e-01
9.827068632625932665e-01
4.992523116690757434e-01
1.419442000331247629e-02
9.678095968637516755e-01
9.730402081617686161e-01
9.528595954741680973e-01
9.850182419193116434e-01
9.892185385134716347e-01
9.942794504300940250e-01
1.558083864624364677e-02
1.876663001942165164e-03
1.140650686948687861e-02
1.420341293552837003e-01
6.393095180701420244e-01
7.171000462882667903e-02
1.004536965279317351e-01
6.796483562675681434e-02
1.631536753197036435e-02
2.546958620543350246e-02
9.956216471131139611e-01
9.957361768534293001e-01
4.091843975440640976e-03
3.925625445972709404e-02
5.749505754215004233e-02
9.873485108985224912e-01
9.933567639544540473e-01
9.963944414568366437e-01
9.704208249933064800e-02
9.662302418250603431e-01
9.768353062156898137e-01
9.619040981590265549e-01
9.786015283785249874e-01
9.726716861911282042e-01
4.957088807548586384e-01
9.711913672346235149e-01
9.918425772503118854e-01
1.090423074882661617e-02
8.735731765757767664e-02
7.354741215392707199e-02
2.238843545458844148e-02
3.029153930153007795e-02
8.088953375007065794e-02
5.164363589548801037e-02
4.067284158454999993e-03
2.336028322398395890e-02
9.627880962441264234e-01
9.939571605687018696e-01
9.948044789658199161e-01
8.281955360022947785e-03
1.646258523148408370e-02
9.830558683152039734e-01
9.692276059093241081e-01
9.806561736519177064e-01
9.270955611271449737e-01
3.750306897105156745e-01
9.677151755844493053e-01
4.630842195424910157e-01
5.130326742282714791e-01
9.357485902629560925e-01
9.992242860211571209e-02
8.646706602372262740e-01
9.830004806387366845e-01
9.550931385801223472e-01
9.826938794275792421e-01
9.949632149879333864e-01
1.038969877769391620e-01
5.042078099598651560e-03
6.076813908922095060e-03
8.703111142783149373e-03
1.623946085498082989e-02
2.009357196038475540e-02
9.186437460217486417e-02
9.803401830299104391e-01
9.805834269733704200e-01
9.971963125770166858e-01
9.994485982812160163e-01
9.788355671239938882e-01
9.548030203160944307e-01
9.866718497857092096e-01
9.742930884934625224e-01
6.237586754110512575e-03
9.844866319908196495e-01
4.953022591651264350e-01
1.805505309780200407e-03
7.054480782144963505e-03
1.164087979301877199e-02
4.540815882693561428e-02
3.381757014956999347e-02
9.782180314394399723e-01
9.964850776000047095e-01
9.968950845223949475e-01
9.687495506162622227e-01
3.349122294702479991e-02
3.027046261231439508e-03
4.379615663656491638e-03
2.243470135153548262e-02
4.842902493084128013e-02
2.380348001934787586e-02
9.381115882178872045e-01
9.344047410781196605e-01
9.843537055264737212e-01
9.806662326329615986e-01
9.714969089718019646e-01
9.649956992641689490e-01
9.818010274629718204e-01
5.272678241219238560e-01
3.547078135754667960e-02
4.736991820859190808e-03
4.986225567725293129e-01
5.010967669200338008e-04
3.269713385983523402e-03
2.039894987617197480e-02
7.466353583128457205e-02
9.752591131503719063e-03
9.914994158192429463e-01
9.972991540412041722e-01
9.982689543669166499e-01
9.829396536579844135e-01
9.808755219702429695e-01
5.714915789621142876e-03
9.892357926508681398e-01
4.897238798424564110e-01
2.909063415809049272e-02
3.353293341262097993e-02
9.925437861491702707e-01
9.820829034871990659e-01
9.846392960397102323e-01
9.952640237393716172e-01
9.899253930764376763e-01
9.808399755749391824e-01
9.564397679191354307e-01
4.974217755975186561e-01
1.867045297910281676e-01
9.905884646453481102e-01
9.982566204249748720e-01
9.646906094320280012e-01
2.198905452027263840e-03
9.022321091408654764e-03
1.429694436291605551e-02
2.422537024211907086e-02
7.237885656747312241e-03
1.102004172776485484e-02
9.986631143456967674e-01
9.523439586042347083e-01
9.855308341389878990e-01
9.926640388224065026e-01
9.932368787467833471e-01
9.904067682678108220e-01
9.427455020607006242e-01
1.027041305933072690e-02
7.886453927754337734e-01
9.834379804673056835e-01
9.830854985185517592e-01
9.874707251695107324e-01
9.943690246475960226e-01
9.957280383495423770e-01
9.512951927530490792e-01
9.993324915306402989e-01
9.971043186641879164e-01
9.927922714445582830e-01
9.751820081433717480e-01
9.887677312233993376e-01
9.941016903293077300e-01
9.861835079550231864e-01
1.775488647151828303e-01
1.241185156349319668e-01
5.835439369452249947e-02
1.555425275402818816e-02
9.822104231154034082e-01
9.765522693626669248e-01
9.900103336735934789e-01
9.909862339948674048e-01
9.829802664499498466e-01
9.509776317980622728e-01
2.505668344558777301e-03
1.179307795631712175e-02
9.958792926601156559e-01
9.620671532102000878e-01
9.925752331393580263e-01
9.867013156403072749e-01
9.977599121734433973e-01
9.947270861059116509e-01
9.945989744391756648e-01
9.812474843941929592e-01
9.871921764470990013e-01
9.758720604227444362e-01
9.626921056354369455e-01
9.492454017175789849e-01
9.688070629510231457e-01
9.918070737946089732e-01
9.810422914383083448e-01
2.838927033930462862e-01
5.383778994527483458e-02
1.854799109870176876e-02
5.186803910132143924e-01
9.964177640140612358e-01
9.994078193619708728e-01
9.858653550956117950e-01
9.733909781349698864e-01
5.377425059717685363e-01
6.177133823047574121e-03
1.741582283152611280e-02
9.806586585454081240e-01
9.873059381486537500e-01
9.621512708617996346e-01
9.826260650926700313e-01
9.902102185816079594e-01
9.887884374258213427e-01
9.925584177624202642e-01
9.740457054008611060e-01
9.908273998571300867e-01
9.936692605641798126e-01
9.638763812503019501e-01
9.494142232169359152e-01
9.768782703495589859e-01
9.617823613534515204e-01
9.763581919943857823e-01
9.088533514447156847e-01
9.761079747661571826e-01
4.256756824723941235e-01
6.059259800149842112e-01
9.884006241918770197e-01
5.307860072242648330e-01
9.962004098533887575e-01
9.895138914537935371e-01
7.625032760143811705e-01
3.480575138401583585e-02
1.520851376166216205e-02
4.951726992909065705e-01
9.821497353742419945e-01
9.610369697519438592e-01
9.750978037602545667e-01
9.804596377203405044e-01
9.786480301102680190e-01
9.771410069423240863e-01
9.854988180403616571e-01
9.902542735053836420e-01
9.947934608279039859e-01
9.601598872014945885e-01
9.572883430918402992e-01
9.701471716585278182e-01
9.744803407912498994e-01
9.669879471515405722e-01
9.490084822742068660e-01
9.824859083834132090e-01
9.966534995186009382e-01
9.899721078915821870e-01
5.838937451954913094e-01
6.363258419310291458e-02
5.038497728136938358e-02
9.702971954651068431e-01
9.746386937221342972e-01
5.658904935594717689e-02
1.072689890076351620e-02
1.216623755640709389e-02
9.879306828678635632e-01
9.710054386943690607e-01
9.702614794792345787e-01
9.829326023033952975e-01
9.734326502137151671e-01
9.683811832050712720e-01
9.711429640061475244e-01
3.080443923957534164e-04
0.000000000000000000e+00
8.652765037800802528e-01
9.709807257903527722e-01
9.564838353515032754e-01
9.457347945696696900e-01
9.588410099096913441e-01
9.833516733579650282e-01
9.848157400767318936e-01
9.928887293470689546e-01
9.962959666345370113e-01
5.143628932670731846e-01
1.029586991937894366e-02
2.308962273468655180e-02
1.404623072258766661e-02
5.283997615368437595e-01
8.169929009556205213e-02
3.756997784609398400e-02
1.126202173107408375e-02
2.517227742558408101e-05
9.776915113307420580e-01
9.584756474437431395e-01
9.808644388586218454e-01
9.578786102219701837e-01
9.553203972893087315e-01
9.876742358729435622e-01
8.989518823638568967e-03
4.745104968039420314e-03
4.657294228528471303e-01
9.852867586310614101e-01
9.083759110296527606e-01
1.427571973597361876e-01
1.413508917536572818e-01
3.512456523164152467e-01
9.941419001013551693e-01
9.882053587514647575e-01
9.889547556875182277e-01
5.892582135073537453e-01
1.170160692317980672e-03
2.692857815490462547e-02
5.736112975659918983e-03
2.106142273032768353e-02
9.820919333253638750e-02
4.707294433358542862e-02
1.063463387850741362e-02
1.242747005229707935e-02
9.904275722255289072e-01
9.497016527871666725e-01
9.676517805871982514e-01
9.534225514155050263e-01
9.302284901491053581e-01
8.558463666749116516e-03
7.078307328434376745e-03
9.306923826993485777e-03
0.000000000000000000e+00
7.751352358315145574e-01
9.306725748950701593e-01
8.293181882637935126e-03
1.091248238475854906e-02
1.050270891789736351e-02
3.999104803883539727e-01
9.953632708112705174e-01
9.964496629453654108e-01
4.933734120043892224e-01
0.000000000000000000e+00
1.134640453854436799e-02
5.728690721207792963e-03
8.213816371801119232e-02
9.974778217360193988e-01
9.888181639172886062e-01
5.610672844348843502e-02
4.434843060752876459e-02
9.917740954724350022e-01
9.750763328642726435e-01
9.529721860877773398e-01
9.308603279263719665e-01
9.366210871822093775e-01
2.593659763085343073e-03
1.802487523108649249e-03
1.527395715224000132e-02
6.159086190113181522e-03
9.948131289972753644e-01
9.797397597596296803e-01
3.588974399504774732e-03
4.876693461782325573e-03
8.058939923678338016e-03
6.495804003626363954e-03
8.937223519831813401e-02
9.969871400808651973e-01
6.147079972612534693e-01
1.864767456926879393e-03
1.508982318978448200e-02
1.536103320273718084e-02
1.456587939111649369e-02
9.596551694163155677e-01
9.868714010115826607e-01
9.999785137904907417e-01
9.999984545678175518e-01
9.982806954447777104e-01
9.660874562566232893e-01
9.400509371866472286e-01
9.325126672355081858e-01
9.061518837487363420e-01
2.731568813866143940e-03
9.995540719877720193e-01
1.000000000000000000e+00
5.007225700838420224e-01
9.966843619035018476e-01
9.918184066451156689e-01
1.144917657136335087e-02
1.005867192476739627e-02
2.261258269255622330e-02
2.717377944304647311e-02
1.373413271682423151e-02
2.147544925223574264e-01
5.012238533447215677e-02
4.237956761303517811e-03
1.194830185626061594e-02
1.557023141758006463e-02
1.458666074939865900e-02
7.541296026633501071e-02
9.780091159521281385e-01
1.000000000000000000e+00
9.205905868588015739e-01
9.906694179439221593e-01
9.714817823651359374e-01
9.505532471685262941e-01
9.175509630999152400e-01
9.033081953936972219e-01
9.891371823369463634e-01
9.851490282645352092e-01
9.981566508238159940e-01
9.982562449540830496e-01
9.931210618408139457e-01
9.989606813061059354e-01
9.918163958062657937e-01
9.804210285469116062e-03
1.998710545206107414e-02
2.766328783931057064e-02
9.082054939038417332e-03
2.439106370792197553e-02
5.043050532939630931e-02
5.900675598897866386e-03
4.459339601287884598e-03
1.017098382603463282e-02
1.797468086441191687e-02
2.782711632891276404e-02
9.793915404870006114e-01
9.868644763566710720e-01
9.899469339928472778e-01
9.928705106796997804e-01
9.986868760949525470e-01
9.941335101140930108e-01
9.687859631826263307e-01
8.524083990539728095e-01
5.323237165909790658e-04
8.055550232758798210e-03
6.216151757562290298e-03
8.753277129836062320e-03
9.944240275504572235e-01
9.987799872432083781e-01
1.000000000000000000e+00
1.002299705120916415e-02
1.239045146907241310e-02
1.888781035171439165e-02
3.132996625587805822e-03
9.265005424406849155e-01
1.178616197109095820e-01
1.563101494265159517e-03
5.047303092976147126e-03
8.339104483531620954e-03
1.979960630371971342e-02
1.571443220243286948e-02
1.794376448450295258e-02
9.884401290556994457e-01
9.682484050351969351e-01
9.941334844630682621e-01
1.000000000000000000e+00
9.934570564063845977e-01
9.838565396766068005e-01
9.620183272194686719e-01
7.464337635985288447e-03
6.783443390953551762e-03
4.288595114868478525e-03
3.358448908827770668e-02
9.999156597728819929e-01
9.986767276116421677e-01
1.000000000000000000e+00
9.994278650987626911e-01
4.343384647873579918e-03
1.307706894829015632e-03
4.942684092571568433e-02
9.857429683029714784e-01
9.868657056614512646e-01
5.223167866261303471e-01
1.383352110673660186e-02
1.674419482743965959e-01
1.819689482580410800e-01
3.634458524325767659e-02
3.135768271615956004e-02
9.923841444862253613e-01
9.836845140574517199e-01
9.856279797630449480e-01
9.631199092023492447e-01
9.984718574054923801e-01
9.569085873396688813e-01
9.927455706432956051e-01
3.922288406221302592e-02
3.076891887796324165e-01
1.743891827908716080e-02
2.861558547976549710e-02
8.605268653842737883e-03
1.000000000000000000e+00
9.935475823130317519e-01
9.882464923433021964e-01
6.374089674532633643e-01
2.299012327273179928e-03
0.000000000000000000e+00
9.946822406011753825e-01
9.896958592570070934e-01
9.881421538604192589e-01
9.898561746326983712e-01
1.000000000000000000e+00
1.000000000000000000e+00
9.988921275012817569e-01
4.833479105768915228e-03
9.918020701406324857e-01
9.864399260836858030e-01
9.819976936925207678e-01
9.772284543254523559e-01
5.773337699801701917e-02
1.401449839693858293e-02
9.998547380115110350e-01
9.948636962031324193e-01
9.790382125465867391e-01
2.278919954538826675e-01
3.942242449789164216e-02
2.652993554896985323e-02
2.722496679512911247e-03
9.496291647346883913e-01
9.888733985062236886e-01
1.137205460511557520e-02
8.499965983558526025e-04
2.632942997488278009e-02
0.000000000000000000e+00
7.531487777011173224e-01
9.997896172216127475e-01
9.995617761886990138e-01
9.956396667844056303e-01
9.925149464695945944e-01
9.851226798885992508e-01
1.201059610300974495e-02
9.714789329077986313e-01
9.834668071820487079e-01
9.547800933086190156e-01
9.773317756591306527e-01
7.990644169970629457e-03
9.206999023412754807e-03
3.641536022134530537e-01
9.993681441248016828e-01
9.722761778373951724e-01
9.997172200119112118e-01
1.301704444925278481e-01
3.535042658228521040e-02
3.485953851698194578e-03
6.037333358388357052e-01
9.478950231683589411e-01
0.000000000000000000e+00
0.000000000000000000e+00
5.175670924460696633e-03
2.065938974398535619e-03
1.552416823918304715e-03
9.977258406627327325e-01
9.997010300337177968e-01
9.911291870788647707e-01
9.866353233088206443e-01
9.864482841266966062e-01
5.171884666635775951e-03
9.383852218330732686e-01
9.608451344647257475e-01
7.677967429446090897e-01
7.370025623619515937e-03
3.164463096350250866e-03
7.703465185774204665e-03
7.688066611671473365e-03
9.829056372993132396e-01
9.695982178840398813e-01
9.868034439125940027e-01
2.810948365124708165e-02
2.374022036159585680e-02
1.769152686626195708e-02
7.827219905302920111e-01
9.354816495669011633e-01
9.917473291277778547e-01
2.608322371497301742e-02
5.573392922677590511e-03
1.118373101447779627e-02
2.019160298179646651e-03
2.253486171889221290e-02
9.994816582457786147e-01
9.849270340331888196e-01
9.858947392828347756e-01
9.925266207481475700e-01
1.712599280775614630e-01
7.916476879200340377e-01
9.521707685799817300e-01
5.475118619096122075e-01
1.791539466257647921e-03
8.074826667750632792e-03
1.620047078332313012e-02
2.911848325925561060e-02
5.196776844603537837e-01
9.771048419468948421e-01
9.950121038820363140e-01
1.775639828224729599e-01
2.423210444036356936e-02
3.548046048157490334e-02
4.312031941888487818e-01
8.898097449621504840e-01
9.756489524053117979e-01
9.996145295436449363e-01
6.835158888952655443e-02
2.066490787644154059e-02
7.143310878673838488e-03
9.450333125887169783e-02
9.998815721044629345e-01
9.791997869965782808e-01
9.849007198278306729e-01
9.828114946725490242e-01
9.377477253364110421e-01
8.913839621797519097e-01
9.978040927031808227e-01
9.386399365419171303e-01
0.000000000000000000e+00
9.855377706812745719e-03
1.402139045009505834e-02
3.848543366606128197e-02
9.892776520960200326e-01
9.873927939935513987e-01
9.856731911616605224e-01
1.000000000000000000e+00
9.274582528458478331e-03
1.762512021538045065e-02
9.600556826341665184e-01
8.681905354791246143e-01
8.507149955053501245e-01
9.688861143843900958e-01
1.000000000000000000e+00
2.940756329810748637e-01
1.001789463047247572e-02
7.811739273564906050e-01
1.000000000000000000e+00
9.905159563963008562e-01
9.712207922161094631e-01
9.835566449760744234e-01
9.866741634611652101e-01
8.454903753620394979e-03
9.686232533211511786e-01
9.833097023365064970e-01
5.142651446148706340e-02
5.773944901344457009e-03
2.599323069719153972e-02
3.665085450332924988e-02
2.330334593249638875e-02
9.265643123608168219e-01
9.883583964614186534e-01
1.575217252151763642e-02
1.068522498184895642e-02
3.825006997525885466e-01
9.889917266264905971e-01
9.363246420836009998e-01
9.123504176872039295e-01
9.088815130121059571e-01
9.802638857620793456e-01
9.731157457846073555e-01
9.658692585611086123e-01
9.956114688389573475e-01
9.491287418701631617e-01
9.936166171226207267e-01
9.895982423076059575e-01
9.675456987632149453e-01
9.702905005569617547e-01
4.818608102620359213e-01
3.734426880732735765e-03
9.849179729958015272e-01
9.855076328870339131e-01
9.697170225837420388e-01
4.206638652030199321e-02
5.493682688084276788e-02
5.330371581152943544e-02
4.309219132475328173e-01
4.626713269887466340e-01
1.886865456883036335e-02
9.604473035870470313e-03
8.374531571766157256e-01
9.796631801516955118e-01
9.392953206096585905e-01
9.838198271967935060e-01
9.612181457223731851e-01
9.595237920831968248e-01
9.625530173525904676e-01
9.303230441680254703e-01
9.937990231340463332e-01
1.000000000000000000e+00
1.133645636804108715e-02
9.836491841243739653e-01
9.763655555358503602e-01
9.772497994450281000e-01
1.065097045824774970e-02
9.706848365546167923e-01
2.904620262302145251e-05
9.957344578791780254e-01
9.789566621678496006e-01
9.938114385378054028e-01
2.313232150235056128e-02
9.911870866942001923e-02
9.092585613002139577e-02
7.888213292252344022e-02
6.261985799676572650e-02
3.697016029621963407e-02
1.209064192847690566e-01
4.853977728655710644e-01
9.335015991298383220e-01
9.838559524114192101e-01
9.705359784943596857e-01
9.664351245675654178e-01
9.607315664547181333e-01
9.829351916547486301e-01
9.937271982346859156e-01
0.000000000000000000e+00
2.220575824686610300e-02
8.963917727761951115e-02
9.854445332983245986e-01
9.540939745256045157e-01
9.977133976248481195e-01
9.995564751609389287e-01
5.000820585039563726e-01
9.993804425776655620e-01
9.837923409816573539e-01
9.609570935176370288e-01
4.952614200532824418e-01
8.865778429210846578e-01
8.721927511327673410e-02
5.975815940208781263e-02
3.700092227056812066e-01
1.214277481915145285e-01
5.089065578588261585e-02
2.675708917526790909e-02
5.186852057388220416e-01
9.919672034322415399e-01
9.506777341991283770e-01
9.537295736948696590e-01
9.472184138883066318e-01
9.812439123605303237e-01
5.324099114819067502e-01
6.900950875267748350e-04
1.070395728028273805e-02
1.244096602706898647e-01
9.299937517177638835e-01
9.400288368646626536e-01
9.804573564812859576e-01
9.899761230488424157e-01
4.996855320817604751e-01
4.996643952853979664e-01
9.561031068007401768e-01
9.511892734816229655e-01
9.958102816194787099e-01
9.897676256618755941e-01
6.034802776745532005e-02
9.555234903757540976e-02
9.665916228490194217e-02
7.476308870363628234e-01
1.006050291453491896e-01
2.760389554195612910e-02
1.598881208320473979e-02
9.768637938322342062e-01
9.877749917264546653e-01
9.742133209676885341e-01
9.635287267948495771e-01
9.725857507017153791e-01
9.481759775109894761e-01
4.881469557826725175e-03
4.184949538388774842e-03
6.944476722137427060e-02
9.560894122140926044e-01
9.213202129807209761e-01
9.364168302049905579e-01
8.532796309431165405e-01
5.067043551737862887e-04
1.028198588971673995e-02
2.480868716193908308e-02
1.875344259973671379e-02
9.943073059925805479e-01
9.951093960794887838e-01
1.562252122837756892e-02
6.143669318011506231e-02
5.741628343874329021e-02
4.396268582824938709e-02
7.035743951126416373e-02
2.458840029907727320e-02
4.428071755974083423e-01
9.906914184321762296e-01
9.396634567094519497e-01
9.168540398435649497e-01
9.385185810377474347e-01
9.643578303587111433e-01
9.855143797618794999e-01
5.036283480131473755e-01
4.403438020299919597e-01
9.949290034073210443e-01
9.699123580921018561e-01
8.949743594857020312e-01
9.779945993514880254e-01
8.418199567188748844e-01
6.374231338702786472e-03
3.263598677691369188e-02
4.308302973760228666e-02
8.112269317550035996e-02
9.926515727714124715e-01
9.901374320336469026e-01
1.138589145799914770e-01
2.031374491567920076e-02
3.163163301883024914e-02
5.927696402398657111e-02
1.407757277427034836e-03
9.209016016309174990e-01
9.588555617374877604e-01
9.625648468812122438e-01
7.554827639892858215e-01
9.421265761659763927e-01
9.659842933549442900e-01
9.555234130711134366e-01
9.254788412742349646e-01
9.834074403754720084e-01
9.962709105387294040e-01
9.717892654647456441e-01
9.024105858669617675e-01
9.711959650396935206e-01
9.643290350171840331e-01
9.623425947452819429e-01
4.278525324063475743e-02
2.521985965320651391e-02
4.978308317080811646e-02
8.841596302953699804e-02
9.535623221423894513e-01
9.754403018905755118e-01
9.773092944352537170e-01
1.893109267171003487e-02
2.694301170384219568e-02
3.160765245302698395e-02
4.909172607404403976e-01
9.932413577472637423e-01
9.822809237581460184e-01
9.850722134097891214e-01
4.845530144503217007e-02
6.697348247794365772e-01
9.761121832781307628e-01
9.378054100913326696e-01
9.652809335024707948e-01
9.636076460428426582e-01
9.499973221088937603e-01
9.174791414409121382e-01
9.707718988164462104e-01
9.358134685470895775e-01
9.925375292586872122e-01
9.984766761397012580e-01
9.700505984326048825e-01
4.981840463872490299e-02
4.602304057991288971e-02
5.237602560156023879e-02
9.870466475166739251e-01
9.437708837637803772e-01
8.046051631914383773e-01
1.008286405691137359e-02
1.343161289900912658e-02
5.461231236451862675e-02
2.815231740838576580e-02
5.061210507570124140e-01
9.949965781491532102e-01
9.783041915367223229e-01
9.507175185162103359e-01
9.177851415701020477e-01
9.506777033555848799e-01
9.870811376947160598e-01
9.908574935704875797e-01
9.566257647202356384e-01
5.735094238390832100e-01
9.175426136557267576e-01
9.827911314023772826e-01
4.992258007809241005e-01
9.758172060497076750e-01
9.972821307625414633e-01
9.716385449283260201e-01
4.434311568040224388e-02
3.888727643956103180e-02
1.126876087247896813e-01
9.646979525628536223e-01
8.959634054195657615e-01
9.127418012002253001e-01
4.607247792838030376e-02
1.321065054429385911e-02
5.645475241067673261e-02
2.423700975401223839e-02
9.967365187808761018e-01
9.918798982870307146e-01
9.956072323419127290e-01
9.927946509392242547e-01
9.455086174744794514e-01
9.971220776694096344e-01
5.398808919312005905e-01
5.019397386747757039e-01
9.731652896363440775e-01
5.016118645529097364e-01
9.418020835536331514e-01
9.642038278302256238e-01
9.649192999166154028e-01
9.754827940260076824e-01
9.951087953691266641e-01
9.724961463428571928e-01
2.398028364868247733e-02
2.553504444234944160e-02
1.186338185349284924e-01
9.734837298133449668e-01
9.480217918165991797e-01
9.374166867491025013e-01
6.322765026742935279e-02
1.729470524654182911e-02
3.997618113243304322e-02
5.661303122377742136e-02
9.959111964690310348e-01
9.997226959348231023e-01
9.994849813907638048e-01
3.312225261577953633e-02
9.299090560196339172e-01
9.972131045583527698e-01
8.349202610411686704e-04
3.979200275761260626e-03
0.000000000000000000e+00
8.898513774149572342e-01
3.842917161596653419e-01
9.784735983257644154e-01
9.135209945829065870e-01
9.350728246557382661e-01
9.961411963196833419e-01
9.868327799937874900e-01
3.872916017028411872e-02
4.051285676171095806e-02
6.870517042637112881e-02
9.135578604837817362e-01
9.744098662712090686e-01
9.631640607160847356e-01
1.253015035765963348e-01
3.529657001712727116e-02
6.973123051421492580e-02
5.076680768415910150e-02
8.854573561171066309e-01
1.000000000000000000e+00
1.000000000000000000e+00
9.945624922538773838e-01
5.488377117662734950e-01
9.667231321516810416e-01
1.790418722567686674e-03
6.820326835410440297e-04
2.063299187176623195e-02
2.791221590311899758e-01
2.411380777276675436e-02
9.995666191384662280e-01
9.948473860667235158e-01
7.608736668345092435e-02
9.999483913309447081e-01
9.966948614128539052e-01
1.000000000000000000e+00
2.171158657357454003e-02
7.594522815759129075e-02
9.744001413038150261e-02
9.950853774525728612e-01
9.698595913562518822e-01
9.957117086782383275e-01
6.481236507114321310e-02
1.383713258914492372e-01
2.925667327290060876e-02
6.114854148290864710e-01
9.991885021234411246e-01
9.973077135390544523e-01
1.000000000000000000e+00
2.227369362812174972e-02
8.776119376773974801e-02
2.869328918174679152e-02
1.488411886897855751e-02
2.451754142273585291e-01
6.832210444342795216e-03
1.810052279174225592e-02
5.009648538785523852e-01
9.983300011326864398e-01
5.242724178344646546e-01
9.907404484005848389e-01
9.945956721295021730e-01
1.000000000000000000e+00
2.071561869847373533e-02
2.831235796927904225e-02
1.003912608050151617e-01
9.961781680156459595e-01
9.736862367378281702e-01
9.999800396335920549e-01
3.003216631510144397e-02
2.902085335069367472e-02
7.549483359564979068e-02
9.757854916208041907e-01
9.861230759028619675e-01
9.933166777571849071e-01
9.958787034409362082e-01
4.847708742356093281e-01
1.269439944630639493e-02
2.704490328611473468e-02
3.133901471853442477e-02
1.258852133882476521e-01
6.080440864013643290e-04
9.836955234338424781e-01
9.875492843957489608e-01
9.888863676210437603e-01
9.372003816946603560e-01
9.532898471993803691e-01
9.657901353174469516e-01
9.963156254295204572e-01
4.757442212625443562e-02
5.216111087177191519e-02
4.444884998909889862e-02
9.924340940823586088e-01
9.914610559380536703e-01
9.854768401762074026e-01
5.027989611784804413e-01
1.903567565755875934e-02
3.370723205059474037e-02
9.691842422980124772e-01
9.547360301493637014e-01
9.970544450534705172e-01
5.036353607324038917e-01
1.820432574108513807e-02
3.302579133710280279e-02
3.679503022317494321e-02
1.489518082056694170e-02
4.921281947799138190e-01
2.300281153975630363e-02
1.615072353025085589e-02
1.401056132614086208e-02
1.590203725262116785e-02
9.100965620086709507e-01
9.474315994515045691e-01
9.664900153239623926e-01
9.631808368949857924e-01
3.712758298460368256e-02
1.631078069813894638e-02
1.356531005970347259e-01
9.554656641815340024e-01
9.927983286249755235e-01
5.096194363038032416e-01
1.468024417927181122e-02
2.251414204492735438e-02
8.207378178751354447e-01
9.689207447953829266e-01
9.721134141757628022e-01
9.821411172086239594e-01
9.825283155775988986e-01
6.468125570201416208e-02
2.117178626570351274e-02
4.614581061048898120e-02
5.481037222227888583e-02
5.863142876691421201e-02
4.485611597187323663e-02
5.474071194330471651e-02
1.992555280543190435e-02
2.885338424271649202e-02
8.981249875084820200e-01
9.811563186915333024e-01
9.561924690717036324e-01
8.969548808288441534e-04
2.519380132821552598e-02
7.267406823228625412e-02
6.445446868409772101e-01
9.920417393982932097e-01
9.707388290682761323e-01
9.549318415376883973e-01
3.632668204962771763e-02
1.006130087522863759e-01
8.958353572083148364e-02
8.466617392595457980e-01
9.890931012622194984e-01
1.281688037938525926e-01
1.828342117381853357e-02
5.940547515768098558e-02
4.935934977884526287e-02
4.627751985438501026e-02
5.213750546956198717e-02
4.510111144858466176e-02
2.048139647779985417e-02
3.293191135626660770e-02
2.071442572277746447e-02
2.120965218049149573e-02
9.817147386294955425e-01
9.763660280137195224e-01
9.438439683948839365e-01
9.825883350717974363e-01
1.048617142831872670e-02
1.351380808564262362e-02
3.527271312673468939e-02
8.232380850801311878e-01
9.189041821720864700e-01
9.779603695265238761e-01
1.544277242481981866e-02
3.284267882925313159e-02
9.416410436780427162e-02
1.543963505151171520e-02
6.162013002336555467e-02
1.540363776317462199e-02
1.782857713397912464e-02
3.618380755117239778e-02
6.558987335830875065e-02
6.274309244885409309e-02
3.612859669392768508e-02
1.025035184525647375e-02
3.246896025185655628e-03
1.645449025575120017e-02
2.236366024834760685e-02
1.200619525251657438e-02
9.396826976531788000e-01
9.728605908439005301e-01
9.631338057151750398e-01
9.915577027716817593e-01
2.134925485989210350e-02
3.009456453068274154e-02
7.530046015495996115e-02
2.417293402169391758e-02
9.426070847361439631e-01
9.734393143396424808e-01
4.298705517074212501e-02
8.068414283412177201e-02
1.059464503935070301e-01
1.056219784206328255e-02
8.386119332505358182e-02
1.215236210289787760e-02
1.085710835432430847e-03
3.443965515532991517e-03
9.585786883104940870e-01
9.906187703894415719e-01
4.954833730727520869e-01
2.566094985926056608e-03
9.933109762454241931e-01
5.940255976114876046e-05
4.923661652806968214e-02
1.564640332144179302e-02
9.964926331160020023e-01
9.932114147586615926e-01
9.844463659534380406e-01
9.144522080248742579e-01
9.774995105181520927e-01
9.642554262778306740e-01
9.911487199967605743e-01
4.484002500199773394e-02
8.933098887432393553e-01
9.100370993021646981e-01
9.933255216375466365e-03
2.741178552431080065e-02
7.512086352750255158e-02
6.015864123238977290e-02
3.710522081266497130e-02
1.767826746503096220e-03
2.202236001330582882e-04
4.565756065897302179e-03
9.616095571977832934e-01
7.950772261209151370e-01
1.719404462304559983e-02
0.000000000000000000e+00
6.845788590412638097e-01
9.501714448828249004e-01
6.944091857984362702e-03
1.376886930352234570e-02
9.708194429968208805e-01
0.000000000000000000e+00
9.643232313689613644e-01
9.871677460706188567e-01
9.732873906583134893e-01
9.740552953602050756e-01
5.181132258036800220e-01
6.543994929639811164e-02
3.864608722586147793e-02
9.155901775054196001e-01
9.695492943747715531e-01
9.759244735217968980e-01
9.857899350241248193e-01
1.048499004051530736e-01
0.000000000000000000e+00
3.692750805600887067e-03
1.120177569919756765e-03
6.987658407200986188e-02
7.225026510025397194e-04
0.000000000000000000e+00
1.831828785095898583e-04
3.583906316615265240e-03
0.000000000000000000e+00
4.308869949690600221e-01
9.795138945522985363e-01
1.005345823155569113e-01
6.326353115675256156e-01
0.000000000000000000e+00
0.000000000000000000e+00
5.542702077902933851e-05
9.948001018331178447e-01
5.213564114873442401e-01
9.154968257745648152e-01
1.951256562487396762e-01
2.583277528101369375e-02
9.692682604541451585e-01
9.888037553389569245e-01
9.642887445060304152e-01
9.637149874679169503e-01
9.629402620904963239e-01
4.105910521799652213e-01
1.791163634858428545e-03
4.389934020835062692e-03
1.040337899893682694e-01
1.681715022647897045e-02
3.108873449837274219e-02
3.167321605764671782e-02
1.155412607274884651e-02
4.784430061839328036e-03
5.793314032333757128e-03
9.799581677893337561e-02
9.889660861188211971e-01
6.026524998655857779e-03
3.350973158773321026e-02
4.988066129228956730e-04
2.861500575127161501e-04
4.336695150089271700e-02
6.487292121420271118e-02
9.147953976196429582e-03
1.109686451246219216e-02
2.151024359134478051e-02
6.914498932101234563e-02
9.766914800483263992e-01
9.386596893809775466e-01
9.323952956658310143e-01
9.471502267720307566e-01
6.115372135637816564e-01
2.063422111302524314e-02
1.786289206086643655e-01
5.169727387104724459e-01
4.247154324784856508e-03
1.721589977003961519e-02
1.429003591094469769e-02
1.696871432923512113e-02
5.854577574228931247e-04
2.365557132556378103e-03
9.704719187278002673e-03
1.821751047650016497e-02
1.766618300586554613e-02
9.997047958261466860e-01
0.000000000000000000e+00
3.344956393264855200e-03
2.695989631691150801e-02
1.844860508627671480e-02
7.586652986482101020e-03
9.955559928033195227e-01
9.998178051099860797e-01
6.026849136684100383e-01
9.865431008046561534e-02
9.912833890808643300e-01
9.607589717204183533e-01
9.779160030237965540e-01
9.846721369307674943e-01
9.879876302439366542e-01
0.000000000000000000e+00
2.134302963572272133e-03
3.090007655408292392e-02
1.711729890723483541e-02
4.322378566764778496e-02
7.488134697435090172e-03
5.553653317290714944e-03
3.339514442964021824e-03
2.841148871203763235e-02
1.238375928299209894e-01
1.273149937173403620e-02
9.744627360093794932e-01
9.625617644734965062e-01
1.465349027797868513e-02
9.923648872274539248e-03
7.354611310777746033e-03
1.526607525224447579e-02
9.774540517719583210e-01
9.926868076599999480e-01
9.996061289307603959e-01
1.026029192787089594e-01
3.177585763278896469e-02
3.683068301202688070e-03
9.613376237633690646e-01
1.000000000000000000e+00
5.564180466276480701e-04
8.698499158201462942e-04
6.425610916660068166e-03
3.600718811439751477e-02
4.743753124016234640e-02
4.082162302554082078e-02
1.701297033176665460e-02
4.513500484369821313e-03
1.234005977141738181e-01
8.900556102702579242e-01
9.826086820942436795e-01
9.886355588020798724e-01
9.847769405457846847e-01
9.721514519876545135e-01
4.797636998801537572e-02
1.587671769919326431e-02
9.348310101042214826e-03
2.869837508617449628e-02
9.575323818819750921e-01
9.791926833966149157e-01
2.047725455016073393e-01
3.320427944286898081e-02
1.662628641430751592e-02
2.754612310977616520e-04
8.029587689667758710e-01
9.920214940715090801e-01
1.000000000000000000e+00
1.415853199530490991e-02
3.506975033058492425e-02
1.068472063978409201e-02
4.834277447919367310e-01
9.922303984848477310e-01
1.000000000000000000e+00
9.999291585813230299e-01
1.000000000000000000e+00
9.921816929478821656e-01
9.983076107394517340e-01
9.072962957843211385e-01
9.946434155076653294e-01
9.977463769854482134e-01
9.983307871651312393e-01
8.167353445015177946e-03
2.138380977375163236e-02
1.339133179412968153e-02
9.194515517425247975e-01
9.932602761657548518e-01
3.681634283286729092e-02
2.375515625984816678e-02
1.929794976040956345e-02
0.000000000000000000e+00
8.164988024308648118e-01
9.776437778685379554e-01
9.995496816538107510e-01
5.016165805784037965e-03
3.341869892296400746e-02
1.818113274607981167e-02
4.579519881359858657e-01
9.989303045328971065e-01
9.957657106007822279e-01
9.920675639179252769e-01
9.954446401642974562e-01
9.920550924032313089e-01
8.640862687357787619e-01
4.637293625708245881e-01
9.639209271574810112e-01
9.822426924093261569e-01
9.960326328111364091e-01
2.064362517030049471e-02
9.441272119402818047e-03
8.258956607204575029e-01
9.397710607943445815e-01
9.652577915807605269e-01
9.555624931286971213e-01
2.303985623940657534e-02
9.279930664816145314e-03
0.000000000000000000e+00
8.944805525045311789e-01
9.913716974952806460e-01
9.947304220054737911e-01
1.603272499544629998e-02
1.754003536489501247e-02
2.556784828893016170e-02
1.106316037144915512e-02
9.944143965359597548e-01
9.870057251593872261e-01
9.902622058553876006e-01
9.841522472976549363e-01
9.755633006805877194e-01
9.279065532258916338e-02
8.997438961829585802e-01
9.989510709637902108e-01
9.857531337663254511e-01
9.958807780158033252e-01
1.771097565926955247e-02
3.276670522214714110e-02
9.849801185010423898e-01
9.541850394178590378e-01
9.891799806878148749e-01
4.643089640819867206e-03
4.722506820048248503e-03
6.986447887581010222e-03
0.000000000000000000e+00
9.152767039392368797e-01
9.952135285558467714e-01
9.953492383393340859e-01
1.988955451370869737e-02
9.529962321473814044e-03
3.823432597850682374e-02
3.270116300340037557e-03
9.920721642524693573e-01
9.839543488795153836e-01
9.894244715065872997e-01
9.966189893713713888e-01
9.653563110433703853e-01
8.453035672304301529e-02
4.637293625708245881e-01
9.639209271574810112e-01
9.822426924093261569e-01
9.960326328111364091e-01
2.064362517030049471e-02
9.441272119402818047e-03
8.258956607204575029e-01
9.397710607943445815e-01
9.652577915807605269e-01
9.555624931286971213e-01
2.303985623940657534e-02
9.279930664816145314e-03
0.000000000000000000e+00
8.944805525045311789e-01
9.913716974952806460e-01
9.947304220054737911e-01
1.603272499544629998e-02
1.754003536489501247e-02
2.556784828893016170e-02
1.106316037144915512e-02
9.944143965359597548e-01
9.870057251593872261e-01
9.902622058553876006e-01
9.841522472976549363e-01
9.755633006805877194e-01
9.279065532258916338e-02
9.072962957843211385e-01
9.946434155076653294e-01
9.977463769854482134e-01
9.983307871651312393e-01
8.167353445015177946e-03
2.138380977375163236e-02
1.339133179412968153e-02
9.194515517425247975e-01
9.932602761657548518e-01
3.681634283286729092e-02
2.375515625984816678e-02
1.929794976040956345e-02
0.000000000000000000e+00
8.164988024308648118e-01
9.776437778685379554e-01
9.995496816538107510e-01
5.016165805784037965e-03
3.341869892296400746e-02
1.818113274607981167e-02
4.579519881359858657e-01
9.989303045328971065e-01
9.957657106007822279e-01
9.920675639179252769e-01
9.954446401642974562e-01
9.920550924032313089e-01
8.640862687357787619e-01
9.886355588020798724e-01
9.847769405457846847e-01
9.721514519876545135e-01
4.797636998801537572e-02
1.587671769919326431e-02
9.348310101042214826e-03
2.869837508617449628e-02
9.575323818819750921e-01
9.791926833966149157e-01
2.047725455016073393e-01
3.320427944286898081e-02
1.662628641430751592e-02
2.754612310977616520e-04
8.029587689667758710e-01
9.920214940715090801e-01
1.000000000000000000e+00
1.415853199530490991e-02
3.506975033058492425e-02
1.068472063978409201e-02
4.834277447919367310e-01
9.922303984848477310e-01
1.000000000000000000e+00
9.999291585813230299e-01
1.000000000000000000e+00
9.921816929478821656e-01
9.983076107394517340e-01
1.273149937173403620e-02
9.744627360093794932e-01
9.625617644734965062e-01
1.465349027797868513e-02
9.923648872274539248e-03
7.354611310777746033e-03
1.526607525224447579e-02
9.774540517719583210e-01
9.926868076599999480e-01
9.996061289307603959e-01
1.026029192787089594e-01
3.177585763278896469e-02
3.683068301202688070e-03
9.613376237633690646e-01
1.000000000000000000e+00
5.564180466276480701e-04
8.698499158201462942e-04
6.425610916660068166e-03
3.600718811439751477e-02
4.743753124016234640e-02
4.082162302554082078e-02
1.701297033176665460e-02
4.513500484369821313e-03
1.234005977141738181e-01
8.900556102702579242e-01
9.826086820942436795e-01
1.766618300586554613e-02
9.997047958261466860e-01
0.000000000000000000e+00
3.344956393264855200e-03
2.695989631691150801e-02
1.844860508627671480e-02
7.586652986482101020e-03
9.955559928033195227e-01
9.998178051099860797e-01
6.026849136684100383e-01
9.865431008046561534e-02
9.912833890808643300e-01
9.607589717204183533e-01
9.779160030237965540e-01
9.846721369307674943e-01
9.879876302439366542e-01
0.000000000000000000e+00
2.134302963572272133e-03
3.090007655408292392e-02
1.711729890723483541e-02
4.322378566764778496e-02
7.488134697435090172e-03
5.553653317290714944e-03
3.339514442964021824e-03
2.841148871203763235e-02
1.238375928299209894e-01
6.026524998655857779e-03
3.350973158773321026e-02
4.988066129228956730e-04
2.861500575127161501e-04
4.336695150089271700e-02
6.487292121420271118e-02
9.147953976196429582e-03
1.109686451246219216e-02
2.151024359134478051e-02
6.914498932101234563e-02
9.766914800483263992e-01
9.386596893809775466e-01
9.323952956658310143e-01
9.471502267720307566e-01
6.115372135637816564e-01
2.063422111302524314e-02
1.786289206086643655e-01
5.169727387104724459e-01
4.247154324784856508e-03
1.721589977003961519e-02
1.429003591094469769e-02
1.696871432923512113e-02
5.854577574228931247e-04
2.365557132556378103e-03
9.704719187278002673e-03
1.821751047650016497e-02
6.326353115675256156e-01
0.000000000000000000e+00
0.000000000000000000e+00
5.542702077902933851e-05
9.948001018331178447e-01
5.213564114873442401e-01
9.154968257745648152e-01
1.951256562487396762e-01
2.583277528101369375e-02
9.692682604541451585e-01
9.888037553389569245e-01
9.642887445060304152e-01
9.637149874679169503e-01
9.629402620904963239e-01
4.105910521799652213e-01
1.791163634858428545e-03
4.389934020835062692e-03
1.040337899893682694e-01
1.681715022647897045e-02
3.108873449837274219e-02
3.167321605764671782e-02
1.155412607274884651e-02
4.784430061839328036e-03
5.793314032333757128e-03
9.799581677893337561e-02
9.889660861188211971e-01
9.708194429968208805e-01
0.000000000000000000e+00
9.643232313689613644e-01
9.871677460706188567e-01
9.732873906583134893e-01
9.740552953602050756e-01
5.181132258036800220e-01
6.543994929639811164e-02
3.864608722586147793e-02
9.155901775054196001e-01
9.695492943747715531e-01
9.759244735217968980e-01
9.857899350241248193e-01
1.048499004051530736e-01
0.000000000000000000e+00
3.692750805600887067e-03
1.120177569919756765e-03
6.987658407200986188e-02
7.225026510025397194e-04
0.000000000000000000e+00
1.831828785095898583e-04
3.583906316615265240e-03
0.000000000000000000e+00
4.308869949690600221e-01
9.795138945522985363e-01
1.005345823155569113e-01
9.964926331160020023e-01
9.932114147586615926e-01
9.844463659534380406e-01
9.144522080248742579e-01
9.774995105181520927e-01
9.642554262778306740e-01
9.911487199967605743e-01
4.484002500199773394e-02
8.933098887432393553e-01
9.100370993021646981e-01
9.933255216375466365e-03
2.741178552431080065e-02
7.512086352750255158e-02
6.015864123238977290e-02
3.710522081266497130e-02
1.767826746503096220e-03
2.202236001330582882e-04
4.565756065897302179e-03
9.616095571977832934e-01
7.950772261209151370e-01
1.719404462304559983e-02
0.000000000000000000e+00
6.845788590412638097e-01
9.501714448828249004e-01
6.944091857984362702e-03
1.376886930352234570e-02
9.396826976531788000e-01
9.728605908439005301e-01
9.631338057151750398e-01
9.915577027716817593e-01
2.134925485989210350e-02
3.009456453068274154e-02
7.530046015495996115e-02
2.417293402169391758e-02
9.426070847361439631e-01
9.734393143396424808e-01
4.298705517074212501e-02
8.068414283412177201e-02
1.059464503935070301e-01
1.056219784206328255e-02
8.386119332505358182e-02
1.215236210289787760e-02
1.085710835432430847e-03
3.443965515532991517e-03
9.585786883104940870e-01
9.906187703894415719e-01
4.954833730727520869e-01
2.566094985926056608e-03
9.933109762454241931e-01
5.940255976114876046e-05
4.923661652806968214e-02
1.564640332144179302e-02
9.817147386294955425e-01
9.763660280137195224e-01
9.438439683948839365e-01
9.825883350717974363e-01
1.048617142831872670e-02
1.351380808564262362e-02
3.527271312673468939e-02
8.232380850801311878e-01
9.189041821720864700e-01
9.779603695265238761e-01
1.544277242481981866e-02
3.284267882925313159e-02
9.416410436780427162e-02
1.543963505151171520e-02
6.162013002336555467e-02
1.540363776317462199e-02
1.782857713397912464e-02
3.618380755117239778e-02
6.558987335830875065e-02
6.274309244885409309e-02
3.612859669392768508e-02
1.025035184525647375e-02
3.246896025185655628e-03
1.645449025575120017e-02
2.236366024834760685e-02
1.200619525251657438e-02
8.981249875084820200e-01
9.811563186915333024e-01
9.561924690717036324e-01
8.969548808288441534e-04
2.519380132821552598e-02
7.267406823228625412e-02
6.445446868409772101e-01
9.920417393982932097e-01
9.707388290682761323e-01
9.549318415376883973e-01
3.632668204962771763e-02
1.006130087522863759e-01
8.958353572083148364e-02
8.466617392595457980e-01
9.890931012622194984e-01
1.281688037938525926e-01
1.828342117381853357e-02
5.940547515768098558e-02
4.935934977884526287e-02
4.627751985438501026e-02
5.213750546956198717e-02
4.510111144858466176e-02
2.048139647779985417e-02
3.293191135626660770e-02
2.071442572277746447e-02
2.120965218049149573e-02
9.100965620086709507e-01
9.474315994515045691e-01
9.664900153239623926e-01
9.631808368949857924e-01
3.712758298460368256e-02
1.631078069813894638e-02
1.356531005970347259e-01
9.554656641815340024e-01
9.927983286249755235e-01
5.096194363038032416e-01
1.468024417927181122e-02
2.251414204492735438e-02
8.207378178751354447e-01
9.689207447953829266e-01
9.721134141757628022e-01
9.821411172086239594e-01
9.825283155775988986e-01
6.468125570201416208e-02
2.117178626570351274e-02
4.614581061048898120e-02
5.481037222227888583e-02
5.863142876691421201e-02
4.485611597187323663e-02
5.474071194330471651e-02
1.992555280543190435e-02
2.885338424271649202e-02
9.372003816946603560e-01
9.532898471993803691e-01
9.657901353174469516e-01
9.963156254295204572e-01
4.757442212625443562e-02
5.216111087177191519e-02
4.444884998909889862e-02
9.924340940823586088e-01
9.914610559380536703e-01
9.854768401762074026e-01
5.027989611784804413e-01
1.903567565755875934e-02
3.370723205059474037e-02
9.691842422980124772e-01
9.547360301493637014e-01
9.970544450534705172e-01
5.036353607324038917e-01
1.820432574108513807e-02
3.302579133710280279e-02
3.679503022317494321e-02
1.489518082056694170e-02
4.921281947799138190e-01
2.300281153975630363e-02
1.615072353025085589e-02
1.401056132614086208e-02
1.590203725262116785e-02
5.242724178344646546e-01
9.907404484005848389e-01
9.945956721295021730e-01
1.000000000000000000e+00
2.071561869847373533e-02
2.831235796927904225e-02
1.003912608050151617e-01
9.961781680156459595e-01
9.736862367378281702e-01
9.999800396335920549e-01
3.003216631510144397e-02
2.902085335069367472e-02
7.549483359564979068e-02
9.757854916208041907e-01
9.861230759028619675e-01
9.933166777571849071e-01
9.958787034409362082e-01
4.847708742356093281e-01
1.269439944630639493e-02
2.704490328611473468e-02
3.133901471853442477e-02
1.258852133882476521e-01
6.080440864013643290e-04
9.836955234338424781e-01
9.875492843957489608e-01
9.888863676210437603e-01
7.608736668345092435e-02
9.999483913309447081e-01
9.966948614128539052e-01
1.000000000000000000e+00
2.171158657357454003e-02
7.594522815759129075e-02
9.744001413038150261e-02
9.950853774525728612e-01
9.698595913562518822e-01
9.957117086782383275e-01
6.481236507114321310e-02
1.383713258914492372e-01
2.925667327290060876e-02
6.114854148290864710e-01
9.991885021234411246e-01
9.973077135390544523e-01
1.000000000000000000e+00
2.227369362812174972e-02
8.776119376773974801e-02
2.869328918174679152e-02
1.488411886897855751e-02
2.451754142273585291e-01
6.832210444342795216e-03
1.810052279174225592e-02
5.009648538785523852e-01
9.983300011326864398e-01
9.350728246557382661e-01
9.961411963196833419e-01
9.868327799937874900e-01
3.872916017028411872e-02
4.051285676171095806e-02
6.870517042637112881e-02
9.135578604837817362e-01
9.744098662712090686e-01
9.631640607160847356e-01
1.253015035765963348e-01
3.529657001712727116e-02
6.973123051421492580e-02
5.076680768415910150e-02
8.854573561171066309e-01
1.000000000000000000e+00
1.000000000000000000e+00
9.945624922538773838e-01
5.488377117662734950e-01
9.667231321516810416e-01
1.790418722567686674e-03
6.820326835410440297e-04
2.063299187176623195e-02
2.791221590311899758e-01
2.411380777276675436e-02
9.995666191384662280e-01
9.948473860667235158e-01
9.754827940260076824e-01
9.951087953691266641e-01
9.724961463428571928e-01
2.398028364868247733e-02
2.553504444234944160e-02
1.186338185349284924e-01
9.734837298133449668e-01
9.480217918165991797e-01
9.374166867491025013e-01
6.322765026742935279e-02
1.729470524654182911e-02
3.997618113243304322e-02
5.661303122377742136e-02
9.959111964690310348e-01
9.997226959348231023e-01
9.994849813907638048e-01
3.312225261577953633e-02
9.299090560196339172e-01
9.972131045583527698e-01
8.349202610411686704e-04
3.979200275761260626e-03
0.000000000000000000e+00
8.898513774149572342e-01
3.842917161596653419e-01
9.784735983257644154e-01
9.135209945829065870e-01
9.758172060497076750e-01
9.972821307625414633e-01
9.716385449283260201e-01
4.434311568040224388e-02
3.888727643956103180e-02
1.126876087247896813e-01
9.646979525628536223e-01
8.959634054195657615e-01
9.127418012002253001e-01
4.607247792838030376e-02
1.321065054429385911e-02
5.645475241067673261e-02
2.423700975401223839e-02
9.967365187808761018e-01
9.918798982870307146e-01
9.956072323419127290e-01
9.927946509392242547e-01
9.455086174744794514e-01
9.971220776694096344e-01
5.398808919312005905e-01
5.019397386747757039e-01
9.731652896363440775e-01
5.016118645529097364e-01
9.418020835536331514e-01
9.642038278302256238e-01
9.649192999166154028e-01
9.925375292586872122e-01
9.984766761397012580e-01
9.700505984326048825e-01
4.981840463872490299e-02
4.602304057991288971e-02
5.237602560156023879e-02
9.870466475166739251e-01
9.437708837637803772e-01
8.046051631914383773e-01
1.008286405691137359e-02
1.343161289900912658e-02
5.461231236451862675e-02
2.815231740838576580e-02
5.061210507570124140e-01
9.949965781491532102e-01
9.783041915367223229e-01
9.507175185162103359e-01
9.177851415701020477e-01
9.506777033555848799e-01
9.870811376947160598e-01
9.908574935704875797e-01
9.566257647202356384e-01
5.735094238390832100e-01
9.175426136557267576e-01
9.827911314023772826e-01
4.992258007809241005e-01
9.643290350171840331e-01
9.623425947452819429e-01
4.278525324063475743e-02
2.521985965320651391e-02
4.978308317080811646e-02
8.841596302953699804e-02
9.535623221423894513e-01
9.754403018905755118e-01
9.773092944352537170e-01
1.893109267171003487e-02
2.694301170384219568e-02
3.160765245302698395e-02
4.909172607404403976e-01
9.932413577472637423e-01
9.822809237581460184e-01
9.850722134097891214e-01
4.845530144503217007e-02
6.697348247794365772e-01
9.761121832781307628e-01
9.378054100913326696e-01
9.652809335024707948e-01
9.636076460428426582e-01
9.499973221088937603e-01
9.174791414409121382e-01
9.707718988164462104e-01
9.358134685470895775e-01
9.779945993514880254e-01
8.418199567188748844e-01
6.374231338702786472e-03
3.263598677691369188e-02
4.308302973760228666e-02
8.112269317550035996e-02
9.926515727714124715e-01
9.901374320336469026e-01
1.138589145799914770e-01
2.031374491567920076e-02
3.163163301883024914e-02
5.927696402398657111e-02
1.407757277427034836e-03
9.209016016309174990e-01
9.588555617374877604e-01
9.625648468812122438e-01
7.554827639892858215e-01
9.421265761659763927e-01
9.659842933549442900e-01
9.555234130711134366e-01
9.254788412742349646e-01
9.834074403754720084e-01
9.962709105387294040e-01
9.717892654647456441e-01
9.024105858669617675e-01
9.711959650396935206e-01
9.364168302049905579e-01
8.532796309431165405e-01
5.067043551737862887e-04
1.028198588971673995e-02
2.480868716193908308e-02
1.875344259973671379e-02
9.943073059925805479e-01
9.951093960794887838e-01
1.562252122837756892e-02
6.143669318011506231e-02
5.741628343874329021e-02
4.396268582824938709e-02
7.035743951126416373e-02
2.458840029907727320e-02
4.428071755974083423e-01
9.906914184321762296e-01
9.396634567094519497e-01
9.168540398435649497e-01
9.385185810377474347e-01
9.643578303587111433e-01
9.855143797618794999e-01
5.036283480131473755e-01
4.403438020299919597e-01
9.949290034073210443e-01
9.699123580921018561e-01
8.949743594857020312e-01
9.804573564812859576e-01
9.899761230488424157e-01
4.996855320817604751e-01
4.996643952853979664e-01
9.561031068007401768e-01
9.511892734816229655e-01
9.958102816194787099e-01
9.897676256618755941e-01
6.034802776745532005e-02
9.555234903757540976e-02
9.665916228490194217e-02
7.476308870363628234e-01
1.006050291453491896e-01
2.760389554195612910e-02
1.598881208320473979e-02
9.768637938322342062e-01
9.877749917264546653e-01
9.742133209676885341e-01
9.635287267948495771e-01
9.725857507017153791e-01
9.481759775109894761e-01
4.881469557826725175e-03
4.184949538388774842e-03
6.944476722137427060e-02
9.560894122140926044e-01
9.213202129807209761e-01
9.977133976248481195e-01
9.995564751609389287e-01
5.000820585039563726e-01
9.993804425776655620e-01
9.837923409816573539e-01
9.609570935176370288e-01
4.952614200532824418e-01
8.865778429210846578e-01
8.721927511327673410e-02
5.975815940208781263e-02
3.700092227056812066e-01
1.214277481915145285e-01
5.089065578588261585e-02
2.675708917526790909e-02
5.186852057388220416e-01
9.919672034322415399e-01
9.506777341991283770e-01
9.537295736948696590e-01
9.472184138883066318e-01
9.812439123605303237e-01
5.324099114819067502e-01
6.900950875267748350e-04
1.070395728028273805e-02
1.244096602706898647e-01
9.299937517177638835e-01
9.400288368646626536e-01
1.065097045824774970e-02
9.706848365546167923e-01
2.904620262302145251e-05
9.957344578791780254e-01
9.789566621678496006e-01
9.938114385378054028e-01
2.313232150235056128e-02
9.911870866942001923e-02
9.092585613002139577e-02
7.888213292252344022e-02
6.261985799676572650e-02
3.697016029621963407e-02
1.209064192847690566e-01
4.853977728655710644e-01
9.335015991298383220e-01
9.838559524114192101e-01
9.705359784943596857e-01
9.664351245675654178e-01
9.607315664547181333e-01
9.829351916547486301e-01
9.937271982346859156e-01
0.000000000000000000e+00
2.220575824686610300e-02
8.963917727761951115e-02
9.854445332983245986e-01
9.540939745256045157e-01
4.818608102620359213e-01
3.734426880732735765e-03
9.849179729958015272e-01
9.855076328870339131e-01
9.697170225837420388e-01
4.206638652030199321e-02
5.493682688084276788e-02
5.330371581152943544e-02
4.309219132475328173e-01
4.626713269887466340e-01
1.886865456883036335e-02
9.604473035870470313e-03
8.374531571766157256e-01
9.796631801516955118e-01
9.392953206096585905e-01
9.838198271967935060e-01
9.612181457223731851e-01
9.595237920831968248e-01
9.625530173525904676e-01
9.303230441680254703e-01
9.937990231340463332e-01
1.000000000000000000e+00
1.133645636804108715e-02
9.836491841243739653e-01
9.763655555358503602e-01
9.772497994450281000e-01
8.454903753620394979e-03
9.686232533211511786e-01
9.833097023365064970e-01
5.142651446148706340e-02
5.773944901344457009e-03
2.599323069719153972e-02
3.665085450332924988e-02
2.330334593249638875e-02
9.265643123608168219e-01
9.883583964614186534e-01
1.575217252151763642e-02
1.068522498184895642e-02
3.825006997525885466e-01
9.889917266264905971e-01
9.363246420836009998e-01
9.123504176872039295e-01
9.088815130121059571e-01
9.802638857620793456e-01
9.731157457846073555e-01
9.658692585611086123e-01
9.956114688389573475e-01
9.491287418701631617e-01
9.936166171226207267e-01
9.895982423076059575e-01
9.675456987632149453e-01
9.702905005569617547e-01
8.913839621797519097e-01
9.978040927031808227e-01
9.386399365419171303e-01
0.000000000000000000e+00
9.855377706812745719e-03
1.402139045009505834e-02
3.848543366606128197e-02
9.892776520960200326e-01
9.873927939935513987e-01
9.856731911616605224e-01
1.000000000000000000e+00
9.274582528458478331e-03
1.762512021538045065e-02
9.600556826341665184e-01
8.681905354791246143e-01
8.507149955053501245e-01
9.688861143843900958e-01
1.000000000000000000e+00
2.940756329810748637e-01
1.001789463047247572e-02
7.811739273564906050e-01
1.000000000000000000e+00
9.905159563963008562e-01
9.712207922161094631e-01
9.835566449760744234e-01
9.866741634611652101e-01
7.916476879200340377e-01
9.521707685799817300e-01
5.475118619096122075e-01
1.791539466257647921e-03
8.074826667750632792e-03
1.620047078332313012e-02
2.911848325925561060e-02
5.196776844603537837e-01
9.771048419468948421e-01
9.950121038820363140e-01
1.775639828224729599e-01
2.423210444036356936e-02
3.548046048157490334e-02
4.312031941888487818e-01
8.898097449621504840e-01
9.756489524053117979e-01
9.996145295436449363e-01
6.835158888952655443e-02
2.066490787644154059e-02
7.143310878673838488e-03
9.450333125887169783e-02
9.998815721044629345e-01
9.791997869965782808e-01
9.849007198278306729e-01
9.828114946725490242e-01
9.377477253364110421e-01
9.383852218330732686e-01
9.608451344647257475e-01
7.677967429446090897e-01
7.370025623619515937e-03
3.164463096350250866e-03
7.703465185774204665e-03
7.688066611671473365e-03
9.829056372993132396e-01
9.695982178840398813e-01
9.868034439125940027e-01
2.810948365124708165e-02
2.374022036159585680e-02
1.769152686626195708e-02
7.827219905302920111e-01
9.354816495669011633e-01
9.917473291277778547e-01
2.608322371497301742e-02
5.573392922677590511e-03
1.118373101447779627e-02
2.019160298179646651e-03
2.253486171889221290e-02
9.994816582457786147e-01
9.849270340331888196e-01
9.858947392828347756e-01
9.925266207481475700e-01
1.712599280775614630e-01
9.714789329077986313e-01
9.834668071820487079e-01
9.547800933086190156e-01
9.773317756591306527e-01
7.990644169970629457e-03
9.206999023412754807e-03
3.641536022134530537e-01
9.993681441248016828e-01
9.722761778373951724e-01
9.997172200119112118e-01
1.301704444925278481e-01
3.535042658228521040e-02
3.485953851698194578e-03
6.037333358388357052e-01
9.478950231683589411e-01
0.000000000000000000e+00
0.000000000000000000e+00
5.175670924460696633e-03
2.065938974398535619e-03
1.552416823918304715e-03
9.977258406627327325e-01
9.997010300337177968e-01
9.911291870788647707e-01
9.866353233088206443e-01
9.864482841266966062e-01
5.171884666635775951e-03
9.918020701406324857e-01
9.864399260836858030e-01
9.819976936925207678e-01
9.772284543254523559e-01
5.773337699801701917e-02
1.401449839693858293e-02
9.998547380115110350e-01
9.948636962031324193e-01
9.790382125465867391e-01
2.278919954538826675e-01
3.942242449789164216e-02
2.652993554896985323e-02
2.722496679512911247e-03
9.496291647346883913e-01
9.888733985062236886e-01
1.137205460511557520e-02
8.499965983558526025e-04
2.632942997488278009e-02
0.000000000000000000e+00
7.531487777011173224e-01
9.997896172216127475e-01
9.995617761886990138e-01
9.956396667844056303e-01
9.925149464695945944e-01
9.851226798885992508e-01
1.201059610300974495e-02
9.923841444862253613e-01
9.836845140574517199e-01
9.856279797630449480e-01
9.631199092023492447e-01
9.984718574054923801e-01
9.569085873396688813e-01
9.927455706432956051e-01
3.922288406221302592e-02
3.076891887796324165e-01
1.743891827908716080e-02
2.861558547976549710e-02
8.605268653842737883e-03
1.000000000000000000e+00
9.935475823130317519e-01
9.882464923433021964e-01
6.374089674532633643e-01
2.299012327273179928e-03
0.000000000000000000e+00
9.946822406011753825e-01
9.896958592570070934e-01
9.881421538604192589e-01
9.898561746326983712e-01
1.000000000000000000e+00
1.000000000000000000e+00
9.988921275012817569e-01
4.833479105768915228e-03
9.884401290556994457e-01
9.682484050351969351e-01
9.941334844630682621e-01
1.000000000000000000e+00
9.934570564063845977e-01
9.838565396766068005e-01
9.620183272194686719e-01
7.464337635985288447e-03
6.783443390953551762e-03
4.288595114868478525e-03
3.358448908827770668e-02
9.999156597728819929e-01
9.986767276116421677e-01
1.000000000000000000e+00
9.994278650987626911e-01
4.343384647873579918e-03
1.307706894829015632e-03
4.942684092571568433e-02
9.857429683029714784e-01
9.868657056614512646e-01
5.223167866261303471e-01
1.383352110673660186e-02
1.674419482743965959e-01
1.819689482580410800e-01
3.634458524325767659e-02
3.135768271615956004e-02
9.868644763566710720e-01
9.899469339928472778e-01
9.928705106796997804e-01
9.986868760949525470e-01
9.941335101140930108e-01
9.687859631826263307e-01
8.524083990539728095e-01
5.323237165909790658e-04
8.055550232758798210e-03
6.216151757562290298e-03
8.753277129836062320e-03
9.944240275504572235e-01
9.987799872432083781e-01
1.000000000000000000e+00
1.002299705120916415e-02
1.239045146907241310e-02
1.888781035171439165e-02
3.132996625587805822e-03
9.265005424406849155e-01
1.178616197109095820e-01
1.563101494265159517e-03
5.047303092976147126e-03
8.339104483531620954e-03
1.979960630371971342e-02
1.571443220243286948e-02
1.794376448450295258e-02
1.000000000000000000e+00
9.205905868588015739e-01
9.906694179439221593e-01
9.714817823651359374e-01
9.505532471685262941e-01
9.175509630999152400e-01
9.033081953936972219e-01
9.891371823369463634e-01
9.851490282645352092e-01
9.981566508238159940e-01
9.982562449540830496e-01
9.931210618408139457e-01
9.989606813061059354e-01
9.918163958062657937e-01
9.804210285469116062e-03
1.998710545206107414e-02
2.766328783931057064e-02
9.082054939038417332e-03
2.439106370792197553e-02
5.043050532939630931e-02
5.900675598897866386e-03
4.459339601287884598e-03
1.017098382603463282e-02
1.797468086441191687e-02
2.782711632891276404e-02
9.793915404870006114e-01
9.999785137904907417e-01
9.999984545678175518e-01
9.982806954447777104e-01
9.660874562566232893e-01
9.400509371866472286e-01
9.325126672355081858e-01
9.061518837487363420e-01
2.731568813866143940e-03
9.995540719877720193e-01
1.000000000000000000e+00
5.007225700838420224e-01
9.966843619035018476e-01
9.918184066451156689e-01
1.144917657136335087e-02
1.005867192476739627e-02
2.261258269255622330e-02
2.717377944304647311e-02
1.373413271682423151e-02
2.147544925223574264e-01
5.012238533447215677e-02
4.237956761303517811e-03
1.194830185626061594e-02
1.557023141758006463e-02
1.458666074939865900e-02
7.541296026633501071e-02
9.780091159521281385e-01
5.610672844348843502e-02
4.434843060752876459e-02
9.917740954724350022e-01
9.750763328642726435e-01
9.529721860877773398e-01
9.308603279263719665e-01
9.366210871822093775e-01
2.593659763085343073e-03
1.802487523108649249e-03
1.527395715224000132e-02
6.159086190113181522e-03
9.948131289972753644e-01
9.797397597596296803e-01
3.588974399504774732e-03
4.876693461782325573e-03
8.058939923678338016e-03
6.495804003626363954e-03
8.937223519831813401e-02
9.969871400808651973e-01
6.147079972612534693e-01
1.864767456926879393e-03
1.508982318978448200e-02
1.536103320273718084e-02
1.456587939111649369e-02
9.596551694163155677e-01
9.868714010115826607e-01
1.063463387850741362e-02
1.242747005229707935e-02
9.904275722255289072e-01
9.497016527871666725e-01
9.676517805871982514e-01
9.534225514155050263e-01
9.302284901491053581e-01
8.558463666749116516e-03
7.078307328434376745e-03
9.306923826993485777e-03
0.000000000000000000e+00
7.751352358315145574e-01
9.306725748950701593e-01
8.293181882637935126e-03
1.091248238475854906e-02
1.050270891789736351e-02
3.999104803883539727e-01
9.953632708112705174e-01
9.964496629453654108e-01
4.933734120043892224e-01
0.000000000000000000e+00
1.134640453854436799e-02
5.728690721207792963e-03
8.213816371801119232e-02
9.974778217360193988e-01
9.888181639172886062e-01
1.126202173107408375e-02
2.517227742558408101e-05
9.776915113307420580e-01
9.584756474437431395e-01
9.808644388586218454e-01
9.578786102219701837e-01
9.553203972893087315e-01
9.876742358729435622e-01
8.989518823638568967e-03
4.745104968039420314e-03
4.657294228528471303e-01
9.852867586310614101e-01
9.083759110296527606e-01
1.427571973597361876e-01
1.413508917536572818e-01
3.512456523164152467e-01
9.941419001013551693e-01
9.882053587514647575e-01
9.889547556875182277e-01
5.892582135073537453e-01
1.170160692317980672e-03
2.692857815490462547e-02
5.736112975659918983e-03
2.106142273032768353e-02
9.820919333253638750e-02
4.707294433358542862e-02
1.216623755640709389e-02
9.879306828678635632e-01
9.710054386943690607e-01
9.702614794792345787e-01
9.829326023033952975e-01
9.734326502137151671e-01
9.683811832050712720e-01
9.711429640061475244e-01
3.080443923957534164e-04
0.000000000000000000e+00
8.652765037800802528e-01
9.709807257903527722e-01
9.564838353515032754e-01
9.457347945696696900e-01
9.588410099096913441e-01
9.833516733579650282e-01
9.848157400767318936e-01
9.928887293470689546e-01
9.962959666345370113e-01
5.143628932670731846e-01
1.029586991937894366e-02
2.308962273468655180e-02
1.404623072258766661e-02
5.283997615368437595e-01
8.169929009556205213e-02
3.756997784609398400e-02
4.951726992909065705e-01
9.821497353742419945e-01
9.610369697519438592e-01
9.750978037602545667e-01
9.804596377203405044e-01
9.786480301102680190e-01
9.771410069423240863e-01
9.854988180403616571e-01
9.902542735053836420e-01
9.947934608279039859e-01
9.601598872014945885e-01
9.572883430918402992e-01
9.701471716585278182e-01
9.744803407912498994e-01
9.669879471515405722e-01
9.490084822742068660e-01
9.824859083834132090e-01
9.966534995186009382e-01
9.899721078915821870e-01
5.838937451954913094e-01
6.363258419310291458e-02
5.038497728136938358e-02
9.702971954651068431e-01
9.746386937221342972e-01
5.658904935594717689e-02
1.072689890076351620e-02
9.806586585454081240e-01
9.873059381486537500e-01
9.621512708617996346e-01
9.826260650926700313e-01
9.902102185816079594e-01
9.887884374258213427e-01
9.925584177624202642e-01
9.740457054008611060e-01
9.908273998571300867e-01
9.936692605641798126e-01
9.638763812503019501e-01
9.494142232169359152e-01
9.768782703495589859e-01
9.617823613534515204e-01
9.763581919943857823e-01
9.088533514447156847e-01
9.761079747661571826e-01
4.256756824723941235e-01
6.059259800149842112e-01
9.884006241918770197e-01
5.307860072242648330e-01
9.962004098533887575e-01
9.895138914537935371e-01
7.625032760143811705e-01
3.480575138401583585e-02
1.520851376166216205e-02
9.958792926601156559e-01
9.620671532102000878e-01
9.925752331393580263e-01
9.867013156403072749e-01
9.977599121734433973e-01
9.947270861059116509e-01
9.945989744391756648e-01
9.812474843941929592e-01
9.871921764470990013e-01
9.758720604227444362e-01
9.626921056354369455e-01
9.492454017175789849e-01
9.688070629510231457e-01
9.918070737946089732e-01
9.810422914383083448e-01
2.838927033930462862e-01
5.383778994527483458e-02
1.854799109870176876e-02
5.186803910132143924e-01
9.964177640140612358e-01
9.994078193619708728e-01
9.858653550956117950e-01
9.733909781349698864e-01
5.377425059717685363e-01
6.177133823047574121e-03
1.741582283152611280e-02
7.886453927754337734e-01
9.834379804673056835e-01
9.830854985185517592e-01
9.874707251695107324e-01
9.943690246475960226e-01
9.957280383495423770e-01
9.512951927530490792e-01
9.993324915306402989e-01
9.971043186641879164e-01
9.927922714445582830e-01
9.751820081433717480e-01
9.887677312233993376e-01
9.941016903293077300e-01
9.861835079550231864e-01
1.775488647151828303e-01
1.241185156349319668e-01
5.835439369452249947e-02
1.555425275402818816e-02
9.822104231154034082e-01
9.765522693626669248e-01
9.900103336735934789e-01
9.909862339948674048e-01
9.829802664499498466e-01
9.509776317980622728e-01
2.505668344558777301e-03
1.179307795631712175e-02
9.925437861491702707e-01
9.820829034871990659e-01
9.846392960397102323e-01
9.952640237393716172e-01
9.899253930764376763e-01
9.808399755749391824e-01
9.564397679191354307e-01
4.974217755975186561e-01
1.867045297910281676e-01
9.905884646453481102e-01
9.982566204249748720e-01
9.646906094320280012e-01
2.198905452027263840e-03
9.022321091408654764e-03
1.429694436291605551e-02
2.422537024211907086e-02
7.237885656747312241e-03
1.102004172776485484e-02
9.986631143456967674e-01
9.523439586042347083e-01
9.855308341389878990e-01
9.926640388224065026e-01
9.932368787467833471e-01
9.904067682678108220e-01
9.427455020607006242e-01
1.027041305933072690e-02
9.381115882178872045e-01
9.344047410781196605e-01
9.843537055264737212e-01
9.806662326329615986e-01
9.714969089718019646e-01
9.649956992641689490e-01
9.818010274629718204e-01
5.272678241219238560e-01
3.547078135754667960e-02
4.736991820859190808e-03
4.986225567725293129e-01
5.010967669200338008e-04
3.269713385983523402e-03
2.039894987617197480e-02
7.466353583128457205e-02
9.752591131503719063e-03
9.914994158192429463e-01
9.972991540412041722e-01
9.982689543669166499e-01
9.829396536579844135e-01
9.808755219702429695e-01
5.714915789621142876e-03
9.892357926508681398e-01
4.897238798424564110e-01
2.909063415809049272e-02
3.353293341262097993e-02
9.803401830299104391e-01
9.805834269733704200e-01
9.971963125770166858e-01
9.994485982812160163e-01
9.788355671239938882e-01
9.548030203160944307e-01
9.866718497857092096e-01
9.742930884934625224e-01
6.237586754110512575e-03
9.844866319908196495e-01
4.953022591651264350e-01
1.805505309780200407e-03
7.054480782144963505e-03
1.164087979301877199e-02
4.540815882693561428e-02
3.381757014956999347e-02
9.782180314394399723e-01
9.964850776000047095e-01
9.968950845223949475e-01
9.687495506162622227e-01
3.349122294702479991e-02
3.027046261231439508e-03
4.379615663656491638e-03
2.243470135153548262e-02
4.842902493084128013e-02
2.380348001934787586e-02
9.939571605687018696e-01
9.948044789658199161e-01
8.281955360022947785e-03
1.646258523148408370e-02
9.830558683152039734e-01
9.692276059093241081e-01
9.806561736519177064e-01
9.270955611271449737e-01
3.750306897105156745e-01
9.677151755844493053e-01
4.630842195424910157e-01
5.130326742282714791e-01
9.357485902629560925e-01
9.992242860211571209e-02
8.646706602372262740e-01
9.830004806387366845e-01
9.550931385801223472e-01
9.826938794275792421e-01
9.949632149879333864e-01
1.038969877769391620e-01
5.042078099598651560e-03
6.076813908922095060e-03
8.703111142783149373e-03
1.623946085498082989e-02
2.009357196038475540e-02
9.186437460217486417e-02
9.957361768534293001e-01
4.091843975440640976e-03
3.925625445972709404e-02
5.749505754215004233e-02
9.873485108985224912e-01
9.933567639544540473e-01
9.963944414568366437e-01
9.704208249933064800e-02
9.662302418250603431e-01
9.768353062156898137e-01
9.619040981590265549e-01
9.786015283785249874e-01
9.726716861911282042e-01
4.957088807548586384e-01
9.711913672346235149e-01
9.918425772503118854e-01
1.090423074882661617e-02
8.735731765757767664e-02
7.354741215392707199e-02
2.238843545458844148e-02
3.029153930153007795e-02
8.088953375007065794e-02
5.164363589548801037e-02
4.067284158454999993e-03
2.336028322398395890e-02
9.627880962441264234e-01
9.795946867488956045e-01
3.884531246057710413e-02
4.262357355503591794e-02
1.775665048519270428e-01
9.913670790131156041e-01
9.793494525656349925e-01
9.827068632625932665e-01
4.992523116690757434e-01
1.419442000331247629e-02
9.678095968637516755e-01
9.730402081617686161e-01
9.528595954741680973e-01
9.850182419193116434e-01
9.892185385134716347e-01
9.942794504300940250e-01
1.558083864624364677e-02
1.876663001942165164e-03
1.140650686948687861e-02
1.420341293552837003e-01
6.393095180701420244e-01
7.171000462882667903e-02
1.004536965279317351e-01
6.796483562675681434e-02
1.631536753197036435e-02
2.546958620543350246e-02
9.956216471131139611e-01
9.982622079085822220e-01
9.702876178666715035e-01
9.994063613732645512e-01
1.000000000000000000e+00
9.893633905530443418e-01
9.803266278816145096e-01
9.999086685033753419e-01
2.155815101755469490e-02
9.683419360131385184e-03
9.977268107985726164e-01
1.000000000000000000e+00
9.987972572225070067e-01
9.742169959536473023e-01
9.966144635353638703e-01
4.650053044438834937e-01
1.401711749816014069e-02
5.844844796303656775e-03
7.495468118544898646e-03
1.287272816277812149e-01
9.882668913117281795e-01
9.584896400117467463e-01
3.401405449419752508e-02
4.939497715287530927e-02
6.871238457994639608e-03
5.228966447661692607e-01
9.967363657863510529e-01
9.932043799651026905e-01
9.975997213104417227e-01
9.957381188545485484e-01
9.904627086843431627e-01
9.869994675368771730e-01
9.782101812410773922e-01
5.318908384024415570e-01
3.944553491234160936e-02
1.714467560939773871e-02
9.885478490035916055e-01
9.580640849774348933e-01
1.000000000000000000e+00
9.820040468907282882e-01
1.880123076372777202e-01
2.747000335616953809e-02
6.944318064360872206e-03
1.644739493246406836e-02
1.842170727013281439e-02
6.000092478471918955e-02
1.000000000000000000e+00
1.000000000000000000e+00
2.384828956907713519e-03
2.029745370452521857e-03
4.318474855739671929e-03
5.021422844929781526e-01
1.000000000000000000e+00
9.896265967363135907e-01
9.947299050901594608e-01
9.963479970319971679e-01
9.928852110266602748e-01
9.947347304403506563e-01
9.883295143313262088e-01
3.899855438690100554e-03
1.057268600010604492e-02
6.107272483130125884e-02
2.266421627772950698e-02
6.048749953318723407e-03
9.982228820198141284e-01
9.832572060616813214e-01
9.830654673141988598e-01
8.468045163997478531e-02
5.511745232170685641e-03
1.482622791539733864e-02
1.329510878367448981e-02
7.846873765905071352e-02
1.000000000000000000e+00
9.981718209133079167e-01
4.798229634578141112e-01
8.044421908396142329e-04
1.177324044407692576e-03
2.064670481002116656e-02
3.697237594095166835e-01
9.972544499519635508e-01
9.941926324196339593e-01
9.924272211253477582e-01
9.947258932126082920e-01
9.813685124124900128e-01
9.866874947872119606e-01
5.035501763947654030e-01
5.001824365619417234e-01
1.136895930015000139e-01
1.973495888072213794e-02
5.004363141794765379e-01
9.960139117683830534e-01
9.499200765593673879e-01
9.718534641470256696e-01
9.278409971650898314e-01
0.000000000000000000e+00
0.000000000000000000e+00
9.379727696459158048e-01
2.905332634390926649e-02
9.997844888374871619e-01
9.972011811196948017e-01
9.971450001598790580e-01
9.869771960231472629e-01
4.201096192695639719e-01
1.288110622009941766e-02
4.192815110166327186e-02
9.867803115468771757e-01
9.902125031491347817e-01
9.900785204984072774e-01
9.964900904989049124e-01
9.796764180871969652e-01
9.591545665472915871e-01
9.999315157470225479e-01
9.974821225769096023e-01
2.293516105358711088e-01
1.256677720451563895e-01
9.974999231185943671e-01
9.888944055805641842e-01
9.607199949070610590e-01
9.605681473699522188e-01
9.971543534389593066e-01
9.786100006468609891e-01
4.925742873674296973e-01
1.000000000000000000e+00
9.988751337815715559e-01
9.872162246269458041e-01
9.935763055385753439e-01
9.846610574832492802e-01
9.682502952244707028e-01
9.818772600315872623e-01
2.161967821047798902e-02
5.412863195944857264e-02
9.912534240913166705e-01
9.865701575661154354e-01
5.662974485787811707e-01
9.595837029644149752e-01
9.899827672596439587e-01
9.999862223317684817e-01
9.972391164894821580e-01
9.970726063330028754e-01
4.578721312598201809e-01
6.295124097686347064e-02
9.938316274864957833e-01
9.805219709852324161e-01
9.816860258442391407e-01
9.919044915559780407e-01
9.982305985589938757e-01
7.907360608408551261e-01
9.568613051440977291e-01
5.493677873329604333e-01
9.999123523053377038e-01
9.987847688037023719e-01
9.934522267307259735e-01
9.908159053662147775e-01
9.540616967448800612e-01
9.716693070193360704e-01
6.472861107497885902e-01
9.969202376039151825e-02
9.954077310048556892e-01
8.763145455607723733e-01
3.519205581052013004e-02
8.178344862606243965e-03
9.887452733111881109e-01
9.999971246822983995e-01
9.857338185211170778e-01
9.420983302470351539e-01
1.143290945499294275e-01
8.440310580749560421e-02
9.798244911699816040e-01
9.831387429210201034e-01
9.742469604579466758e-01
9.933566230183457080e-01
3.317311642775276903e-01
2.968893344046902305e-01
3.883325261498490888e-02
4.332547394032808946e-03
5.044407022841709276e-01
4.697559615897299867e-01
9.895647539871246234e-01
9.870535303948448913e-01
9.641957746551910180e-01
9.547879957850744503e-01
9.965656282587302961e-01
9.886585122211091203e-01
9.855366414585606805e-01
2.392593198529923415e-01
6.770898559211971368e-02
7.733805824314582411e-02
9.809914315356398351e-01
9.939949327188810635e-01
9.921646754847786021e-01
9.773951195115764268e-01
9.419295968660232887e-01
8.792703948866140151e-02
9.490682934360443745e-01
9.675066779685868035e-01
9.540944187441015023e-01
9.856924942970088921e-01
9.877239089771592262e-01
7.051319579354353717e-02
2.919536536656818643e-02
2.468576624481477744e-02
9.082647282906974873e-03
5.402595803336390952e-03
6.522592053528465314e-03
9.981985622721648577e-01
9.773309309246354104e-01
9.800783970805023726e-01
5.168699109687735493e-01
4.837532570270305921e-01
