7.148942114499364786e-01
2.134651444299853762e-01
6.721623178138878829e-02
9.658816924380259072e-01
9.944159869806441510e-01
9.891131846793720372e-01
8.648360176927939458e-01
2.516695047637275764e-02
1.192087215798076465e-02
3.340021205615161248e-01
9.543808962300582843e-01
9.806729097282746999e-01
9.748456240868857980e-01
6.250694134345819997e-01
6.258345631264913833e-02
1.784008470496815588e-02
5.514074126932327902e-02
9.685686345697063215e-01
9.838612837907343422e-01
9.896839447748977392e-01
9.886951462163998672e-01
9.633426513239304878e-01
9.604542670897653345e-01
9.231179115101201260e-01
9.671207770406037296e-01
8.821796608262337802e-01
2.675151150378626275e-01
7.797415593211212692e-02
1.882051080040520949e-02
4.291758083282695528e-03
1.283007298697487995e-02
1.241389659064509321e-01
9.850893101434436971e-01
9.514604576583653994e-01
7.281100532466888708e-02
2.652298372030588436e-02
6.363289051488694656e-03
5.227634309925032197e-01
9.984678808898858060e-01
9.964397939559831441e-01
9.849402174617545302e-01
9.654145831374830733e-01
7.927377072415852099e-01
4.952330335144111695e-01
2.615693584113025216e-01
2.709929323625128728e-01
6.706594535177276550e-02
6.611407337929508729e-03
3.877053121110891811e-03
5.297487325140605007e-04
1.655146605342979220e-03
2.078316461144796568e-01
8.761690366210260761e-01
6.429762349540146804e-01
3.223332532750818324e-01
5.411599211073937765e-02
8.924369882144599364e-01
5.417612934709206129e-01
3.855940254167845582e-01
1.601010452538410289e-01
1.200096649279937949e-01
1.601010452538410289e-01
3.855940254167845582e-01
5.417612934709206129e-01
8.924369882144599364e-01
5.411599211073937765e-02
3.223332532750818324e-01
6.429762349540146804e-01
8.761690366210260761e-01
2.078316461144796568e-01
1.655146605342979220e-03
5.297487325140605007e-04
3.877053121110891811e-03
6.611407337929508729e-03
6.706594535177276550e-02
2.709929323625128728e-01
2.615693584113025216e-01
4.952330335144111695e-01
7.927377072415852099e-01
9.654145831374830733e-01
9.849402174617545302e-01
9.964397939559831441e-01
9.984678808898858060e-01
5.227634309925032197e-01
6.363289051488694656e-03
2.652298372030588436e-02
7.281100532466888708e-02
9.514604576583653994e-01
9.850893101434436971e-01
1.241389659064509321e-01
1.283007298697487995e-02
4.291758083282695528e-03
1.882051080040520949e-02
7.797415593211212692e-02
2.675151150378626275e-01
8.821796608262337802e-01
9.671207770406037296e-01
9.231179115101201260e-01
9.604542670897653345e-01
9.633426513239304878e-01
9.886951462163998672e-01
9.896839447748977392e-01
9.838612837907343422e-01
9.685686345697063215e-01
5.514074126932327902e-02
1.784008470496815588e-02
6.258345631264913833e-02
6.250694134345819997e-01
9.748456240868857980e-01
9.806729097282746999e-01
9.543808962300582843e-01
3.340021205615161248e-01
1.192087215798076465e-02
2.516695047637275764e-02
8.648360176927939458e-01
9.891131846793720372e-01
9.944159869806441510e-01
9.658816924380259072e-01
6.721623178138878829e-02
2.134651444299853762e-01
7.148942114499364786e-01
