7e-07, 0.892263
6.98249e-07, 0.892245
6.96506e-07, 0.892216
6.94772e-07, 0.892185
6.93046e-07, 0.892159
6.91329e-07, 0.892145
6.89621e-07, 0.892147
6.87921e-07, 0.892169
6.8623e-07, 0.892214
6.84546e-07, 0.892283
6.82871e-07, 0.892376
6.81204e-07, 0.89249
6.79545e-07, 0.892622
6.77895e-07, 0.892771
6.76252e-07, 0.892931
6.74617e-07, 0.893099
6.7299e-07, 0.893274
6.71371e-07, 0.893453
6.6976e-07, 0.893636
6.68156e-07, 0.893824
6.66561e-07, 0.894018
6.64972e-07, 0.894222
6.63391e-07, 0.894439
6.61818e-07, 0.894675
6.60252e-07, 0.894933
6.58694e-07, 0.89522
6.57143e-07, 0.89554
6.55599e-07, 0.895897
6.54063e-07, 0.896294
6.52533e-07, 0.896734
6.51011e-07, 0.897217
6.49496e-07, 0.897743
6.47988e-07, 0.898312
6.46486e-07, 0.898922
6.44992e-07, 0.89957
6.43505e-07, 0.900254
6.42025e-07, 0.900971
6.40551e-07, 0.901719
6.39084e-07, 0.902497
6.37624e-07, 0.903303
6.3617e-07, 0.904138
6.34723e-07, 0.905002
6.33283e-07, 0.905897
6.31849e-07, 0.906827
6.30422e-07, 0.907793
6.29001e-07, 0.908801
6.27586e-07, 0.909853
6.26178e-07, 0.910953
6.24776e-07, 0.912105
6.2338e-07, 0.913312
6.21991e-07, 0.914576
6.20608e-07, 0.915899
6.19231e-07, 0.91728
6.1786e-07, 0.918721
6.16495e-07, 0.920219
6.15136e-07, 0.921774
6.13783e-07, 0.923384
6.12436e-07, 0.925047
6.11095e-07, 0.926761
6.0976e-07, 0.928525
6.0843e-07, 0.930339
6.07107e-07, 0.932201
6.05789e-07, 0.934113
6.04477e-07, 0.936075
6.0317e-07, 0.93809
6.01869e-07, 0.940159
6.00574e-07, 0.942285
5.99284e-07, 0.944473
5.98e-07, 0.946723
5.96721e-07, 0.94904
5.95448e-07, 0.951427
5.9418e-07, 0.953885
5.92918e-07, 0.956417
5.91661e-07, 0.959022
5.90409e-07, 0.961703
5.89163e-07, 0.964458
5.87921e-07, 0.967287
5.86685e-07, 0.970189
5.85455e-07, 0.973163
5.84229e-07, 0.976207
5.83008e-07, 0.97932
5.81793e-07, 0.982503
5.80583e-07, 0.985753
5.79377e-07, 0.989071
5.78177e-07, 0.992458
5.76981e-07, 0.995916
5.75791e-07, 0.999445
5.74605e-07, 1.00305
5.73425e-07, 1.00673
5.72249e-07, 1.01048
5.71078e-07, 1.01432
5.69912e-07, 1.01824
5.6875e-07, 1.02225
5.67593e-07, 1.02635
5.66441e-07, 1.03053
5.65294e-07, 1.03481
5.64151e-07, 1.03917
5.63013e-07, 1.04362
5.61879e-07, 1.04816
5.6075e-07, 1.05279
5.59626e-07, 1.0575
5.58506e-07, 1.0623
5.5739e-07, 1.06718
5.56279e-07, 1.07215
5.55172e-07, 1.07719
5.5407e-07, 1.08232
5.52972e-07, 1.08753
5.51879e-07, 1.09282
5.50789e-07, 1.0982
5.49705e-07, 1.10365
5.48624e-07, 1.1092
5.47547e-07, 1.11483
5.46475e-07, 1.12054
5.45407e-07, 1.12634
5.44343e-07, 1.13223
5.43284e-07, 1.13821
5.42228e-07, 1.14428
5.41176e-07, 1.15043
5.40129e-07, 1.15667
5.39086e-07, 1.16299
5.38046e-07, 1.16938
5.37011e-07, 1.17586
5.3598e-07, 1.18241
5.34952e-07, 1.18903
5.33929e-07, 1.19571
5.32909e-07, 1.20246
5.31893e-07, 1.20926
5.30881e-07, 1.21613
5.29873e-07, 1.22304
5.28869e-07, 1.23001
5.27869e-07, 1.23702
5.26872e-07, 1.24408
5.25879e-07, 1.25118
5.2489e-07, 1.25833
5.23905e-07, 1.2655
5.22923e-07, 1.27272
5.21945e-07, 1.27996
5.20971e-07, 1.28723
5.2e-07, 1.29452
5.19033e-07, 1.30183
5.18069e-07, 1.30915
5.17109e-07, 1.31647
5.16153e-07, 1.32379
5.152e-07, 1.33111
5.14251e-07, 1.33841
5.13305e-07, 1.34568
5.12362e-07, 1.35293
5.11423e-07, 1.36015
5.10488e-07, 1.36732
5.09556e-07, 1.37444
5.08627e-07, 1.3815
5.07702e-07, 1.38851
5.0678e-07, 1.39545
5.05861e-07, 1.40231
5.04946e-07, 1.4091
5.04034e-07, 1.41581
5.03125e-07, 1.42243
5.0222e-07, 1.42897
5.01317e-07, 1.4354
5.00418e-07, 1.44173
4.99523e-07, 1.44796
4.9863e-07, 1.45407
4.97741e-07, 1.46007
4.96855e-07, 1.46595
4.95972e-07, 1.4717
4.95092e-07, 1.47731
4.94215e-07, 1.48278
4.93341e-07, 1.48812
4.92471e-07, 1.4933
4.91603e-07, 1.49833
4.90739e-07, 1.5032
4.89877e-07, 1.50791
4.89019e-07, 1.51246
4.88163e-07, 1.51684
4.87311e-07, 1.52106
4.86461e-07, 1.52511
4.85615e-07, 1.529
4.84771e-07, 1.53271
4.83931e-07, 1.53626
4.83093e-07, 1.53964
4.82258e-07, 1.54286
4.81426e-07, 1.54591
4.80597e-07, 1.5488
4.79771e-07, 1.55153
4.78947e-07, 1.55409
4.78127e-07, 1.5565
4.77309e-07, 1.55874
4.76494e-07, 1.56083
4.75682e-07, 1.56276
4.74872e-07, 1.56453
4.74066e-07, 1.56615
4.73262e-07, 1.56761
4.7246e-07, 1.56893
4.71662e-07, 1.5701
4.70866e-07, 1.57112
4.70073e-07, 1.572
4.69283e-07, 1.57275
4.68495e-07, 1.57336
4.67709e-07, 1.57385
4.66927e-07, 1.57421
4.66147e-07, 1.57446
4.6537e-07, 1.5746
4.64595e-07, 1.57462
4.63823e-07, 1.57455
4.63053e-07, 1.57437
4.62286e-07, 1.57411
4.61521e-07, 1.57375
4.60759e-07, 1.57331
4.6e-07, 1.57278
4.59243e-07, 1.57218
4.58488e-07, 1.5715
4.57736e-07, 1.57075
4.56987e-07, 1.56992
4.5624e-07, 1.56903
4.55495e-07, 1.56808
4.54753e-07, 1.56706
4.54013e-07, 1.56599
4.53276e-07, 1.56486
4.52541e-07, 1.56368
4.51808e-07, 1.56246
4.51078e-07, 1.5612
4.5035e-07, 1.5599
4.49624e-07, 1.55857
4.48901e-07, 1.5572
4.4818e-07, 1.55582
4.47461e-07, 1.55441
4.46745e-07, 1.55299
4.46031e-07, 1.55156
4.45319e-07, 1.55011
4.4461e-07, 1.54866
4.43902e-07, 1.5472
4.43197e-07, 1.54573
4.42495e-07, 1.54427
4.41794e-07, 1.5428
4.41096e-07, 1.54133
4.404e-07, 1.53986
4.39706e-07, 1.5384
4.39014e-07, 1.53695
4.38325e-07, 1.53549
4.37637e-07, 1.53405
4.36952e-07, 1.53262
4.36269e-07, 1.53121
4.35588e-07, 1.52981
4.34909e-07, 1.52843
4.34232e-07, 1.52708
4.33558e-07, 1.52575
4.32885e-07, 1.52445
4.32215e-07, 1.52319
4.31546e-07, 1.52196
4.3088e-07, 1.52076
4.30216e-07, 1.51961
4.29554e-07, 1.5185
4.28893e-07, 1.51743
4.28235e-07, 1.5164
4.27579e-07, 1.51542
4.26925e-07, 1.51448
4.26273e-07, 1.51359
4.25623e-07, 1.51275
4.24975e-07, 1.51196
4.24328e-07, 1.51121
4.23684e-07, 1.51051
4.23042e-07, 1.50987
4.22402e-07, 1.50928
4.21763e-07, 1.50874
4.21127e-07, 1.50826
4.20492e-07, 1.50785
4.1986e-07, 1.5075
4.19229e-07, 1.50722
4.186e-07, 1.50701
4.17973e-07, 1.50687
4.17348e-07, 1.50682
4.16725e-07, 1.50684
4.16103e-07, 1.50695
4.15484e-07, 1.50714
4.14866e-07, 1.50742
4.1425e-07, 1.50779
4.13636e-07, 1.50825
4.13024e-07, 1.5088
4.12414e-07, 1.50945
4.11805e-07, 1.51019
4.11198e-07, 1.51103
4.10593e-07, 1.51196
4.0999e-07, 1.513
4.09389e-07, 1.51414
4.08789e-07, 1.51539
4.08191e-07, 1.51675
4.07595e-07, 1.51822
4.07e-07, 1.51981
4.06408e-07, 1.52153
4.05817e-07, 1.52338
4.05227e-07, 1.52537
4.0464e-07, 1.5275
4.04054e-07, 1.52979
4.0347e-07, 1.53223
4.02887e-07, 1.53483
4.02307e-07, 1.5376
4.01727e-07, 1.54054
4.0115e-07, 1.54367
4.00574e-07, 1.54698
4e-07, 1.55048