7e-07, 0.901439
6.98249e-07, 0.901194
6.96506e-07, 0.900947
6.94772e-07, 0.900708
6.93046e-07, 0.900476
6.91329e-07, 0.90024
6.89621e-07, 0.899989
6.87921e-07, 0.899715
6.8623e-07, 0.899422
6.84546e-07, 0.899124
6.82871e-07, 0.898838
6.81204e-07, 0.898577
6.79545e-07, 0.898342
6.77895e-07, 0.89813
6.76252e-07, 0.897931
6.74617e-07, 0.897743
6.7299e-07, 0.897573
6.71371e-07, 0.897434
6.6976e-07, 0.897346
6.68156e-07, 0.897323
6.66561e-07, 0.89737
6.64972e-07, 0.897485
6.63391e-07, 0.897661
6.61818e-07, 0.897893
6.60252e-07, 0.898183
6.58694e-07, 0.898541
6.57143e-07, 0.898977
6.55599e-07, 0.8995
6.54063e-07, 0.900109
6.52533e-07, 0.900797
6.51011e-07, 0.90155
6.49496e-07, 0.902358
6.47988e-07, 0.903217
6.46486e-07, 0.90413
6.44992e-07, 0.905101
6.43505e-07, 0.906137
6.42025e-07, 0.907237
6.40551e-07, 0.908392
6.39084e-07, 0.909594
6.37624e-07, 0.910831
6.3617e-07, 0.912101
6.34723e-07, 0.913408
6.33283e-07, 0.914757
6.31849e-07, 0.916158
6.30422e-07, 0.91761
6.29001e-07, 0.919112
6.27586e-07, 0.920655
6.26178e-07, 0.922233
6.24776e-07, 0.923843
6.2338e-07, 0.92549
6.21991e-07, 0.92718
6.20608e-07, 0.928923
6.19231e-07, 0.930721
6.1786e-07, 0.932573
6.16495e-07, 0.934474
6.15136e-07, 0.936417
6.13783e-07, 0.9384
6.12436e-07, 0.940427
6.11095e-07, 0.942504
6.0976e-07, 0.94464
6.0843e-07, 0.946838
6.07107e-07, 0.949098
6.05789e-07, 0.951415
6.04477e-07, 0.953784
6.0317e-07, 0.956203
6.01869e-07, 0.958674
6.00574e-07, 0.961202
5.99284e-07, 0.963796
5.98e-07, 0.966459
5.96721e-07, 0.969192
5.95448e-07, 0.971991
5.9418e-07, 0.97485
5.92918e-07, 0.977768
5.91661e-07, 0.980746
5.90409e-07, 0.983788
5.89163e-07, 0.986901
5.87921e-07, 0.990091
5.86685e-07, 0.993357
5.85455e-07, 0.996697
5.84229e-07, 1.00011
5.83008e-07, 1.00358
5.81793e-07, 1.00712
5.80583e-07, 1.01073
5.79377e-07, 1.01442
5.78177e-07, 1.01819
5.76981e-07, 1.02204
5.75791e-07, 1.02598
5.74605e-07, 1.02999
5.73425e-07, 1.03407
5.72249e-07, 1.03822
5.71078e-07, 1.04245
5.69912e-07, 1.04676
5.6875e-07, 1.05115
5.67593e-07, 1.05564
5.66441e-07, 1.0602
5.65294e-07, 1.06485
5.64151e-07, 1.06958
5.63013e-07, 1.07438
5.61879e-07, 1.07926
5.6075e-07, 1.08422
5.59626e-07, 1.08927
5.58506e-07, 1.09441
5.5739e-07, 1.09963
5.56279e-07, 1.10494
5.55172e-07, 1.11032
5.5407e-07, 1.11578
5.52972e-07, 1.12132
5.51879e-07, 1.12694
5.50789e-07, 1.13264
5.49705e-07, 1.13843
5.48624e-07, 1.14429
5.47547e-07, 1.15024
5.46475e-07, 1.15625
5.45407e-07, 1.16234
5.44343e-07, 1.1685
5.43284e-07, 1.17472
5.42228e-07, 1.18102
5.41176e-07, 1.18739
5.40129e-07, 1.19382
5.39086e-07, 1.20033
5.38046e-07, 1.20689
5.37011e-07, 1.2135
5.3598e-07, 1.22016
5.34952e-07, 1.22687
5.33929e-07, 1.23363
5.32909e-07, 1.24044
5.31893e-07, 1.2473
5.30881e-07, 1.25419
5.29873e-07, 1.26111
5.28869e-07, 1.26806
5.27869e-07, 1.27503
5.26872e-07, 1.28202
5.25879e-07, 1.28902
5.2489e-07, 1.29603
5.23905e-07, 1.30305
5.22923e-07, 1.31008
5.21945e-07, 1.3171
5.20971e-07, 1.3241
5.2e-07, 1.33108
5.19033e-07, 1.33804
5.18069e-07, 1.34497
5.17109e-07, 1.35186
5.16153e-07, 1.35873
5.152e-07, 1.36555
5.14251e-07, 1.37231
5.13305e-07, 1.37902
5.12362e-07, 1.38566
5.11423e-07, 1.39223
5.10488e-07, 1.39872
5.09556e-07, 1.40514
5.08627e-07, 1.41148
5.07702e-07, 1.41772
5.0678e-07, 1.42388
5.05861e-07, 1.42992
5.04946e-07, 1.43586
5.04034e-07, 1.44168
5.03125e-07, 1.44739
5.0222e-07, 1.45298
5.01317e-07, 1.45845
5.00418e-07, 1.4638
4.99523e-07, 1.46901
4.9863e-07, 1.47409
4.97741e-07, 1.47902
4.96855e-07, 1.48381
4.95972e-07, 1.48846
4.95092e-07, 1.49296
4.94215e-07, 1.49732
4.93341e-07, 1.50154
4.92471e-07, 1.5056
4.91603e-07, 1.50951
4.90739e-07, 1.51326
4.89877e-07, 1.51686
4.89019e-07, 1.5203
4.88163e-07, 1.5236
4.87311e-07, 1.52674
4.86461e-07, 1.52973
4.85615e-07, 1.53257
4.84771e-07, 1.53527
4.83931e-07, 1.53781
4.83093e-07, 1.5402
4.82258e-07, 1.54244
4.81426e-07, 1.54454
4.80597e-07, 1.54651
4.79771e-07, 1.54834
4.78947e-07, 1.55003
4.78127e-07, 1.5516
4.77309e-07, 1.55303
4.76494e-07, 1.55434
4.75682e-07, 1.55552
4.74872e-07, 1.55657
4.74066e-07, 1.55752
4.73262e-07, 1.55836
4.7246e-07, 1.55909
4.71662e-07, 1.55972
4.70866e-07, 1.56025
4.70073e-07, 1.56067
4.69283e-07, 1.561
4.68495e-07, 1.56124
4.67709e-07, 1.5614
4.66927e-07, 1.56148
4.66147e-07, 1.56148
4.6537e-07, 1.56142
4.64595e-07, 1.56128
4.63823e-07, 1.56107
4.63053e-07, 1.5608
4.62286e-07, 1.56047
4.61521e-07, 1.56008
4.60759e-07, 1.55965
4.6e-07, 1.55917
4.59243e-07, 1.55865
4.58488e-07, 1.55809
4.57736e-07, 1.55749
4.56987e-07, 1.55685
4.5624e-07, 1.55617
4.55495e-07, 1.55548
4.54753e-07, 1.55475
4.54013e-07, 1.55401
4.53276e-07, 1.55326
4.52541e-07, 1.55248
4.51808e-07, 1.5517
4.51078e-07, 1.55089
4.5035e-07, 1.55008
4.49624e-07, 1.54926
4.48901e-07, 1.54844
4.4818e-07, 1.54763
4.47461e-07, 1.54681
4.46745e-07, 1.54601
4.46031e-07, 1.5452
4.45319e-07, 1.54441
4.4461e-07, 1.54362
4.43902e-07, 1.54284
4.43197e-07, 1.54208
4.42495e-07, 1.54134
4.41794e-07, 1.54062
4.41096e-07, 1.53992
4.404e-07, 1.53924
4.39706e-07, 1.53859
4.39014e-07, 1.53796
4.38325e-07, 1.53735
4.37637e-07, 1.53678
4.36952e-07, 1.53624
4.36269e-07, 1.53574
4.35588e-07, 1.53527
4.34909e-07, 1.53485
4.34232e-07, 1.53445
4.33558e-07, 1.5341
4.32885e-07, 1.53378
4.32215e-07, 1.53351
4.31546e-07, 1.53329
4.3088e-07, 1.53312
4.30216e-07, 1.533
4.29554e-07, 1.53293
4.28893e-07, 1.53291
4.28235e-07, 1.53294
4.27579e-07, 1.53302
4.26925e-07, 1.53317
4.26273e-07, 1.53337
4.25623e-07, 1.53363
4.24975e-07, 1.53397
4.24328e-07, 1.53436
4.23684e-07, 1.53482
4.23042e-07, 1.53535
4.22402e-07, 1.53594
4.21763e-07, 1.5366
4.21127e-07, 1.53734
4.20492e-07, 1.53816
4.1986e-07, 1.53905
4.19229e-07, 1.54003
4.186e-07, 1.54109
4.17973e-07, 1.54222
4.17348e-07, 1.54345
4.16725e-07, 1.54475
4.16103e-07, 1.54615
4.15484e-07, 1.54765
4.14866e-07, 1.54924
4.1425e-07, 1.55093
4.13636e-07, 1.55273
4.13024e-07, 1.55462
4.12414e-07, 1.55662
4.11805e-07, 1.55872
4.11198e-07, 1.56094
4.10593e-07, 1.56327
4.0999e-07, 1.56573
4.09389e-07, 1.56831
4.08789e-07, 1.57102
4.08191e-07, 1.57385
4.07595e-07, 1.57682
4.07e-07, 1.57992
4.06408e-07, 1.58317
4.05817e-07, 1.58656
4.05227e-07, 1.59011
4.0464e-07, 1.59382
4.04054e-07, 1.5977
4.0347e-07, 1.60174
4.02887e-07, 1.60595
4.02307e-07, 1.61033
4.01727e-07, 1.61491
4.0115e-07, 1.61967
4.00574e-07, 1.62464
4e-07, 1.62982

