7e-07, 0.922103
6.98249e-07, 0.91903
6.96506e-07, 0.916001
6.94772e-07, 0.913021
6.93046e-07, 0.910097
6.91329e-07, 0.907234
6.89621e-07, 0.904438
6.87921e-07, 0.901712
6.8623e-07, 0.899057
6.84546e-07, 0.896474
6.82871e-07, 0.893961
6.81204e-07, 0.891518
6.79545e-07, 0.889139
6.77895e-07, 0.886823
6.76252e-07, 0.884564
6.74617e-07, 0.88236
6.7299e-07, 0.880207
6.71371e-07, 0.878104
6.6976e-07, 0.876048
6.68156e-07, 0.874041
6.66561e-07, 0.872083
6.64972e-07, 0.870177
6.63391e-07, 0.868325
6.61818e-07, 0.866532
6.60252e-07, 0.864802
6.58694e-07, 0.863138
6.57143e-07, 0.861545
6.55599e-07, 0.860025
6.54063e-07, 0.858581
6.52533e-07, 0.857215
6.51011e-07, 0.855926
6.49496e-07, 0.854715
6.47988e-07, 0.85358
6.46486e-07, 0.852519
6.44992e-07, 0.851529
6.43505e-07, 0.850607
6.42025e-07, 0.84975
6.40551e-07, 0.848957
6.39084e-07, 0.848225
6.37624e-07, 0.847553
6.3617e-07, 0.846941
6.34723e-07, 0.846389
6.33283e-07, 0.845899
6.31849e-07, 0.845473
6.30422e-07, 0.845114
6.29001e-07, 0.844824
6.27586e-07, 0.844608
6.26178e-07, 0.844469
6.24776e-07, 0.84441
6.2338e-07, 0.844433
6.21991e-07, 0.84454
6.20608e-07, 0.844733
6.19231e-07, 0.845012
6.1786e-07, 0.845378
6.16495e-07, 0.845828
6.15136e-07, 0.846363
6.13783e-07, 0.846981
6.12436e-07, 0.84768
6.11095e-07, 0.848459
6.0976e-07, 0.849318
6.0843e-07, 0.850255
6.07107e-07, 0.851271
6.05789e-07, 0.852366
6.04477e-07, 0.853543
6.0317e-07, 0.854804
6.01869e-07, 0.856151
6.00574e-07, 0.857587
5.99284e-07, 0.859117
5.98e-07, 0.860743
5.96721e-07, 0.86247
5.95448e-07, 0.864301
5.9418e-07, 0.866239
5.92918e-07, 0.868286
5.91661e-07, 0.870445
5.90409e-07, 0.872717
5.89163e-07, 0.875102
5.87921e-07, 0.877603
5.86685e-07, 0.880218
5.85455e-07, 0.882949
5.84229e-07, 0.885796
5.83008e-07, 0.888759
5.81793e-07, 0.89184
5.80583e-07, 0.895039
5.79377e-07, 0.898359
5.78177e-07, 0.901802
5.76981e-07, 0.905371
5.75791e-07, 0.90907
5.74605e-07, 0.912904
5.73425e-07, 0.916876
5.72249e-07, 0.920992
5.71078e-07, 0.925256
5.69912e-07, 0.929674
5.6875e-07, 0.934249
5.67593e-07, 0.938987
5.66441e-07, 0.943891
5.65294e-07, 0.948965
5.64151e-07, 0.954212
5.63013e-07, 0.959636
5.61879e-07, 0.96524
5.6075e-07, 0.971025
5.59626e-07, 0.976994
5.58506e-07, 0.98315
5.5739e-07, 0.989497
5.56279e-07, 0.996036
5.55172e-07, 1.00277
5.5407e-07, 1.00971
5.52972e-07, 1.01685
5.51879e-07, 1.0242
5.50789e-07, 1.03177
5.49705e-07, 1.03955
5.48624e-07, 1.04757
5.47547e-07, 1.05581
5.46475e-07, 1.0643
5.45407e-07, 1.07302
5.44343e-07, 1.082
5.43284e-07, 1.09123
5.42228e-07, 1.10072
5.41176e-07, 1.11048
5.40129e-07, 1.1205
5.39086e-07, 1.13078
5.38046e-07, 1.14134
5.37011e-07, 1.15217
5.3598e-07, 1.16328
5.34952e-07, 1.17466
5.33929e-07, 1.18631
5.32909e-07, 1.19824
5.31893e-07, 1.21044
5.30881e-07, 1.22291
5.29873e-07, 1.23566
5.28869e-07, 1.24868
5.27869e-07, 1.26196
5.26872e-07, 1.2755
5.25879e-07, 1.28931
5.2489e-07, 1.30337
5.23905e-07, 1.31768
5.22923e-07, 1.33223
5.21945e-07, 1.34701
5.20971e-07, 1.362
5.2e-07, 1.3772
5.19033e-07, 1.39258
5.18069e-07, 1.40814
5.17109e-07, 1.42385
5.16153e-07, 1.43968
5.152e-07, 1.45562
5.14251e-07, 1.47163
5.13305e-07, 1.48769
5.12362e-07, 1.50377
5.11423e-07, 1.51984
5.10488e-07, 1.53586
5.09556e-07, 1.5518
5.08627e-07, 1.56763
5.07702e-07, 1.58331
5.0678e-07, 1.5988
5.05861e-07, 1.61407
5.04946e-07, 1.62908
5.04034e-07, 1.64379
5.03125e-07, 1.65817
5.0222e-07, 1.67217
5.01317e-07, 1.68577
5.00418e-07, 1.69894
4.99523e-07, 1.71163
4.9863e-07, 1.72382
4.97741e-07, 1.73548
4.96855e-07, 1.74658
4.95972e-07, 1.75709
4.95092e-07, 1.76701
4.94215e-07, 1.7763
4.93341e-07, 1.78495
4.92471e-07, 1.79296
4.91603e-07, 1.8003
4.90739e-07, 1.80699
4.89877e-07, 1.81301
4.89019e-07, 1.81836
4.88163e-07, 1.82307
4.87311e-07, 1.82712
4.86461e-07, 1.83054
4.85615e-07, 1.83333
4.84771e-07, 1.83552
4.83931e-07, 1.83712
4.83093e-07, 1.83815
4.82258e-07, 1.83864
4.81426e-07, 1.83859
4.80597e-07, 1.83805
4.79771e-07, 1.83703
4.78947e-07, 1.83555
4.78127e-07, 1.83363
4.77309e-07, 1.83131
4.76494e-07, 1.8286
4.75682e-07, 1.82553
4.74872e-07, 1.82212
4.74066e-07, 1.81838
4.73262e-07, 1.81435
4.7246e-07, 1.81005
4.71662e-07, 1.80549
4.70866e-07, 1.80069
4.70073e-07, 1.79568
4.69283e-07, 1.79048
4.68495e-07, 1.7851
4.67709e-07, 1.77956
4.66927e-07, 1.77388
4.66147e-07, 1.76808
4.6537e-07, 1.76217
4.64595e-07, 1.75617
4.63823e-07, 1.75009
4.63053e-07, 1.74394
4.62286e-07, 1.73774
4.61521e-07, 1.7315
4.60759e-07, 1.72522
4.6e-07, 1.71892
4.59243e-07, 1.7126
4.58488e-07, 1.70628
4.57736e-07, 1.69995
4.56987e-07, 1.69363
4.5624e-07, 1.68732
4.55495e-07, 1.68103
4.54753e-07, 1.67476
4.54013e-07, 1.66852
4.53276e-07, 1.66231
4.52541e-07, 1.65614
4.51808e-07, 1.65001
4.51078e-07, 1.64394
4.5035e-07, 1.63791
4.49624e-07, 1.63195
4.48901e-07, 1.62604
4.4818e-07, 1.62021
4.47461e-07, 1.61444
4.46745e-07, 1.60874
4.46031e-07, 1.60312
4.45319e-07, 1.59757
4.4461e-07, 1.59211
4.43902e-07, 1.58672
4.43197e-07, 1.58142
4.42495e-07, 1.5762
4.41794e-07, 1.57106
4.41096e-07, 1.566
4.404e-07, 1.56103
4.39706e-07, 1.55614
4.39014e-07, 1.55133
4.38325e-07, 1.54661
4.37637e-07, 1.54197
4.36952e-07, 1.53742
4.36269e-07, 1.53296
4.35588e-07, 1.52859
4.34909e-07, 1.52431
4.34232e-07, 1.52013
4.33558e-07, 1.51604
4.32885e-07, 1.51204
4.32215e-07, 1.50815
4.31546e-07, 1.50436
4.3088e-07, 1.50067
4.30216e-07, 1.49708
4.29554e-07, 1.49359
4.28893e-07, 1.4902
4.28235e-07, 1.48692
4.27579e-07, 1.48375
4.26925e-07, 1.48067
4.26273e-07, 1.4777
4.25623e-07, 1.47483
4.24975e-07, 1.47206
4.24328e-07, 1.4694
4.23684e-07, 1.46684
4.23042e-07, 1.46438
4.22402e-07, 1.46203
4.21763e-07, 1.45978
4.21127e-07, 1.45765
4.20492e-07, 1.45563
4.1986e-07, 1.45372
4.19229e-07, 1.45193
4.186e-07, 1.45026
4.17973e-07, 1.44871
4.17348e-07, 1.44729
4.16725e-07, 1.44599
4.16103e-07, 1.44483
4.15484e-07, 1.4438
4.14866e-07, 1.4429
4.1425e-07, 1.44214
4.13636e-07, 1.44152
4.13024e-07, 1.44103
4.12414e-07, 1.44069
4.11805e-07, 1.44049
4.11198e-07, 1.44044
4.10593e-07, 1.44053
4.0999e-07, 1.44077
4.09389e-07, 1.44117
4.08789e-07, 1.44172
4.08191e-07, 1.44243
4.07595e-07, 1.44331
4.07e-07, 1.44437
4.06408e-07, 1.4456
4.05817e-07, 1.44702
4.05227e-07, 1.44863
4.0464e-07, 1.45044
4.04054e-07, 1.45246
4.0347e-07, 1.4547
4.02887e-07, 1.45716
4.02307e-07, 1.45984
4.01727e-07, 1.46277
4.0115e-07, 1.46594
4.00574e-07, 1.46935
4e-07, 1.47303