149896229000000 3.51287e+12 -1.31583e+12
1.66911e+14 3.57548e+12 -1.45356e+12
1.83925e+14 3.64395e+12 -1.5877e+12
2.0094e+14 3.71804e+12 -1.71795e+12
2.17954e+14 3.79749e+12 -1.84405e+12
2.34968e+14 3.88202e+12 -1.96573e+12
2.51983e+14 3.97133e+12 -2.08278e+12
2.68997e+14 4.06512e+12 -2.19498e+12
286011675656451 4.16309e+12 -2.30214e+12
3.03026e+14 4.26492e+12 -2.40411e+12
3.20041e+14 4.37027e+12 -2.50075e+12
3.37055e+14 4.47882e+12 -2.59194e+12
3.54069e+14 4.59025e+12 -2.67759e+12
3.71084e+14 4.70423e+12 -2.75762e+12
3.88098e+14 4.82042e+12 -2.83199e+12
4.05113e+14 4.9385e+12 -2.90067e+12
4.22127e+14 5.05816e+12 -2.96365e+12
4.39142e+14 5.17908e+12 -3.02095e+12
4.56156e+14 5.30096e+12 -3.0726e+12
4.7317e+14 5.42349e+12 -3.11864e+12
4.90185e+14 5.5464e+12 -3.15914e+12
5.07199e+14 5.6694e+12 -3.19419e+12
5.24214e+14 5.79222e+12 -3.22387e+12
5.41228e+14 5.91462e+12 -3.2483e+12
5.58243e+14 6.03635e+12 -3.2676e+12
5.75257e+14 6.15718e+12 -3.28189e+12
5.92271e+14 6.2769e+12 -3.29133e+12
6.09286e+14 6.3953e+12 -3.29605e+12
6.263e+14 6.51219e+12 -3.29622e+12
643314723129635 6.62741e+12 -3.292e+12
6.60329e+14 6.74079e+12 -3.28356e+12
6.77344e+14 6.85217e+12 -3.27106e+12
694358015625804 6.96143e+12 -3.25469e+12
7.11372e+14 7.06845e+12 -3.23462e+12
7.28387e+14 7.1731e+12 -3.21103e+12
7.45401e+14 7.2753e+12 -3.1841e+12
7.62416e+14 7.37496e+12 -3.15401e+12
7.7943e+14 7.47201e+12 -3.12093e+12
7.96445e+14 7.56638e+12 -3.08505e+12
8.13459e+14 7.65803e+12 -3.04654e+12
8.30473e+14 7.7469e+12 -3.00556e+12
8.47488e+14 7.83296e+12 -2962291056195
8.64502e+14 7.9162e+12 -2.9169e+12
8.81517e+14 7.9966e+12 -2.86953e+12
8.98531e+14 8.07414e+12 -2.82036e+12
9.15546e+14 8.14883e+12 -2.76954e+12
9.3256e+14 8.22068e+12 -2.7172e+12
9.49574e+14 8.2897e+12 -2.6635e+12
966588908938706 8.3559e+12 -2.60857e+12
9.83603e+14 8.41932e+12 -2.55254e+12
1.00062e+15 8.47997e+12 -2.49555e+12
1.01763e+15 8.5379e+12 -2.43771e+12
1.03465e+15 8.59315e+12 -2.37914e+12
1051661063098988 8.64575e+12 -2.31996e+12
1.06868e+15 8.69575e+12 -2.26026e+12
1.08569e+15 8.74319e+12 -2.20015e+12
1.1027e+15 8.78813e+12 -2.13973e+12
1.11972e+15 8.83063e+12 -2.07909e+12
1.13673e+15 8.87072e+12 -2.01831e+12
1153747648091326 8.90848e+12 -1.95747e+12
1.17076e+15 8.94395e+12 -1.89665e+12
1187776509755439 8.9772e+12 -1.83593e+12
1.20479e+15 9.00828e+12 -1.77536e+12
1.22181e+15 9.03725e+12 -1.71502e+12
1238819802251608 9.06418e+12 -1.65496e+12
1.25583e+15 9.08912e+12 -1.59523e+12
1272848663915721 9.11213e+12 -1.53589e+12
1289863094747777 9.13328e+12 -1.47699e+12
1.30688e+15 9.15262e+12 -1.41856e+12
1.32389e+15 9.17021e+12 -1.36065e+12
1.34091e+15 9.18611e+12 -1.30329e+12
1.35792e+15 9.20038e+12 -1.24653e+12
1374935248908059 9.21308e+12 -1.19038e+12
1.39195e+15 9.22426e+12 -1.13487e+12
1.40896e+15 9.23397e+12 -1.08004e+12
1.42598e+15 9.24228e+12 -1.0259e+12
1.44299e+15 9.24923e+12 -9.72476e+11
1.46001e+15 9.25489e+12 -9.19784e+11
1.47702e+15 9.25929e+12 -8.67839e+11
1.49404e+15 9.26249e+12 -8.16655e+11
1511050695564510 9.26453e+12 -7.66245e+11
