149896229000000 1.27707e+12 -1.96849e+11
1.66911e+14 1.42203e+12 -2.19193e+11
1.83925e+14 1.56699e+12 -2.41537e+11
2.0094e+14 1.71195e+12 -2.63881e+11
2.17954e+14 1.85691e+12 -2.86225e+11
2.34968e+14 2.00186e+12 -3.08569e+11
2.51983e+14 2.14682e+12 -3.30913e+11
2.68997e+14 2.29178e+12 -3.53257e+11
286011675656451 2.43674e+12 -3.75601e+11
3.03026e+14 2.5817e+12 -3.97945e+11
3.20041e+14 2.72665e+12 -4.20289e+11
3.37055e+14 2.87161e+12 -4.42633e+11
3.54069e+14 3.01657e+12 -4.64977e+11
3.71084e+14 3.16153e+12 -4.87321e+11
3.88098e+14 3.30649e+12 -5.09665e+11
4.05113e+14 3.45145e+12 -5.32009e+11
4.22127e+14 3.5964e+12 -5.54353e+11
4.39142e+14 3.74136e+12 -5.76697e+11
4.56156e+14 3.88632e+12 -5.99041e+11
4.7317e+14 4.03128e+12 -6.21385e+11
4.90185e+14 4.17624e+12 -6.43729e+11
5.07199e+14 4.32119e+12 -6.66073e+11
5.24214e+14 4.46615e+12 -6.88417e+11
5.41228e+14 4.61111e+12 -7.10761e+11
5.58243e+14 4.75607e+12 -7.33105e+11
5.75257e+14 4.90103e+12 -7.55449e+11
5.92271e+14 5.04599e+12 -7.77793e+11
6.09286e+14 5.19094e+12 -8.00137e+11
6.263e+14 5.3359e+12 -8.22481e+11
643314723129635 5.48086e+12 -8.44825e+11
6.60329e+14 5.62582e+12 -8.67169e+11
6.77344e+14 5.77078e+12 -8.89513e+11
694358015625804 5.91573e+12 -9.11857e+11
7.11372e+14 6.06069e+12 -9.34201e+11
7.28387e+14 6.20565e+12 -9.56545e+11
7.45401e+14 6.35061e+12 -9.78889e+11
7.62416e+14 6.49557e+12 -1.00123e+12
7.7943e+14 6.64052e+12 -1.02358e+12
7.96445e+14 6.78548e+12 -1.04592e+12
8.13459e+14 6.93044e+12 -1.06826e+12
8.30473e+14 7.0754e+12 -1.09061e+12
8.47488e+14 7.22036e+12 -1.11295e+12
8.64502e+14 7.36532e+12 -1.1353e+12
8.81517e+14 7.51027e+12 -1.15764e+12
8.98531e+14 7.65523e+12 -1.17998e+12
9.15546e+14 7.80019e+12 -1.20233e+12
9.3256e+14 7.94515e+12 -1.22467e+12
9.49574e+14 8.09011e+12 -1.24702e+12
966588908938706 8.23506e+12 -1.26936e+12
9.83603e+14 8.38002e+12 -1.2917e+12
1.00062e+15 8.52498e+12 -1.31405e+12
1.01763e+15 8.66994e+12 -1.33639e+12
1.03465e+15 8.8149e+12 -1.35874e+12
1051661063098988 8.95985e+12 -1.38108e+12
1.06868e+15 9.10481e+12 -1.40342e+12
1.08569e+15 9.24977e+12 -1.42577e+12
1.1027e+15 9.39473e+12 -1.44811e+12
1.11972e+15 9.53969e+12 -1.47046e+12
1.13673e+15 9.68465e+12 -1.4928e+12
1153747648091326 9.8296e+12 -1.51514e+12
1.17076e+15 9.97456e+12 -1.53749e+12
1187776509755439 1.01195e+13 -1.55983e+12
1.20479e+15 1.02645e+13 -1.58218e+12
1.22181e+15 1.04094e+13 -1.60452e+12
1238819802251608 1.05544e+13 -1.62686e+12
1.25583e+15 1.06994e+13 -1.64921e+12
1272848663915721 1.08443e+13 -1.67155e+12
1289863094747777 1.09893e+13 -1.6939e+12
1.30688e+15 1.11342e+13 -1.71624e+12
1.32389e+15 1.12792e+13 -1.73858e+12
1.34091e+15 1.14241e+13 -1.76093e+12
1.35792e+15 1.15691e+13 -1.78327e+12
1374935248908059 1.17141e+13 -1.80562e+12
1.39195e+15 1.1859e+13 -1.82796e+12
1.40896e+15 1.2004e+13 -1.8503e+12
1.42598e+15 1.21489e+13 -1.87265e+12
1.44299e+15 1.22939e+13 -1.89499e+12
1.46001e+15 1.24389e+13 -1.91734e+12
1.47702e+15 1.25838e+13 -1.93968e+12
1.49404e+15 1.27288e+13 -1.96202e+12
1511050695564510 1.28737e+13 -1.98437e+12
