1.000000000000000000e+00
9.998170446163463509e-01
9.988807265139243441e-01
9.943202736390128749e-01
7.896668748235833452e-03
4.225295331602691058e-03
7.028586634485708626e-03
5.135492813875108808e-02
1.000000000000000000e+00
9.749602085664065276e-01
9.766321233250958578e-01
9.985959052421975457e-01
9.987470718950831605e-01
1.000000000000000000e+00
1.000000000000000000e+00
1.000000000000000000e+00
1.000000000000000000e+00
1.000000000000000000e+00
1.000000000000000000e+00
1.000000000000000000e+00
1.000000000000000000e+00
1.000000000000000000e+00
1.000000000000000000e+00
1.000000000000000000e+00
1.000000000000000000e+00
1.000000000000000000e+00
1.000000000000000000e+00
9.982799871260763513e-01
9.996057784674035052e-01
5.978822537127859160e-01
0.000000000000000000e+00
0.000000000000000000e+00
2.127094067422053997e-03
9.913381083964568630e-01
1.000000000000000000e+00
1.000000000000000000e+00
9.999165058929881944e-01
1.000000000000000000e+00
1.000000000000000000e+00
1.000000000000000000e+00
1.000000000000000000e+00
1.000000000000000000e+00
1.000000000000000000e+00
1.000000000000000000e+00
1.000000000000000000e+00
1.000000000000000000e+00
1.000000000000000000e+00
1.000000000000000000e+00
1.000000000000000000e+00
1.000000000000000000e+00
1.000000000000000000e+00
9.971676094275556679e-01
1.000000000000000000e+00
9.957695067484439999e-01
9.758617533213785888e-01
0.000000000000000000e+00
0.000000000000000000e+00
0.000000000000000000e+00
7.197872148679743676e-01
1.000000000000000000e+00
1.000000000000000000e+00
1.000000000000000000e+00
1.000000000000000000e+00
1.000000000000000000e+00
1.000000000000000000e+00
1.000000000000000000e+00
1.000000000000000000e+00
1.000000000000000000e+00
1.000000000000000000e+00
1.000000000000000000e+00
1.000000000000000000e+00
1.000000000000000000e+00
1.000000000000000000e+00
1.000000000000000000e+00
1.000000000000000000e+00
1.000000000000000000e+00
9.968718435982176773e-01
9.308701659467857326e-01
1.000000000000000000e+00
9.636412900672233217e-01
4.761899220676962807e-02
0.000000000000000000e+00
0.000000000000000000e+00
0.000000000000000000e+00
1.000000000000000000e+00
1.000000000000000000e+00
1.000000000000000000e+00
9.995728227724645087e-01
9.984716131578694753e-01
1.000000000000000000e+00
1.000000000000000000e+00
9.969312374640227903e-01
1.000000000000000000e+00
1.000000000000000000e+00
1.000000000000000000e+00
1.000000000000000000e+00
1.000000000000000000e+00
1.000000000000000000e+00
1.000000000000000000e+00
1.000000000000000000e+00
1.000000000000000000e+00
9.875722632520700373e-01
7.914942773937951870e-01
5.590260323105836031e-03
9.933717097347799507e-01
1.940727216907917607e-01
1.843672434402189543e-03
2.736208054009346864e-03
0.000000000000000000e+00
8.445416741516813541e-01
1.000000000000000000e+00
9.945986960996688886e-01
9.975456894162687549e-01
9.977179490230214665e-01
9.990462986848327454e-01
1.000000000000000000e+00
1.000000000000000000e+00
9.944510452234908149e-01
9.936266454914303159e-01
1.000000000000000000e+00
1.000000000000000000e+00
1.000000000000000000e+00
1.000000000000000000e+00
1.000000000000000000e+00
1.000000000000000000e+00
9.666489187373208392e-01
7.861427501271615048e-01
2.845931977128085891e-02
1.730930367630538686e-04
0.000000000000000000e+00
9.923698705418202426e-01
1.287393497041525864e-02
9.633131432584651332e-04
4.018413442803639326e-04
0.000000000000000000e+00
1.000000000000000000e+00
9.935723125503022057e-01
9.960444966930551702e-01
1.000000000000000000e+00
9.988039544750182408e-01
1.000000000000000000e+00
1.000000000000000000e+00
1.000000000000000000e+00
9.907567642956447429e-01
9.815524525495618047e-01
9.903272643725682389e-01
1.000000000000000000e+00
1.000000000000000000e+00
9.998720057410237505e-01
9.840224825967271993e-01
9.105621395683659580e-01
5.988653845471160996e-03
0.000000000000000000e+00
0.000000000000000000e+00
0.000000000000000000e+00
0.000000000000000000e+00
1.507630635296603461e-01
1.672941202433634797e-03
0.000000000000000000e+00
0.000000000000000000e+00
5.696420061335523144e-01
9.998529683244812283e-01
9.964902436632839811e-01
9.929605512936250378e-01
1.000000000000000000e+00
1.000000000000000000e+00
1.000000000000000000e+00
1.000000000000000000e+00
9.952911252763778638e-01
9.255388824844462681e-01
9.002497295954059453e-01
9.738919877828514648e-01
9.982523577602648857e-01
9.891836629031212080e-01
8.633801347071908827e-01
4.741074864915407749e-01
0.000000000000000000e+00
0.000000000000000000e+00
0.000000000000000000e+00
0.000000000000000000e+00
0.000000000000000000e+00
6.406300266768881263e-04
6.295580810062123556e-02
0.000000000000000000e+00
0.000000000000000000e+00
1.276705426199728445e-03
1.000000000000000000e+00
1.000000000000000000e+00
1.000000000000000000e+00
9.982201216841571911e-01
1.000000000000000000e+00
9.997370914781082973e-01
1.000000000000000000e+00
9.997337532808812099e-01
9.724425037232615754e-01
8.508372426459868132e-01
1.318298853871780474e-01
3.051515139788776310e-01
3.024731286698784660e-01
1.284519540979863206e-01
5.399014233381926875e-02
0.000000000000000000e+00
0.000000000000000000e+00
0.000000000000000000e+00
0.000000000000000000e+00
2.276832805568693684e-03
9.215949591015903941e-02
1.330006774422730076e-01
9.600666377744468960e-01
0.000000000000000000e+00
1.609976732702344919e-03
2.578226741194304950e-01
1.000000000000000000e+00
9.827037716315885074e-01
9.927271430641576577e-01
9.940576164298244866e-01
9.907639751692860486e-01
9.897911327388208003e-01
9.998394721314668443e-01
9.842679246913095259e-01
9.486019262957072762e-01
4.020927257261797116e-01
1.755595021908578357e-01
2.012743309082216936e-02
0.000000000000000000e+00
0.000000000000000000e+00
0.000000000000000000e+00
0.000000000000000000e+00
0.000000000000000000e+00
0.000000000000000000e+00
0.000000000000000000e+00
9.788210947743062329e-01
9.810056149317399887e-01
9.386633332109391992e-01
9.714510684272834595e-01
0.000000000000000000e+00
8.077154181936172309e-03
9.797290731705764477e-01
9.975851948339402586e-01
9.763241820008339289e-01
9.551630144423696178e-01
9.602706342243491067e-01
9.685526534210885385e-01
9.467048645401847651e-01
8.112210942914902523e-01
8.357414862093400787e-01
8.878460240616796728e-01
2.606672243522041854e-01
1.127578661993626774e-01
7.055468504648101935e-02
0.000000000000000000e+00
0.000000000000000000e+00
0.000000000000000000e+00
0.000000000000000000e+00
0.000000000000000000e+00
0.000000000000000000e+00
9.673582241628547740e-01
9.993577242393644200e-01
9.802402473012813422e-01
9.607133768902809123e-01
9.604203275853656629e-01
1.042253530234846584e-02
1.254439833490648103e-02
9.779988985394469925e-01
9.954871777862190907e-01
9.638717072552809295e-01
9.153048465627069419e-01
9.003679543578708699e-01
8.927627352774285541e-01
2.406485586462203397e-01
2.567711655297390955e-02
4.832585097970538979e-02
4.919392104597532511e-01
5.824307619830206839e-01
5.269551862460408742e-01
4.232278332615347916e-01
1.634421919296780851e-02
2.371231283914138413e-03
1.167606527456363334e-02
1.974341270901970938e-02
1.576869749136201176e-02
9.024931740715769202e-02
9.925514050132970834e-01
9.659467756719982701e-01
9.500371333404404872e-01
7.718392324598635224e-01
9.525908375217300161e-01
9.517964442419921678e-01
1.717263117011848528e-01
9.867144425264642305e-01
9.632012813894375025e-01
9.467173726143971457e-01
8.750523503379314949e-01
9.158250502648499491e-01
8.058395884217837146e-01
3.968889105632147224e-02
0.000000000000000000e+00
1.687587397853912430e-02
1.140714091062458302e-01
3.770749887659450295e-01
8.185757665562835017e-01
9.007721464768438935e-01
8.380820745736088373e-01
3.608358692023902470e-01
5.145210670247566398e-01
1.587851899231577657e-01
1.916923594225032335e-01
4.690083936299901946e-02
1.680385692407393092e-02
4.847024611619461798e-02
6.528837977397100589e-02
3.466698650227720974e-02
8.992325294826193360e-01
9.337118241376367589e-01
9.252764971169942232e-01
9.683965973459149890e-01
6.388278704189354062e-01
4.655515118853951195e-01
7.789100167363437466e-01
9.055599426305767086e-01
9.331308893094347745e-01
1.006852941130242479e-04
1.756311827674245530e-03
1.678387882832634709e-02
9.111175543441993319e-02
5.002585031393140813e-01
9.476481326426532403e-01
9.843241935747277793e-01
1.000000000000000000e+00
9.564467748350948817e-01
8.999875035802611389e-01
7.360042877384516125e-01
2.264173109392342287e-01
8.271648765117767255e-03
0.000000000000000000e+00
2.392243299538008119e-04
0.000000000000000000e+00
8.098670133954731509e-03
8.505638473825629653e-01
9.136520764453407439e-01
9.381563688775071963e-01
5.526664369517153563e-01
6.775389539947940243e-02
4.945049871212646442e-02
5.644656968690855425e-01
9.208685520479601427e-01
9.593351602572582904e-01
5.207359869371014360e-01
2.839753357277952084e-02
1.471233222177227573e-02
6.599995960528864947e-02
4.578138414534019818e-01
8.978653358642387783e-01
9.756846995431780467e-01
9.948550406472966845e-01
7.573191504175804667e-01
9.002668034058893820e-01
3.980369264649684657e-01
1.113246307194440954e-01
2.567627366053220478e-02
0.000000000000000000e+00
0.000000000000000000e+00
5.224170877679831793e-03
3.047662188114910395e-03
4.692867372383631164e-01
9.776721444717461074e-01
9.677317240174676538e-01
7.612877745024307363e-02
7.534970813754160619e-03
2.029191435225231183e-02
3.022632962483496333e-01
9.654624366735404806e-01
9.727313760688998112e-01
9.914760579570732757e-01
1.084356155950243344e-01
3.151071126857614424e-02
3.221611478936644429e-02
1.950677634851217812e-01
8.345020063308901115e-01
9.368637765723432098e-01
6.270667771367841592e-01
6.172568916485840496e-02
1.541261473315253538e-01
5.206370626335797835e-01
1.026656935941138854e-01
3.320990028454248039e-02
3.021316045687512603e-04
0.000000000000000000e+00
6.031734358438622934e-03
4.791745241206194807e-03
2.837270581927590629e-01
9.889614768213035312e-01
9.803153323314366396e-01
9.985031578049498313e-02
1.269154079359694366e-03
5.120470920302436051e-03
1.625777017685946513e-01
9.337234890106690388e-01
9.737489431156354236e-01
9.923280035599213456e-01
1.231834708338926665e-01
2.252508015101596997e-02
3.017194259114461957e-02
1.772641480458571339e-01
5.948341201708753356e-01
4.270633516787979145e-02
9.088070901821992259e-03
1.986185055524350429e-02
4.930894918349096323e-02
1.916432502249846848e-01
5.145784968167601559e-01
1.340362059746578183e-01
3.563940043620224957e-02
1.440035661563779336e-04
3.852521579634470873e-03
2.927298982563727916e-03
2.840955842308517942e-01
9.931139539517481740e-01
9.653864374022683714e-01
5.433999601551015024e-01
2.267976864891966691e-04
1.153449791407816635e-03
6.158602826260011626e-02
8.917775728146524195e-01
9.667619522992392245e-01
9.958924760040359647e-01
8.657032430011873947e-02
2.418180558836798694e-02
3.389125975950389724e-02
1.892588428113470000e-01
5.350510433283800493e-01
3.459895144888316953e-02
3.414642648915051752e-03
1.902720624325528187e-02
1.725226086761398603e-02
1.363834773494555785e-01
8.250067391064274114e-01
9.151150190417034480e-01
9.743161650299472232e-01
5.179062563648727524e-01
6.700522833104264331e-01
3.188550198067541253e-02
3.698837253452254004e-01
9.904759943507034370e-01
9.756140040484053699e-01
8.731985299221425301e-01
2.159821190139536631e-03
0.000000000000000000e+00
2.881694253524006571e-02
8.747782227349512052e-01
9.513513898198473484e-01
9.872083873586796621e-01
1.076140815591054289e-01
3.956847253617844923e-02
2.396664469485700749e-02
5.051025017734993572e-01
8.757011955595558339e-01
7.134858343968851491e-02
0.000000000000000000e+00
1.916536544073691849e-03
1.496189224006117327e-02
5.640824764276042291e-02
8.968681508738264307e-01
9.689700954443396519e-01
9.950367113988963785e-01
1.000000000000000000e+00
9.997544723365453523e-01
9.124396479304799357e-01
2.890793227311033164e-01
9.885475018379138445e-01
9.713951071974611384e-01
9.435126893679397497e-01
1.185186853580707904e-02
3.050385439238826376e-03
2.878106361370479094e-02
7.936907000352204644e-01
9.406855949113052118e-01
9.438658170818802207e-01
3.594095548569079673e-02
3.395332491749099985e-02
1.375666723876998489e-02
6.751267523397481707e-01
9.031610801035039326e-01
3.570820714949428654e-01
4.214023873994764482e-03
1.302934533409909681e-02
2.805361355624407665e-02
3.306849005800764629e-02
9.298344079541003282e-01
9.644543959920761633e-01
9.817078018867624323e-01
1.000000000000000000e+00
9.969088279455510238e-01
2.838797380346687604e-01
4.615144382462962325e-01
9.710289148624389188e-01
9.729595513362788717e-01
9.534567347404048210e-01
2.576633066565790081e-02
6.051463065284016889e-03
5.426174334355352014e-02
8.792319392431815483e-01
9.332955456109458536e-01
1.824936785447000553e-01
1.897716606394671962e-02
2.122076022751111235e-02
2.997916517913172627e-03
5.701211912502204271e-01
9.702117043524430828e-01
8.683503289033228656e-01
5.855567402372399005e-02
2.551904482035127417e-02
3.137263796769371171e-02
1.092191112896406524e-01
9.564590843529330311e-01
9.838125662906859192e-01
9.971257504263038030e-01
1.000000000000000000e+00
8.907267880017648576e-01
0.000000000000000000e+00
2.065717909240866179e-01
9.677511459313297149e-01
9.812827041609755163e-01
9.752857185758212477e-01
1.209003134492234316e-01
3.574510682735836109e-02
1.498705344324889610e-01
8.731725471013138673e-01
9.042383721007549724e-01
9.657148682970581599e-02
5.574893716668888333e-03
6.884992204900582276e-05
1.548705745328970984e-02
2.551967226336928629e-01
9.672721534143066124e-01
9.518595986531124264e-01
6.653485022536669291e-01
7.707016583629913153e-01
3.941538860149509937e-01
1.132169979105185909e-01
9.716400848836312387e-02
9.658064692210237556e-01
1.000000000000000000e+00
9.995143433102111619e-01
7.079170438742181659e-01
0.000000000000000000e+00
1.232921755641666339e-01
9.753509967323191754e-01
9.844246534724037101e-01
9.845216063952290098e-01
9.605032104868438392e-01
6.680277010184914044e-01
9.801878782963329151e-01
9.155173081835070725e-01
8.677286225957091537e-01
2.731451156153794774e-02
7.360422673989591713e-03
7.198879879642548080e-03
2.324415825574979028e-02
2.644734584566467150e-01
9.579392656263711059e-01
9.089342872556513964e-01
7.217297520000488520e-01
9.663203022894045757e-01
9.009790043893524114e-01
8.941800971542791798e-02
2.827283578487242016e-02
2.956338747184485138e-02
8.607653918124306136e-01
9.786600460385408429e-01
2.267498485898920557e-01
8.681387269637986029e-03
7.012483840000232060e-01
9.318455774020409921e-01
9.692871056659313478e-01
9.587249100577736050e-01
9.731736037089990798e-01
9.860287104073980347e-01
9.647882715501485684e-01
9.365381299447392838e-01
9.033612089024324332e-01
5.913372131356223194e-02
3.009124862523255770e-02
4.014093068752528498e-02
8.748995323434297089e-02
5.916903709156087210e-01
9.115220065034328467e-01
2.579830681994506048e-01
2.572077550156723347e-01
8.536867409937757278e-01
3.256642657792429008e-01
3.253290766583472743e-02
4.579799414369128269e-03
4.956978613994616339e-03
2.780488730639837230e-02
2.594214331085213376e-01
4.519716784417666944e-02
1.267861217006129894e-02
9.435927841303800578e-01
9.782007594396524564e-01
6.293069901799814847e-01
9.595369653415730671e-01
9.692806490787267970e-01
9.669770122039049731e-01
9.633759928929054306e-01
9.670550321677164884e-01
4.108729412267874137e-01
4.387703804451177636e-02
5.222311105209161142e-02
4.534606275942269504e-01
5.200782512949405634e-01
9.112165537080009203e-01
7.397646191373004054e-01
7.028006995003452384e-02
6.286115297211332387e-02
9.781693684713552162e-02
5.700181240255902670e-02
2.792870209468053394e-02
0.000000000000000000e+00
0.000000000000000000e+00
1.148321801762586768e-02
1.034357887866965697e-01
8.084759682516828860e-02
5.029410037780475407e-02
9.743488381141391930e-01
3.421775838610667808e-01
1.522771947561573636e-01
8.747855243832154404e-01
9.434762798077267476e-01
9.851466110998192693e-01
9.701291667655425055e-01
9.386499444208717957e-01
3.447312658807388797e-01
3.305091485765791065e-02
5.248253057262671634e-02
8.151191959955930155e-01
8.863613115961948008e-01
8.361201676573178920e-01
1.004257266666526427e-01
2.998713914112714415e-02
4.370697177577832770e-02
6.626652966593100935e-02
3.147928729462989850e-02
1.359774524704828250e-02
2.061713058777173407e-03
6.881154921486644371e-03
1.987656657008878350e-02
7.985867475904712132e-02
8.688633507553585045e-02
5.179763257025957190e-02
9.626171811592083571e-01
7.847046695036613562e-01
9.594217004316992758e-01
8.837432053258396092e-01
9.619374268331108979e-01
9.762317082598385154e-01
9.900222991904967795e-01
9.296077647306439928e-01
9.230620049226917478e-01
2.647656194779273164e-01
9.046897152658355257e-01
8.656265451317732840e-01
9.356599045319107244e-01
2.268684573782578651e-01
5.828695940149314358e-02
3.842044491075725932e-02
1.013225585928221317e-01
1.903499825934665823e-01
6.021555380690513104e-02
3.453334669964745751e-02
4.484766617765190838e-03
1.779959653835917407e-02
9.930072246202809039e-02
2.528477928174409084e-01
9.361016663087386169e-02
5.313613653044500090e-02
9.724710618684346830e-01
9.821757598662206323e-01
9.714167869126739685e-01
9.504346104160739106e-01
9.622131408462376578e-01
9.793102148405137264e-01
8.916765398699115774e-01
9.405809553462485262e-01
9.409539503109627390e-01
9.806760645740990601e-01
9.359368684015534345e-01
3.563667026049588960e-01
7.754063933623656091e-01
1.774874201177925326e-01
1.899922700206915088e-02
2.057314306925399350e-01
9.527207422321295471e-01
9.326818741955538172e-01
1.351578438565666507e-01
8.780633179651028963e-02
2.332802963567030125e-02
1.063145968374685918e-01
5.475999010135255141e-01
7.175545647717047615e-01
6.908238956824852561e-02
5.135030700289031080e-02
9.638753294617188327e-01
9.782410363219511407e-01
9.607311252547947600e-01
9.421248037209333237e-01
8.957966968626092097e-01
7.097185138258705894e-01
5.482997177090300767e-01
7.625442271376039471e-01
9.431426308973145378e-01
9.205906338545505330e-01
7.823035143043062245e-01
2.396908336932449535e-01
6.837231390764983985e-01
7.986462407548233777e-02
2.447461691001309170e-01
8.077376036727687003e-01
9.592107103565821191e-01
9.112635387876020232e-01
9.440427667034203552e-01
5.737135639103112528e-01
2.511224358934483480e-01
8.300702406362212571e-01
9.426831266193188563e-01
7.255175366984232266e-01
5.607239432119745515e-02
5.005164953757104684e-02
9.647068780118512876e-01
9.784514864565478920e-01
9.647245482886797063e-01
9.562577567678097745e-01
7.853653323660259034e-01
2.319995997569943846e-01
9.084570067623448653e-02
3.017216962963950033e-01
9.040151863009862065e-01
9.040230179749988437e-01
8.862519489185104460e-01
7.564378595825151930e-01
2.868626258616296387e-01
1.105930054095602827e-01
4.944693568150251295e-01
9.449252638248699654e-01
9.558157322729876615e-01
9.330671708320694702e-01
8.952146736135455640e-01
9.529573748889362816e-01
9.440502836226281058e-01
9.751865502521182005e-01
9.536832954498177806e-01
9.064414734956216524e-02
2.510857769396494799e-02
2.470067698303103632e-02
9.419614733134660245e-01
9.656093176576159287e-01
9.728588542759458724e-01
9.751134354262436243e-01
5.655381606443441456e-01
3.576915157741406698e-02
6.435045973554068266e-02
2.479384736936618427e-01
8.802569363493539800e-01
8.254011956128664007e-01
7.008714401445295117e-01
3.148345937938947792e-01
3.590677489523030896e-01
3.656098853559350825e-01
7.123533653480536021e-01
8.935054657291805480e-01
8.815741451147636187e-01
9.038929241350478483e-01
9.279815883440147850e-01
9.634827791368862915e-01
9.400142495661452102e-01
9.575689400740809987e-01
8.881852826753897645e-01
7.967317419139720303e-02
4.678240149129886394e-02
2.647910147151745150e-02
8.806917350627356811e-01
9.631787991858919984e-01
9.693284488386039177e-01
9.783739338139304520e-01
4.943544894320983651e-01
5.317746977229864669e-02
2.510503979771287753e-02
1.409907660196974277e-01
5.312550729380315362e-01
7.385404391238283850e-01
9.511160421200517412e-01
2.710182880961016227e-01
4.061089955785043282e-01
3.023739718157675282e-01
6.097028717907055917e-01
8.782638494253611761e-01
9.464244136094581705e-01
9.567874927981573352e-01
9.458163456956425463e-01
9.368921343514644562e-01
8.861283855727286607e-01
9.405840241673549817e-01
9.161594477053609520e-01
1.527621180463621386e-01
3.351440577907496138e-02
3.884214759625514990e-02
9.469377200899746772e-01
9.857380426556628938e-01
9.841996219953812464e-01
9.860750214690181537e-01
7.331459150298158534e-02
4.438997669519535727e-02
7.495081816498401495e-02
1.675686104527413511e-01
3.974803204462186157e-01
7.977877394838785996e-01
8.061453133327123322e-01
5.877684630280084477e-01
3.859450873636290913e-01
6.101628622054205975e-01
5.099055626223305548e-01
7.092657954842475077e-01
8.755417439763517606e-01
9.222583983447378841e-01
9.511648658290821068e-01
8.713012247240650154e-01
8.858693300651969693e-01
9.214387879450780527e-01
9.452443316702907605e-01
3.953434806053532924e-01
6.466074913041391925e-02
7.135221951163743526e-02
7.609539075170608236e-01
9.544209435590866875e-01
9.821176076299455993e-01
9.457825986395225204e-01
6.686959075516984985e-02
6.820298148160955365e-02
9.092062162034854345e-02
3.342719930917947835e-01
8.279154341172094700e-01
9.344686795648052824e-01
8.655347539527082912e-01
8.767984142392566405e-01
6.148895485000498429e-01
3.946857684153172174e-01
2.921434045057320072e-01
6.962093745217912133e-01
7.731574622911796535e-01
8.965401521728344481e-01
7.449319042152462433e-01
7.867084221323021875e-01
8.502964174904967809e-01
8.974472219719791255e-01
9.660216719094556481e-01
8.624976923772009751e-01
7.816625692522453928e-02
1.001313475501529882e-01
6.617451128585345455e-01
8.959042247095498901e-01
9.546307180479143284e-01
8.496225432797532839e-01
7.357339485360624154e-02
4.080145902061834556e-02
6.328671752449607779e-02
3.831885039619875588e-01
6.848282200398159159e-01
8.557575607243188553e-01
8.991702177742233459e-01
7.223880117789613919e-01
5.800374446716766164e-01
2.129594895161243673e-01
2.420671028345759423e-01
8.323482823074481729e-01
8.339770974444435936e-01
7.023156583088394633e-01
8.088273813500244103e-01
6.647088695915697176e-01
8.436338068748854280e-01
8.486200215159557247e-01
8.905858960135581981e-01
8.368352038953816852e-01
1.202379120809405622e-01
1.343743625896656191e-01
1.911659304346352006e-01
9.048993105510538815e-01
7.970807982408143477e-01
7.564452754184758376e-01
9.344187060354526564e-02
9.767250258195350754e-02
1.273061234291416877e-01
6.093157210976383187e-01
8.272912587551711772e-01
8.741635109177177121e-01
7.932221332301450101e-01
7.950044469654534707e-01
6.777951848070514762e-01
5.681670238056023559e-01
7.758555639130624293e-01
8.011422394479128517e-01
3.694036296349858528e-01
5.262924946335834075e-01
6.008047911792718798e-01
4.744016826837148537e-01
4.090468785605003710e-01
6.389826525056281348e-01
9.182952673696427315e-01
5.174553784612679896e-01
1.694772693535577524e-01
1.290630747770646902e-01
5.751514224276622622e-01
7.952130384404714203e-01
7.751074675469105113e-01
5.655753657356916708e-01
1.206191909048178051e-01
9.870552821437093838e-02
1.283086814525873365e-01
5.903133294424653954e-01
9.236282940641273864e-01
6.039637086582910763e-01
6.124955746892815078e-01
7.436847169663990398e-01
7.388691696402074349e-01
7.045901437837793768e-01
8.520730436464942770e-01
3.933940687788419766e-01
1.832312924146399791e-01
2.838256235224563828e-01
1.696937418053657831e-01
1.128418978622484359e-01
1.210248963778207676e-01
1.303279298163536049e-01
1.606706929297997410e-01
2.985366235048679817e-01
1.943907462487556304e-01
1.114651275127339081e-01
7.362547028913595248e-01
6.291722720281998082e-01
3.368719490259940441e-01
1.098960171285271181e-01
1.378964644154370423e-01
1.531560621188856053e-01
2.532305310697656742e-01
8.007251198451589280e-01
9.293733643194875826e-01
3.658493967054602392e-01
4.836095116686887074e-01
6.855215413393527246e-01
8.450273501765492856e-01
7.163818076857149109e-01
6.194601767712988316e-01
5.578110606108686031e-01
8.146938596617869788e-01
6.410976028994488374e-01
2.568754015286495718e-01
1.166014289981079366e-01
1.058408001874643761e-01
1.169315103636724834e-01
1.267983845481578387e-01
2.267273199043901566e-01
2.700716524444331523e-01
2.689864374551483861e-01
2.639470602670208055e-01
6.571485218516861515e-01
1.559615155145626375e-01
1.075917004319531800e-01
2.522593720786810989e-01
2.144996568145974281e-01
8.702049738635607712e-01
8.601858054502353745e-01
9.316260185303145702e-01
2.277650695280176718e-01
7.212752649394047477e-01
2.716583668768255411e-01
5.271493154592465924e-01
5.058704156823607967e-01
8.607330554418224366e-01
9.722070275999010747e-01
8.881677373264966757e-01
4.531345406201312542e-01
2.103079171305495543e-01
1.500773716248804401e-01
9.951641200808931942e-02
1.576626954335429986e-01
4.712152484712807121e-01
8.378218995311685902e-01
8.081641910585024569e-01
5.743653495404181797e-01
8.514073476532189044e-01
5.423672421351730666e-01
1.177271509862669041e-01
1.169764562959961091e-01
1.955672664986664311e-01
3.028052851599030149e-01
8.230595059565772864e-01
7.918754793802992298e-01
8.569992590052233350e-01
1.688668254832193794e-01
3.207469340760337184e-01
5.387131625292844728e-01
6.570060791629463992e-01
8.020534463781288093e-01
9.084108477732157905e-01
9.327058761980818735e-01
9.021010034172910474e-01
8.274633597399660978e-01
7.727257329407308806e-01
4.291071533731796728e-01
2.672671462609030879e-01
7.648889358288393225e-01
9.241297821177054672e-01
8.844182723674920421e-01
7.831975272196042281e-01
8.665852404040094159e-01
8.985921716678381133e-01
7.391643876992426421e-01
1.614316512287199690e-01
7.600461678999489989e-02
2.830451884518682126e-01
3.353874551914163837e-01
4.708015548665814842e-01
9.158171926724705258e-01
5.411145485166597435e-01
2.950004954720421013e-01
6.177777862960733835e-01
5.716546803570863311e-01
4.885668374157914329e-01
6.604867849573102800e-01
7.823334089381722700e-01
9.297171971125768319e-01
9.241917434298223544e-01
8.828612815311945861e-01
8.444686531897791504e-01
8.427599959552187769e-01
9.122438015071454576e-01
9.484309915494235632e-01
9.446868898233884426e-01
8.910756933511095879e-01
8.100396965732126198e-01
7.794541702790704907e-01
9.328012402462082520e-01
8.978904019768194633e-01
2.259809512707848800e-01
3.530193278602225537e-01
3.262690224902689007e-01
4.496881775724869690e-01
9.062229900228152557e-01
8.756751709173425935e-01
8.184866361318514638e-01
6.049307265853451909e-01
9.054678709972008299e-01
8.036205120154444881e-01
2.852526220724930783e-01
8.759439287879264291e-02
3.719105624265343080e-01
8.811197463276404518e-01
9.485448848338872141e-01
8.953305959067112685e-01
8.725777321797012487e-01
9.034889929693876720e-01
9.192114943952441886e-01
9.743641273202100495e-01
9.361181382550463059e-01
9.283229740354608239e-01
9.025952792264562152e-01
8.002582740758859003e-01
8.668730114553877542e-01
7.572281736355646053e-01
1.624188381850223961e-01
7.645678104581040690e-01
4.305709757574279206e-01
8.831119122187673920e-01
9.228942224541574202e-01
8.369683766379760748e-01
8.524327636123898433e-01
9.214788723241321700e-01
9.129721744877234979e-01
5.723526537733810704e-01
1.143699742688515097e-01
1.838239815270404365e-01
6.064947205973492128e-01
8.211941592280219693e-01
9.759033655645237282e-01
9.066534650643603976e-01
9.379081048554700484e-01
9.277294492414804861e-01
9.693880722416237106e-01
9.955690352163868440e-01
9.868566106531952986e-01
9.578862442796686194e-01
9.067183118971883227e-01
8.694311567188730550e-01
8.192561200836575575e-01
8.073802525127355967e-01
5.625883060111988021e-01
7.368677627204726077e-01
3.086693337918783864e-01
8.980210917225952549e-01
9.436841003640787928e-01
8.579746412943147771e-01
8.582053768989664766e-01
9.560343979131252778e-01
9.419869647658234424e-01
5.011713050145266690e-01
3.860755996474316554e-01
1.857947314292200669e-01
8.977588293838372202e-01
7.833293011790477545e-01
8.882958749460592163e-01
8.884424848119166773e-01
9.423524764127884090e-01
9.297960435529784018e-01
1.000000000000000000e+00
9.734231537295914283e-01
9.989853289614437637e-01
9.663707660410814082e-01
9.163609257278144682e-01
8.284123809080343737e-01
5.929162535620883245e-01
8.863751061918605512e-01
9.118249474522763798e-01
8.202410115028306858e-01
4.881671605956393323e-02
4.517531705743190740e-01
7.928426911552040046e-01
8.875345866345634160e-01
9.075049647571695743e-01
9.627521415335704713e-01
9.085377303065174104e-01
7.723282842874230614e-01
4.704978971087425688e-01
6.267423701373291411e-01
5.653026707836917852e-01
6.773990984089988121e-01
9.619721572145230049e-01
8.872845718055586417e-01
9.217024623458796029e-01
9.573380316569779502e-01
9.859611735025179957e-01
9.503050528735752511e-01
9.900058870299214275e-01
9.638223981940547969e-01
8.795623237559988539e-01
8.203143021418299874e-01
2.832952082284262985e-01
9.774010223408704512e-01
9.503864123378977791e-01
3.273078223891634497e-02
1.558767977969666499e-02
1.035671013047102101e-01
4.588195096011911667e-01
9.294100194623347022e-01
9.353484994669576391e-01
9.808768851437474900e-01
7.166464112985816426e-01
7.147956777284062424e-01
7.088831485008134647e-01
7.623201917876503142e-01
5.292653453680471465e-01
8.651783631092664351e-01
9.016833387009048906e-01
8.859374184354393833e-01
9.341287066770420644e-01
9.434143228519569213e-01
9.655301058476138953e-01
9.518554351693184756e-01
9.712296118329427630e-01
9.700343425981724499e-01
9.003989522296300674e-01
8.524161597699115855e-01
5.669805854287761626e-01
9.417051707025894114e-01
9.348127355210726908e-01
1.633464652046645246e-02
2.661014833068191861e-03
9.642650350288160463e-03
2.020863469818174885e-01
9.690131754083604054e-01
9.471097044513194785e-01
9.295557295443750423e-01
9.818132951823758947e-02
3.687637571437750450e-02
7.418823709136075639e-02
6.823218843658609423e-01
7.489300592788008526e-01
7.942610604315891720e-01
9.567656456662931852e-01
8.945840804603156782e-01
9.302660730471989936e-01
9.476388298475634242e-01
9.445913684933880949e-01
9.392671480637504455e-01
9.548240387194634193e-01
9.447116465669989083e-01
9.539779195520983190e-01
9.384006130273954138e-01
6.429498029066604836e-01
9.449849224910986667e-01
8.263142590962930800e-01
1.600940548720548862e-02
7.112074997490697159e-03
1.188703131086808577e-02
1.368983985629849687e-01
9.471145374386438220e-01
8.882169628111016291e-01
1.129453597222285499e-01
6.947764730810021550e-02
7.482957535677861594e-02
5.143224910099208208e-02
6.538643929477528927e-01
7.645465313118287032e-01
9.407445155024030115e-01
9.179463066830766405e-01
9.756660137729280535e-01
4.624882924267142981e-01
8.909464849326232949e-01
9.364762827344583762e-01
9.454237848764430741e-01
9.750185583744830353e-01
9.304937678309984639e-01
9.174324597254165381e-01
8.358082262838071319e-01
6.810446299510215518e-01
9.379644918148593025e-01
8.786992788033194390e-01
1.987208996244009193e-02
8.106567029995150747e-03
0.000000000000000000e+00
1.788832733143311815e-01
7.777435177296272428e-01
6.551904867232691831e-01
7.853932646361733161e-02
6.030373864612869478e-02
7.863591998112128001e-02
1.759249785017492074e-01
5.860279474868035354e-01
9.018175783533644019e-01
8.926733228060743652e-01
8.998571004136695084e-01
8.951538850823221871e-01
4.274671231894442425e-01
3.377999111168425994e-01
9.490741059369032229e-01
9.330829391586875632e-01
9.485438343787389037e-01
9.389354471479495201e-01
8.798795457707573320e-01
7.316886107027719133e-01
5.879252463751926117e-01
9.566467530053179846e-01
8.657502594297576959e-01
3.022996551620432681e-02
1.181767612370533856e-02
9.159501821627773210e-03
4.464842691939940877e-01
9.372883268713038118e-01
5.200983589631016368e-01
8.569531199688465439e-02
7.742654103176764557e-02
1.241672665369534800e-01
1.041213723468517593e-01
6.522057680328072760e-01
9.303773055783415291e-01
8.906946842927907504e-01
9.169926878012264471e-01
7.028765133394381248e-01
1.441856709238670819e-01
3.601317435132383310e-02
4.423477251437250568e-01
9.252605827184848808e-01
9.430947493380268387e-01
9.656201656237244357e-01
8.225229658891048956e-01
1.359203026307989615e-01
9.236363716419075942e-01
9.159250553165977360e-01
8.443217702665808400e-01
3.671216655453789224e-02
1.793713605324244800e-02
0.000000000000000000e+00
8.555239033143025029e-01
9.605847221063658070e-01
3.471253114049512867e-01
8.233732820479025549e-02
6.932119394366159648e-02
8.127019721520059581e-02
1.244213480536647820e-01
7.963417700794754861e-01
9.201643228730023161e-01
6.956092852626253320e-01
1.072568870383930895e-01
1.651672456125923560e-01
1.240688580192072787e-01
5.676129826081630081e-02
1.656187412629825731e-02
5.497802912191245284e-01
8.788345903923991953e-01
9.098940208574212152e-01
7.430601840364102761e-01
1.371624286698854556e-01
4.115000650061281240e-01
8.685006922269242757e-01
2.342629423067009165e-01
4.747462532913442057e-02
2.127350254699583720e-02
6.560332519011267960e-02
9.317450586565825255e-01
9.670584388944820642e-01
6.245164214378768897e-01
1.663602847279462560e-01
3.008141891607185592e-01
3.292469717247035743e-01
1.709010364981996544e-01
9.419068842367399608e-01
2.580968203441090791e-01
5.058050500347424649e-02
1.838121090039671057e-02
6.244762260283982791e-02
1.035930615393805126e-01
6.005123886022899204e-02
1.817685063960305242e-02
3.150693351887044052e-02
3.163098271834232506e-02
1.476223966613141036e-01
7.272984621938323180e-01
1.379459665793149048e-01
9.399530968062558278e-02
7.084722887383759771e-02
5.112716068686718601e-02
4.844411368905862658e-02
1.966977078443457594e-01
8.664856056593919220e-01
9.506489389763128628e-01
9.429242995046098752e-01
5.840757411868801457e-02
7.729526120099176889e-02
7.415899421467013752e-01
8.358227204258804610e-01
9.741938301650173715e-01
8.306331638120484362e-01
8.841300572606340669e-02
1.138779760949519245e-03
2.587660212711771768e-02
4.524749739485139921e-02
6.135169023871704652e-02
4.921777721684886253e-02
5.045894092498572070e-02
2.021407011649058172e-02
4.607388678709190694e-02
1.327734505182255886e-01
9.528728289938490081e-02
9.771382922767549162e-02
8.660282662686627497e-02
1.029903864430493365e-01
2.851772578230679298e-02
4.233205020684949194e-01
8.250287840744421342e-01
9.429860249501396119e-01
9.710878280260917261e-01
2.735956976194822143e-01
9.388735908861382470e-03
4.539315556282261244e-02
4.948633289004783498e-02
5.209103944159029220e-01
8.905452157164767124e-01
4.952697898642537955e-01
1.096979999916963822e-01
5.596961455484729397e-02
4.098673543464093766e-02
5.817304000987416623e-02
1.177995316245143975e-01
1.515283760527026125e-01
1.115884701690019326e-01
5.953460606394857246e-02
4.485751681557673121e-02
7.309556286671747838e-02
1.513674334989897341e-01
1.155881315693934874e-01
8.851140790793726731e-02
3.231354646418772014e-01
4.347594503533709354e-01
6.769751012677506230e-01
8.754819037977810137e-01
8.034036072364176828e-01
5.621812020696350665e-01
1.753388568242403578e-01
4.977060389346617958e-02
6.584594366955963396e-02
5.129116914574423369e-02
4.648330543764166156e-02
1.792796987929861641e-01
6.273165100965906182e-01
4.260291674203515733e-01
1.701110540774992408e-01
9.395579339268621266e-02
8.247148604209601774e-02
1.233229525997143472e-01
1.807068654251692275e-01
1.429072760975147183e-01
1.019364337974475732e-01
8.923971240508474234e-02
1.391513776408897507e-01
1.326114521831221471e-01
1.050763348503282735e-01
8.949854542222100973e-01
1.000000000000000000e+00
9.469283435764555001e-01
7.644453961016755006e-01
1.179660809674101807e-01
5.801279572651392435e-02
9.132681237175009625e-02
3.285908366037528783e-01
1.756021785847837191e-01
8.472505467617946762e-02
3.415971758410848991e-02
2.341798343597136650e-02
2.990187321051714434e-02
1.832020642423399237e-01
4.559787439962187383e-01
2.696373508346220915e-01
2.619811236780524299e-01
1.989118443396309110e-01
1.039518802414463317e-01
1.013534514659621411e-01
7.197517599949111722e-02
1.498200416441115845e-01
4.100845208558007160e-02
7.044280396338770123e-02
1.127783682261523646e-01
3.332946825615225317e-02
8.913697535299077712e-01
9.974116844568990947e-01
9.796026552234782248e-01
9.680470646786123456e-01
2.808652250528306023e-03
8.469190100736764121e-03
5.596093111769606665e-02
3.118044229834073255e-01
3.880259026804793177e-01
5.704187404392594557e-02
0.000000000000000000e+00
6.803212683703804831e-03
1.299598183720454894e-02
7.671519333608733948e-02
6.905341485676131930e-01
8.659796886323052334e-01
7.470235640432015822e-01
1.695518906711965534e-01
3.061072418958857289e-02
7.421038706605173618e-02
1.213547682731792032e-01
8.358886009576761700e-02
7.502467822344027759e-02
3.269128875296334336e-02
1.020291616677545532e-01
1.901973569460993496e-02
5.979183830527425858e-01
1.000000000000000000e+00
9.781899270043438177e-01
9.035006528148616933e-01
0.000000000000000000e+00
0.000000000000000000e+00
4.193849257534289221e-02
7.269288507277280598e-01
9.190009856870868798e-01
8.416362250617523966e-01
2.241255205347270768e-02
7.163997205709862412e-03
2.131869432876090653e-02
7.324071304472454247e-02
6.489071028664958884e-01
8.579518318786747422e-01
7.356156531368606144e-01
5.726034078447175824e-02
3.548163779919405458e-02
6.504201903233827742e-02
6.586819661517889779e-02
9.053606461430635521e-02
7.375962597433038948e-02
3.338457313930461717e-02
3.175076393396434465e-02
4.731254047212308383e-02
6.025242869005669188e-01
9.853110189799375584e-01
9.721830975503287231e-01
8.928611549950951076e-01
0.000000000000000000e+00
6.616253671015629237e-03
8.931811495998534522e-02
8.482563708239010403e-01
9.464877126276103336e-01
9.177292648451875756e-01
7.300814175475048851e-01
1.777677088195383365e-02
2.821732203909877584e-02
7.346744392670820356e-02
8.264856227502824781e-01
9.741745910566039779e-01
4.235821871086889456e-02
3.764366794623047463e-02
5.954781190861643814e-02
4.609268665362590417e-02
7.199249541332061741e-02
9.372236319754154166e-02
9.460418149964927581e-03
1.849085653694039488e-02
6.468093113694058094e-02
5.050677331836654627e-02
5.480755259753526953e-01
9.794712958053169993e-01
9.827879974859187184e-01
8.714957784492143311e-01
1.198753764637274823e-02
4.052877597392009340e-02
5.958917915165334867e-02
9.000644477292156775e-01
9.819498612902619605e-01
9.354632354328030752e-01
9.312132805888326814e-01
4.333204908697758651e-01
4.632473267578658682e-02
1.294291476385717454e-01
2.248614475864667561e-01
3.095359172139368342e-02
9.336130419648466794e-03
3.000143379876692856e-02
5.315010071005329961e-02
4.733365720385010467e-02
7.450921649004949021e-02
8.359449255727685602e-02
5.820259016143564806e-02
6.139259736770613651e-02
4.023318646471869819e-02
3.882364503255571198e-02
3.225148287779403544e-01
9.428915188483975029e-01
9.720976075789780069e-01
9.002182776573708356e-01
1.157575739640541307e-01
4.896090243307159307e-02
4.209119785668656855e-01
9.243873894086018783e-01
9.579447708918407134e-01
9.555181065545179653e-01
9.552104860021055632e-01
8.936001176523209466e-01
8.038089384003956894e-01
7.219620726956735846e-01
2.257891414237783168e-01
1.864023929857763773e-02
1.503546097109963349e-02
3.110745860416396988e-02
5.431821064190424375e-02
6.809096905492902085e-02
9.905409347585489299e-02
9.842875998910585733e-02
7.209084393849607419e-02
5.461210786105336057e-02
6.311246720380883635e-02
6.309661135372199303e-02
7.643133371721798630e-01
9.948155273300341994e-01
9.294489921186847026e-01
9.045576339900395224e-01
2.623534124631197173e-01
3.541517966116031896e-02
7.561571922512635435e-01
9.360517657777870371e-01
9.699317480797501334e-01
9.813587819759321818e-01
9.645071818073486236e-01
9.214057759599869613e-01
9.012581899787317496e-01
6.299483091743731666e-01
8.946332492462608088e-02
2.769335343322305854e-02
1.627055571346316606e-02
1.123415290205342053e-02
5.092872772814144994e-02
3.328761018235215641e-02
1.561328973992802405e-01
8.807460139311441838e-02
7.837661901372069972e-02
7.038425831844120906e-02
2.982614149721899907e-02
1.075448350775749379e-01
3.225148287779403544e-01
9.428915188483975029e-01
9.720976075789780069e-01
9.002182776573708356e-01
1.157575739640541307e-01
4.896090243307159307e-02
4.209119785668656855e-01
9.243873894086018783e-01
9.579447708918407134e-01
9.555181065545179653e-01
9.552104860021055632e-01
8.936001176523209466e-01
8.038089384003956894e-01
7.219620726956735846e-01
2.257891414237783168e-01
1.864023929857763773e-02
1.503546097109963349e-02
3.110745860416396988e-02
5.431821064190424375e-02
6.809096905492902085e-02
9.905409347585489299e-02
9.842875998910585733e-02
7.209084393849607419e-02
5.461210786105336057e-02
6.311246720380883635e-02
6.309661135372199303e-02
5.480755259753526953e-01
9.794712958053169993e-01
9.827879974859187184e-01
8.714957784492143311e-01
1.198753764637274823e-02
4.052877597392009340e-02
5.958917915165334867e-02
9.000644477292156775e-01
9.819498612902619605e-01
9.354632354328030752e-01
9.312132805888326814e-01
4.333204908697758651e-01
4.632473267578658682e-02
1.294291476385717454e-01
2.248614475864667561e-01
3.095359172139368342e-02
9.336130419648466794e-03
3.000143379876692856e-02
5.315010071005329961e-02
4.733365720385010467e-02
7.450921649004949021e-02
8.359449255727685602e-02
5.820259016143564806e-02
6.139259736770613651e-02
4.023318646471869819e-02
3.882364503255571198e-02
6.025242869005669188e-01
9.853110189799375584e-01
9.721830975503287231e-01
8.928611549950951076e-01
0.000000000000000000e+00
6.616253671015629237e-03
8.931811495998534522e-02
8.482563708239010403e-01
9.464877126276103336e-01
9.177292648451875756e-01
7.300814175475048851e-01
1.777677088195383365e-02
2.821732203909877584e-02
7.346744392670820356e-02
8.264856227502824781e-01
9.741745910566039779e-01
4.235821871086889456e-02
3.764366794623047463e-02
5.954781190861643814e-02
4.609268665362590417e-02
7.199249541332061741e-02
9.372236319754154166e-02
9.460418149964927581e-03
1.849085653694039488e-02
6.468093113694058094e-02
5.050677331836654627e-02
5.979183830527425858e-01
1.000000000000000000e+00
9.781899270043438177e-01
9.035006528148616933e-01
0.000000000000000000e+00
0.000000000000000000e+00
4.193849257534289221e-02
7.269288507277280598e-01
9.190009856870868798e-01
8.416362250617523966e-01
2.241255205347270768e-02
7.163997205709862412e-03
2.131869432876090653e-02
7.324071304472454247e-02
6.489071028664958884e-01
8.579518318786747422e-01
7.356156531368606144e-01
5.726034078447175824e-02
3.548163779919405458e-02
6.504201903233827742e-02
6.586819661517889779e-02
9.053606461430635521e-02
7.375962597433038948e-02
3.338457313930461717e-02
3.175076393396434465e-02
4.731254047212308383e-02
8.913697535299077712e-01
9.974116844568990947e-01
9.796026552234782248e-01
9.680470646786123456e-01
2.808652250528306023e-03
8.469190100736764121e-03
5.596093111769606665e-02
3.118044229834073255e-01
3.880259026804793177e-01
5.704187404392594557e-02
0.000000000000000000e+00
6.803212683703804831e-03
1.299598183720454894e-02
7.671519333608733948e-02
6.905341485676131930e-01
8.659796886323052334e-01
7.470235640432015822e-01
1.695518906711965534e-01
3.061072418958857289e-02
7.421038706605173618e-02
1.213547682731792032e-01
8.358886009576761700e-02
7.502467822344027759e-02
3.269128875296334336e-02
1.020291616677545532e-01
1.901973569460993496e-02
8.949854542222100973e-01
1.000000000000000000e+00
9.469283435764555001e-01
7.644453961016755006e-01
1.179660809674101807e-01
5.801279572651392435e-02
9.132681237175009625e-02
3.285908366037528783e-01
1.756021785847837191e-01
8.472505467617946762e-02
3.415971758410848991e-02
2.341798343597136650e-02
2.990187321051714434e-02
1.832020642423399237e-01
4.559787439962187383e-01
2.696373508346220915e-01
2.619811236780524299e-01
1.989118443396309110e-01
1.039518802414463317e-01
1.013534514659621411e-01
7.197517599949111722e-02
1.498200416441115845e-01
4.100845208558007160e-02
7.044280396338770123e-02
1.127783682261523646e-01
3.332946825615225317e-02
8.851140790793726731e-02
3.231354646418772014e-01
4.347594503533709354e-01
6.769751012677506230e-01
8.754819037977810137e-01
8.034036072364176828e-01
5.621812020696350665e-01
1.753388568242403578e-01
4.977060389346617958e-02
6.584594366955963396e-02
5.129116914574423369e-02
4.648330543764166156e-02
1.792796987929861641e-01
6.273165100965906182e-01
4.260291674203515733e-01
1.701110540774992408e-01
9.395579339268621266e-02
8.247148604209601774e-02
1.233229525997143472e-01
1.807068654251692275e-01
1.429072760975147183e-01
1.019364337974475732e-01
8.923971240508474234e-02
1.391513776408897507e-01
1.326114521831221471e-01
1.050763348503282735e-01
8.660282662686627497e-02
1.029903864430493365e-01
2.851772578230679298e-02
4.233205020684949194e-01
8.250287840744421342e-01
9.429860249501396119e-01
9.710878280260917261e-01
2.735956976194822143e-01
9.388735908861382470e-03
4.539315556282261244e-02
4.948633289004783498e-02
5.209103944159029220e-01
8.905452157164767124e-01
4.952697898642537955e-01
1.096979999916963822e-01
5.596961455484729397e-02
4.098673543464093766e-02
5.817304000987416623e-02
1.177995316245143975e-01
1.515283760527026125e-01
1.115884701690019326e-01
5.953460606394857246e-02
4.485751681557673121e-02
7.309556286671747838e-02
1.513674334989897341e-01
1.155881315693934874e-01
9.399530968062558278e-02
7.084722887383759771e-02
5.112716068686718601e-02
4.844411368905862658e-02
1.966977078443457594e-01
8.664856056593919220e-01
9.506489389763128628e-01
9.429242995046098752e-01
5.840757411868801457e-02
7.729526120099176889e-02
7.415899421467013752e-01
8.358227204258804610e-01
9.741938301650173715e-01
8.306331638120484362e-01
8.841300572606340669e-02
1.138779760949519245e-03
2.587660212711771768e-02
4.524749739485139921e-02
6.135169023871704652e-02
4.921777721684886253e-02
5.045894092498572070e-02
2.021407011649058172e-02
4.607388678709190694e-02
1.327734505182255886e-01
9.528728289938490081e-02
9.771382922767549162e-02
4.115000650061281240e-01
8.685006922269242757e-01
2.342629423067009165e-01
4.747462532913442057e-02
2.127350254699583720e-02
6.560332519011267960e-02
9.317450586565825255e-01
9.670584388944820642e-01
6.245164214378768897e-01
1.663602847279462560e-01
3.008141891607185592e-01
3.292469717247035743e-01
1.709010364981996544e-01
9.419068842367399608e-01
2.580968203441090791e-01
5.058050500347424649e-02
1.838121090039671057e-02
6.244762260283982791e-02
1.035930615393805126e-01
6.005123886022899204e-02
1.817685063960305242e-02
3.150693351887044052e-02
3.163098271834232506e-02
1.476223966613141036e-01
7.272984621938323180e-01
1.379459665793149048e-01
9.236363716419075942e-01
9.159250553165977360e-01
8.443217702665808400e-01
3.671216655453789224e-02
1.793713605324244800e-02
0.000000000000000000e+00
8.555239033143025029e-01
9.605847221063658070e-01
3.471253114049512867e-01
8.233732820479025549e-02
6.932119394366159648e-02
8.127019721520059581e-02
1.244213480536647820e-01
7.963417700794754861e-01
9.201643228730023161e-01
6.956092852626253320e-01
1.072568870383930895e-01
1.651672456125923560e-01
1.240688580192072787e-01
5.676129826081630081e-02
1.656187412629825731e-02
5.497802912191245284e-01
8.788345903923991953e-01
9.098940208574212152e-01
7.430601840364102761e-01
1.371624286698854556e-01
5.879252463751926117e-01
9.566467530053179846e-01
8.657502594297576959e-01
3.022996551620432681e-02
1.181767612370533856e-02
9.159501821627773210e-03
4.464842691939940877e-01
9.372883268713038118e-01
5.200983589631016368e-01
8.569531199688465439e-02
7.742654103176764557e-02
1.241672665369534800e-01
1.041213723468517593e-01
6.522057680328072760e-01
9.303773055783415291e-01
8.906946842927907504e-01
9.169926878012264471e-01
7.028765133394381248e-01
1.441856709238670819e-01
3.601317435132383310e-02
4.423477251437250568e-01
9.252605827184848808e-01
9.430947493380268387e-01
9.656201656237244357e-01
8.225229658891048956e-01
1.359203026307989615e-01
6.810446299510215518e-01
9.379644918148593025e-01
8.786992788033194390e-01
1.987208996244009193e-02
8.106567029995150747e-03
0.000000000000000000e+00
1.788832733143311815e-01
7.777435177296272428e-01
6.551904867232691831e-01
7.853932646361733161e-02
6.030373864612869478e-02
7.863591998112128001e-02
1.759249785017492074e-01
5.860279474868035354e-01
9.018175783533644019e-01
8.926733228060743652e-01
8.998571004136695084e-01
8.951538850823221871e-01
4.274671231894442425e-01
3.377999111168425994e-01
9.490741059369032229e-01
9.330829391586875632e-01
9.485438343787389037e-01
9.389354471479495201e-01
8.798795457707573320e-01
7.316886107027719133e-01
6.429498029066604836e-01
9.449849224910986667e-01
8.263142590962930800e-01
1.600940548720548862e-02
7.112074997490697159e-03
1.188703131086808577e-02
1.368983985629849687e-01
9.471145374386438220e-01
8.882169628111016291e-01
1.129453597222285499e-01
6.947764730810021550e-02
7.482957535677861594e-02
5.143224910099208208e-02
6.538643929477528927e-01
7.645465313118287032e-01
9.407445155024030115e-01
9.179463066830766405e-01
9.756660137729280535e-01
4.624882924267142981e-01
8.909464849326232949e-01
9.364762827344583762e-01
9.454237848764430741e-01
9.750185583744830353e-01
9.304937678309984639e-01
9.174324597254165381e-01
8.358082262838071319e-01
5.669805854287761626e-01
9.417051707025894114e-01
9.348127355210726908e-01
1.633464652046645246e-02
2.661014833068191861e-03
9.642650350288160463e-03
2.020863469818174885e-01
9.690131754083604054e-01
9.471097044513194785e-01
9.295557295443750423e-01
9.818132951823758947e-02
3.687637571437750450e-02
7.418823709136075639e-02
6.823218843658609423e-01
7.489300592788008526e-01
7.942610604315891720e-01
9.567656456662931852e-01
8.945840804603156782e-01
9.302660730471989936e-01
9.476388298475634242e-01
9.445913684933880949e-01
9.392671480637504455e-01
9.548240387194634193e-01
9.447116465669989083e-01
9.539779195520983190e-01
9.384006130273954138e-01
2.832952082284262985e-01
9.774010223408704512e-01
9.503864123378977791e-01
3.273078223891634497e-02
1.558767977969666499e-02
1.035671013047102101e-01
4.588195096011911667e-01
9.294100194623347022e-01
9.353484994669576391e-01
9.808768851437474900e-01
7.166464112985816426e-01
7.147956777284062424e-01
7.088831485008134647e-01
7.623201917876503142e-01
5.292653453680471465e-01
8.651783631092664351e-01
9.016833387009048906e-01
8.859374184354393833e-01
9.341287066770420644e-01
9.434143228519569213e-01
9.655301058476138953e-01
9.518554351693184756e-01
9.712296118329427630e-01
9.700343425981724499e-01
9.003989522296300674e-01
8.524161597699115855e-01
5.929162535620883245e-01
8.863751061918605512e-01
9.118249474522763798e-01
8.202410115028306858e-01
4.881671605956393323e-02
4.517531705743190740e-01
7.928426911552040046e-01
8.875345866345634160e-01
9.075049647571695743e-01
9.627521415335704713e-01
9.085377303065174104e-01
7.723282842874230614e-01
4.704978971087425688e-01
6.267423701373291411e-01
5.653026707836917852e-01
6.773990984089988121e-01
9.619721572145230049e-01
8.872845718055586417e-01
9.217024623458796029e-01
9.573380316569779502e-01
9.859611735025179957e-01
9.503050528735752511e-01
9.900058870299214275e-01
9.638223981940547969e-01
8.795623237559988539e-01
8.203143021418299874e-01
8.192561200836575575e-01
8.073802525127355967e-01
5.625883060111988021e-01
7.368677627204726077e-01
3.086693337918783864e-01
8.980210917225952549e-01
9.436841003640787928e-01
8.579746412943147771e-01
8.582053768989664766e-01
9.560343979131252778e-01
9.419869647658234424e-01
5.011713050145266690e-01
3.860755996474316554e-01
1.857947314292200669e-01
8.977588293838372202e-01
7.833293011790477545e-01
8.882958749460592163e-01
8.884424848119166773e-01
9.423524764127884090e-01
9.297960435529784018e-01
1.000000000000000000e+00
9.734231537295914283e-01
9.989853289614437637e-01
9.663707660410814082e-01
9.163609257278144682e-01
8.284123809080343737e-01
8.668730114553877542e-01
7.572281736355646053e-01
1.624188381850223961e-01
7.645678104581040690e-01
4.305709757574279206e-01
8.831119122187673920e-01
9.228942224541574202e-01
8.369683766379760748e-01
8.524327636123898433e-01
9.214788723241321700e-01
9.129721744877234979e-01
5.723526537733810704e-01
1.143699742688515097e-01
1.838239815270404365e-01
6.064947205973492128e-01
8.211941592280219693e-01
9.759033655645237282e-01
9.066534650643603976e-01
9.379081048554700484e-01
9.277294492414804861e-01
9.693880722416237106e-01
9.955690352163868440e-01
9.868566106531952986e-01
9.578862442796686194e-01
9.067183118971883227e-01
8.694311567188730550e-01
9.328012402462082520e-01
8.978904019768194633e-01
2.259809512707848800e-01
3.530193278602225537e-01
3.262690224902689007e-01
4.496881775724869690e-01
9.062229900228152557e-01
8.756751709173425935e-01
8.184866361318514638e-01
6.049307265853451909e-01
9.054678709972008299e-01
8.036205120154444881e-01
2.852526220724930783e-01
8.759439287879264291e-02
3.719105624265343080e-01
8.811197463276404518e-01
9.485448848338872141e-01
8.953305959067112685e-01
8.725777321797012487e-01
9.034889929693876720e-01
9.192114943952441886e-01
9.743641273202100495e-01
9.361181382550463059e-01
9.283229740354608239e-01
9.025952792264562152e-01
8.002582740758859003e-01
8.985921716678381133e-01
7.391643876992426421e-01
1.614316512287199690e-01
7.600461678999489989e-02
2.830451884518682126e-01
3.353874551914163837e-01
4.708015548665814842e-01
9.158171926724705258e-01
5.411145485166597435e-01
2.950004954720421013e-01
6.177777862960733835e-01
5.716546803570863311e-01
4.885668374157914329e-01
6.604867849573102800e-01
7.823334089381722700e-01
9.297171971125768319e-01
9.241917434298223544e-01
8.828612815311945861e-01
8.444686531897791504e-01
8.427599959552187769e-01
9.122438015071454576e-01
9.484309915494235632e-01
9.446868898233884426e-01
8.910756933511095879e-01
8.100396965732126198e-01
7.794541702790704907e-01
8.514073476532189044e-01
5.423672421351730666e-01
1.177271509862669041e-01
1.169764562959961091e-01
1.955672664986664311e-01
3.028052851599030149e-01
8.230595059565772864e-01
7.918754793802992298e-01
8.569992590052233350e-01
1.688668254832193794e-01
3.207469340760337184e-01
5.387131625292844728e-01
6.570060791629463992e-01
8.020534463781288093e-01
9.084108477732157905e-01
9.327058761980818735e-01
9.021010034172910474e-01
8.274633597399660978e-01
7.727257329407308806e-01
4.291071533731796728e-01
2.672671462609030879e-01
7.648889358288393225e-01
9.241297821177054672e-01
8.844182723674920421e-01
7.831975272196042281e-01
8.665852404040094159e-01
2.639470602670208055e-01
6.571485218516861515e-01
1.559615155145626375e-01
1.075917004319531800e-01
2.522593720786810989e-01
2.144996568145974281e-01
8.702049738635607712e-01
8.601858054502353745e-01
9.316260185303145702e-01
2.277650695280176718e-01
7.212752649394047477e-01
2.716583668768255411e-01
5.271493154592465924e-01
5.058704156823607967e-01
8.607330554418224366e-01
9.722070275999010747e-01
8.881677373264966757e-01
4.531345406201312542e-01
2.103079171305495543e-01
1.500773716248804401e-01
9.951641200808931942e-02
1.576626954335429986e-01
4.712152484712807121e-01
8.378218995311685902e-01
8.081641910585024569e-01
5.743653495404181797e-01
7.362547028913595248e-01
6.291722720281998082e-01
3.368719490259940441e-01
1.098960171285271181e-01
1.378964644154370423e-01
1.531560621188856053e-01
2.532305310697656742e-01
8.007251198451589280e-01
9.293733643194875826e-01
3.658493967054602392e-01
4.836095116686887074e-01
6.855215413393527246e-01
8.450273501765492856e-01
7.163818076857149109e-01
6.194601767712988316e-01
5.578110606108686031e-01
8.146938596617869788e-01
6.410976028994488374e-01
2.568754015286495718e-01
1.166014289981079366e-01
1.058408001874643761e-01
1.169315103636724834e-01
1.267983845481578387e-01
2.267273199043901566e-01
2.700716524444331523e-01
2.689864374551483861e-01
5.751514224276622622e-01
7.952130384404714203e-01
7.751074675469105113e-01
5.655753657356916708e-01
1.206191909048178051e-01
9.870552821437093838e-02
1.283086814525873365e-01
5.903133294424653954e-01
9.236282940641273864e-01
6.039637086582910763e-01
6.124955746892815078e-01
7.436847169663990398e-01
7.388691696402074349e-01
7.045901437837793768e-01
8.520730436464942770e-01
3.933940687788419766e-01
1.832312924146399791e-01
2.838256235224563828e-01
1.696937418053657831e-01
1.128418978622484359e-01
1.210248963778207676e-01
1.303279298163536049e-01
1.606706929297997410e-01
2.985366235048679817e-01
1.943907462487556304e-01
1.114651275127339081e-01
1.911659304346352006e-01
9.048993105510538815e-01
7.970807982408143477e-01
7.564452754184758376e-01
9.344187060354526564e-02
9.767250258195350754e-02
1.273061234291416877e-01
6.093157210976383187e-01
8.272912587551711772e-01
8.741635109177177121e-01
7.932221332301450101e-01
7.950044469654534707e-01
6.777951848070514762e-01
5.681670238056023559e-01
7.758555639130624293e-01
8.011422394479128517e-01
3.694036296349858528e-01
5.262924946335834075e-01
6.008047911792718798e-01
4.744016826837148537e-01
4.090468785605003710e-01
6.389826525056281348e-01
9.182952673696427315e-01
5.174553784612679896e-01
1.694772693535577524e-01
1.290630747770646902e-01
6.617451128585345455e-01
8.959042247095498901e-01
9.546307180479143284e-01
8.496225432797532839e-01
7.357339485360624154e-02
4.080145902061834556e-02
6.328671752449607779e-02
3.831885039619875588e-01
6.848282200398159159e-01
8.557575607243188553e-01
8.991702177742233459e-01
7.223880117789613919e-01
5.800374446716766164e-01
2.129594895161243673e-01
2.420671028345759423e-01
8.323482823074481729e-01
8.339770974444435936e-01
7.023156583088394633e-01
8.088273813500244103e-01
6.647088695915697176e-01
8.436338068748854280e-01
8.486200215159557247e-01
8.905858960135581981e-01
8.368352038953816852e-01
1.202379120809405622e-01
1.343743625896656191e-01
7.609539075170608236e-01
9.544209435590866875e-01
9.821176076299455993e-01
9.457825986395225204e-01
6.686959075516984985e-02
6.820298148160955365e-02
9.092062162034854345e-02
3.342719930917947835e-01
8.279154341172094700e-01
9.344686795648052824e-01
8.655347539527082912e-01
8.767984142392566405e-01
6.148895485000498429e-01
3.946857684153172174e-01
2.921434045057320072e-01
6.962093745217912133e-01
7.731574622911796535e-01
8.965401521728344481e-01
7.449319042152462433e-01
7.867084221323021875e-01
8.502964174904967809e-01
8.974472219719791255e-01
9.660216719094556481e-01
8.624976923772009751e-01
7.816625692522453928e-02
1.001313475501529882e-01
9.469377200899746772e-01
9.857380426556628938e-01
9.841996219953812464e-01
9.860750214690181537e-01
7.331459150298158534e-02
4.438997669519535727e-02
7.495081816498401495e-02
1.675686104527413511e-01
3.974803204462186157e-01
7.977877394838785996e-01
8.061453133327123322e-01
5.877684630280084477e-01
3.859450873636290913e-01
6.101628622054205975e-01
5.099055626223305548e-01
7.092657954842475077e-01
8.755417439763517606e-01
9.222583983447378841e-01
9.511648658290821068e-01
8.713012247240650154e-01
8.858693300651969693e-01
9.214387879450780527e-01
9.452443316702907605e-01
3.953434806053532924e-01
6.466074913041391925e-02
7.135221951163743526e-02
8.806917350627356811e-01
9.631787991858919984e-01
9.693284488386039177e-01
9.783739338139304520e-01
4.943544894320983651e-01
5.317746977229864669e-02
2.510503979771287753e-02
1.409907660196974277e-01
5.312550729380315362e-01
7.385404391238283850e-01
9.511160421200517412e-01
2.710182880961016227e-01
4.061089955785043282e-01
3.023739718157675282e-01
6.097028717907055917e-01
8.782638494253611761e-01
9.464244136094581705e-01
9.567874927981573352e-01
9.458163456956425463e-01
9.368921343514644562e-01
8.861283855727286607e-01
9.405840241673549817e-01
9.161594477053609520e-01
1.527621180463621386e-01
3.351440577907496138e-02
3.884214759625514990e-02
9.419614733134660245e-01
9.656093176576159287e-01
9.728588542759458724e-01
9.751134354262436243e-01
5.655381606443441456e-01
3.576915157741406698e-02
6.435045973554068266e-02
2.479384736936618427e-01
8.802569363493539800e-01
8.254011956128664007e-01
7.008714401445295117e-01
3.148345937938947792e-01
3.590677489523030896e-01
3.656098853559350825e-01
7.123533653480536021e-01
8.935054657291805480e-01
8.815741451147636187e-01
9.038929241350478483e-01
9.279815883440147850e-01
9.634827791368862915e-01
9.400142495661452102e-01
9.575689400740809987e-01
8.881852826753897645e-01
7.967317419139720303e-02
4.678240149129886394e-02
2.647910147151745150e-02
9.647068780118512876e-01
9.784514864565478920e-01
9.647245482886797063e-01
9.562577567678097745e-01
7.853653323660259034e-01
2.319995997569943846e-01
9.084570067623448653e-02
3.017216962963950033e-01
9.040151863009862065e-01
9.040230179749988437e-01
8.862519489185104460e-01
7.564378595825151930e-01
2.868626258616296387e-01
1.105930054095602827e-01
4.944693568150251295e-01
9.449252638248699654e-01
9.558157322729876615e-01
9.330671708320694702e-01
8.952146736135455640e-01
9.529573748889362816e-01
9.440502836226281058e-01
9.751865502521182005e-01
9.536832954498177806e-01
9.064414734956216524e-02
2.510857769396494799e-02
2.470067698303103632e-02
9.638753294617188327e-01
9.782410363219511407e-01
9.607311252547947600e-01
9.421248037209333237e-01
8.957966968626092097e-01
7.097185138258705894e-01
5.482997177090300767e-01
7.625442271376039471e-01
9.431426308973145378e-01
9.205906338545505330e-01
7.823035143043062245e-01
2.396908336932449535e-01
6.837231390764983985e-01
7.986462407548233777e-02
2.447461691001309170e-01
8.077376036727687003e-01
9.592107103565821191e-01
9.112635387876020232e-01
9.440427667034203552e-01
5.737135639103112528e-01
2.511224358934483480e-01
8.300702406362212571e-01
9.426831266193188563e-01
7.255175366984232266e-01
5.607239432119745515e-02
5.005164953757104684e-02
9.724710618684346830e-01
9.821757598662206323e-01
9.714167869126739685e-01
9.504346104160739106e-01
9.622131408462376578e-01
9.793102148405137264e-01
8.916765398699115774e-01
9.405809553462485262e-01
9.409539503109627390e-01
9.806760645740990601e-01
9.359368684015534345e-01
3.563667026049588960e-01
7.754063933623656091e-01
1.774874201177925326e-01
1.899922700206915088e-02
2.057314306925399350e-01
9.527207422321295471e-01
9.326818741955538172e-01
1.351578438565666507e-01
8.780633179651028963e-02
2.332802963567030125e-02
1.063145968374685918e-01
5.475999010135255141e-01
7.175545647717047615e-01
6.908238956824852561e-02
5.135030700289031080e-02
9.626171811592083571e-01
7.847046695036613562e-01
9.594217004316992758e-01
8.837432053258396092e-01
9.619374268331108979e-01
9.762317082598385154e-01
9.900222991904967795e-01
9.296077647306439928e-01
9.230620049226917478e-01
2.647656194779273164e-01
9.046897152658355257e-01
8.656265451317732840e-01
9.356599045319107244e-01
2.268684573782578651e-01
5.828695940149314358e-02
3.842044491075725932e-02
1.013225585928221317e-01
1.903499825934665823e-01
6.021555380690513104e-02
3.453334669964745751e-02
4.484766617765190838e-03
1.779959653835917407e-02
9.930072246202809039e-02
2.528477928174409084e-01
9.361016663087386169e-02
5.313613653044500090e-02
9.743488381141391930e-01
3.421775838610667808e-01
1.522771947561573636e-01
8.747855243832154404e-01
9.434762798077267476e-01
9.851466110998192693e-01
9.701291667655425055e-01
9.386499444208717957e-01
3.447312658807388797e-01
3.305091485765791065e-02
5.248253057262671634e-02
8.151191959955930155e-01
8.863613115961948008e-01
8.361201676573178920e-01
1.004257266666526427e-01
2.998713914112714415e-02
4.370697177577832770e-02
6.626652966593100935e-02
3.147928729462989850e-02
1.359774524704828250e-02
2.061713058777173407e-03
6.881154921486644371e-03
1.987656657008878350e-02
7.985867475904712132e-02
8.688633507553585045e-02
5.179763257025957190e-02
9.435927841303800578e-01
9.782007594396524564e-01
6.293069901799814847e-01
9.595369653415730671e-01
9.692806490787267970e-01
9.669770122039049731e-01
9.633759928929054306e-01
9.670550321677164884e-01
4.108729412267874137e-01
4.387703804451177636e-02
5.222311105209161142e-02
4.534606275942269504e-01
5.200782512949405634e-01
9.112165537080009203e-01
7.397646191373004054e-01
7.028006995003452384e-02
6.286115297211332387e-02
9.781693684713552162e-02
5.700181240255902670e-02
2.792870209468053394e-02
0.000000000000000000e+00
0.000000000000000000e+00
1.148321801762586768e-02
1.034357887866965697e-01
8.084759682516828860e-02
5.029410037780475407e-02
7.012483840000232060e-01
9.318455774020409921e-01
9.692871056659313478e-01
9.587249100577736050e-01
9.731736037089990798e-01
9.860287104073980347e-01
9.647882715501485684e-01
9.365381299447392838e-01
9.033612089024324332e-01
5.913372131356223194e-02
3.009124862523255770e-02
4.014093068752528498e-02
8.748995323434297089e-02
5.916903709156087210e-01
9.115220065034328467e-01
2.579830681994506048e-01
2.572077550156723347e-01
8.536867409937757278e-01
3.256642657792429008e-01
3.253290766583472743e-02
4.579799414369128269e-03
4.956978613994616339e-03
2.780488730639837230e-02
2.594214331085213376e-01
4.519716784417666944e-02
1.267861217006129894e-02
1.232921755641666339e-01
9.753509967323191754e-01
9.844246534724037101e-01
9.845216063952290098e-01
9.605032104868438392e-01
6.680277010184914044e-01
9.801878782963329151e-01
9.155173081835070725e-01
8.677286225957091537e-01
2.731451156153794774e-02
7.360422673989591713e-03
7.198879879642548080e-03
2.324415825574979028e-02
2.644734584566467150e-01
9.579392656263711059e-01
9.089342872556513964e-01
7.217297520000488520e-01
9.663203022894045757e-01
9.009790043893524114e-01
8.941800971542791798e-02
2.827283578487242016e-02
2.956338747184485138e-02
8.607653918124306136e-01
9.786600460385408429e-01
2.267498485898920557e-01
8.681387269637986029e-03
2.065717909240866179e-01
9.677511459313297149e-01
9.812827041609755163e-01
9.752857185758212477e-01
1.209003134492234316e-01
3.574510682735836109e-02
1.498705344324889610e-01
8.731725471013138673e-01
9.042383721007549724e-01
9.657148682970581599e-02
5.574893716668888333e-03
6.884992204900582276e-05
1.548705745328970984e-02
2.551967226336928629e-01
9.672721534143066124e-01
9.518595986531124264e-01
6.653485022536669291e-01
7.707016583629913153e-01
3.941538860149509937e-01
1.132169979105185909e-01
9.716400848836312387e-02
9.658064692210237556e-01
1.000000000000000000e+00
9.995143433102111619e-01
7.079170438742181659e-01
0.000000000000000000e+00
4.615144382462962325e-01
9.710289148624389188e-01
9.729595513362788717e-01
9.534567347404048210e-01
2.576633066565790081e-02
6.051463065284016889e-03
5.426174334355352014e-02
8.792319392431815483e-01
9.332955456109458536e-01
1.824936785447000553e-01
1.897716606394671962e-02
2.122076022751111235e-02
2.997916517913172627e-03
5.701211912502204271e-01
9.702117043524430828e-01
8.683503289033228656e-01
5.855567402372399005e-02
2.551904482035127417e-02
3.137263796769371171e-02
1.092191112896406524e-01
9.564590843529330311e-01
9.838125662906859192e-01
9.971257504263038030e-01
1.000000000000000000e+00
8.907267880017648576e-01
0.000000000000000000e+00
2.890793227311033164e-01
9.885475018379138445e-01
9.713951071974611384e-01
9.435126893679397497e-01
1.185186853580707904e-02
3.050385439238826376e-03
2.878106361370479094e-02
7.936907000352204644e-01
9.406855949113052118e-01
9.438658170818802207e-01
3.594095548569079673e-02
3.395332491749099985e-02
1.375666723876998489e-02
6.751267523397481707e-01
9.031610801035039326e-01
3.570820714949428654e-01
4.214023873994764482e-03
1.302934533409909681e-02
2.805361355624407665e-02
3.306849005800764629e-02
9.298344079541003282e-01
9.644543959920761633e-01
9.817078018867624323e-01
1.000000000000000000e+00
9.969088279455510238e-01
2.838797380346687604e-01
3.698837253452254004e-01
9.904759943507034370e-01
9.756140040484053699e-01
8.731985299221425301e-01
2.159821190139536631e-03
0.000000000000000000e+00
2.881694253524006571e-02
8.747782227349512052e-01
9.513513898198473484e-01
9.872083873586796621e-01
1.076140815591054289e-01
3.956847253617844923e-02
2.396664469485700749e-02
5.051025017734993572e-01
8.757011955595558339e-01
7.134858343968851491e-02
0.000000000000000000e+00
1.916536544073691849e-03
1.496189224006117327e-02
5.640824764276042291e-02
8.968681508738264307e-01
9.689700954443396519e-01
9.950367113988963785e-01
1.000000000000000000e+00
9.997544723365453523e-01
9.124396479304799357e-01
2.840955842308517942e-01
9.931139539517481740e-01
9.653864374022683714e-01
5.433999601551015024e-01
2.267976864891966691e-04
1.153449791407816635e-03
6.158602826260011626e-02
8.917775728146524195e-01
9.667619522992392245e-01
9.958924760040359647e-01
8.657032430011873947e-02
2.418180558836798694e-02
3.389125975950389724e-02
1.892588428113470000e-01
5.350510433283800493e-01
3.459895144888316953e-02
3.414642648915051752e-03
1.902720624325528187e-02
1.725226086761398603e-02
1.363834773494555785e-01
8.250067391064274114e-01
9.151150190417034480e-01
9.743161650299472232e-01
5.179062563648727524e-01
6.700522833104264331e-01
3.188550198067541253e-02
2.837270581927590629e-01
9.889614768213035312e-01
9.803153323314366396e-01
9.985031578049498313e-02
1.269154079359694366e-03
5.120470920302436051e-03
1.625777017685946513e-01
9.337234890106690388e-01
9.737489431156354236e-01
9.923280035599213456e-01
1.231834708338926665e-01
2.252508015101596997e-02
3.017194259114461957e-02
1.772641480458571339e-01
5.948341201708753356e-01
4.270633516787979145e-02
9.088070901821992259e-03
1.986185055524350429e-02
4.930894918349096323e-02
1.916432502249846848e-01
5.145784968167601559e-01
1.340362059746578183e-01
3.563940043620224957e-02
1.440035661563779336e-04
3.852521579634470873e-03
2.927298982563727916e-03
4.692867372383631164e-01
9.776721444717461074e-01
9.677317240174676538e-01
7.612877745024307363e-02
7.534970813754160619e-03
2.029191435225231183e-02
3.022632962483496333e-01
9.654624366735404806e-01
9.727313760688998112e-01
9.914760579570732757e-01
1.084356155950243344e-01
3.151071126857614424e-02
3.221611478936644429e-02
1.950677634851217812e-01
8.345020063308901115e-01
9.368637765723432098e-01
6.270667771367841592e-01
6.172568916485840496e-02
1.541261473315253538e-01
5.206370626335797835e-01
1.026656935941138854e-01
3.320990028454248039e-02
3.021316045687512603e-04
0.000000000000000000e+00
6.031734358438622934e-03
4.791745241206194807e-03
8.505638473825629653e-01
9.136520764453407439e-01
9.381563688775071963e-01
5.526664369517153563e-01
6.775389539947940243e-02
4.945049871212646442e-02
5.644656968690855425e-01
9.208685520479601427e-01
9.593351602572582904e-01
5.207359869371014360e-01
2.839753357277952084e-02
1.471233222177227573e-02
6.599995960528864947e-02
4.578138414534019818e-01
8.978653358642387783e-01
9.756846995431780467e-01
9.948550406472966845e-01
7.573191504175804667e-01
9.002668034058893820e-01
3.980369264649684657e-01
1.113246307194440954e-01
2.567627366053220478e-02
0.000000000000000000e+00
0.000000000000000000e+00
5.224170877679831793e-03
3.047662188114910395e-03
8.992325294826193360e-01
9.337118241376367589e-01
9.252764971169942232e-01
9.683965973459149890e-01
6.388278704189354062e-01
4.655515118853951195e-01
7.789100167363437466e-01
9.055599426305767086e-01
9.331308893094347745e-01
1.006852941130242479e-04
1.756311827674245530e-03
1.678387882832634709e-02
9.111175543441993319e-02
5.002585031393140813e-01
9.476481326426532403e-01
9.843241935747277793e-01
1.000000000000000000e+00
9.564467748350948817e-01
8.999875035802611389e-01
7.360042877384516125e-01
2.264173109392342287e-01
8.271648765117767255e-03
0.000000000000000000e+00
2.392243299538008119e-04
0.000000000000000000e+00
8.098670133954731509e-03
9.525908375217300161e-01
9.517964442419921678e-01
1.717263117011848528e-01
9.867144425264642305e-01
9.632012813894375025e-01
9.467173726143971457e-01
8.750523503379314949e-01
9.158250502648499491e-01
8.058395884217837146e-01
3.968889105632147224e-02
0.000000000000000000e+00
1.687587397853912430e-02
1.140714091062458302e-01
3.770749887659450295e-01
8.185757665562835017e-01
9.007721464768438935e-01
8.380820745736088373e-01
3.608358692023902470e-01
5.145210670247566398e-01
1.587851899231577657e-01
1.916923594225032335e-01
4.690083936299901946e-02
1.680385692407393092e-02
4.847024611619461798e-02
6.528837977397100589e-02
3.466698650227720974e-02
9.604203275853656629e-01
1.042253530234846584e-02
1.254439833490648103e-02
9.779988985394469925e-01
9.954871777862190907e-01
9.638717072552809295e-01
9.153048465627069419e-01
9.003679543578708699e-01
8.927627352774285541e-01
2.406485586462203397e-01
2.567711655297390955e-02
4.832585097970538979e-02
4.919392104597532511e-01
5.824307619830206839e-01
5.269551862460408742e-01
4.232278332615347916e-01
1.634421919296780851e-02
2.371231283914138413e-03
1.167606527456363334e-02
1.974341270901970938e-02
1.576869749136201176e-02
9.024931740715769202e-02
9.925514050132970834e-01
9.659467756719982701e-01
9.500371333404404872e-01
7.718392324598635224e-01
9.714510684272834595e-01
0.000000000000000000e+00
8.077154181936172309e-03
9.797290731705764477e-01
9.975851948339402586e-01
9.763241820008339289e-01
9.551630144423696178e-01
9.602706342243491067e-01
9.685526534210885385e-01
9.467048645401847651e-01
8.112210942914902523e-01
8.357414862093400787e-01
8.878460240616796728e-01
2.606672243522041854e-01
1.127578661993626774e-01
7.055468504648101935e-02
0.000000000000000000e+00
0.000000000000000000e+00
0.000000000000000000e+00
0.000000000000000000e+00
0.000000000000000000e+00
0.000000000000000000e+00
9.673582241628547740e-01
9.993577242393644200e-01
9.802402473012813422e-01
9.607133768902809123e-01
9.600666377744468960e-01
0.000000000000000000e+00
1.609976732702344919e-03
2.578226741194304950e-01
1.000000000000000000e+00
9.827037716315885074e-01
9.927271430641576577e-01
9.940576164298244866e-01
9.907639751692860486e-01
9.897911327388208003e-01
9.998394721314668443e-01
9.842679246913095259e-01
9.486019262957072762e-01
4.020927257261797116e-01
1.755595021908578357e-01
2.012743309082216936e-02
0.000000000000000000e+00
0.000000000000000000e+00
0.000000000000000000e+00
0.000000000000000000e+00
0.000000000000000000e+00
0.000000000000000000e+00
0.000000000000000000e+00
9.788210947743062329e-01
9.810056149317399887e-01
9.386633332109391992e-01
6.295580810062123556e-02
0.000000000000000000e+00
0.000000000000000000e+00
1.276705426199728445e-03
1.000000000000000000e+00
1.000000000000000000e+00
1.000000000000000000e+00
9.982201216841571911e-01
1.000000000000000000e+00
9.997370914781082973e-01
1.000000000000000000e+00
9.997337532808812099e-01
9.724425037232615754e-01
8.508372426459868132e-01
1.318298853871780474e-01
3.051515139788776310e-01
3.024731286698784660e-01
1.284519540979863206e-01
5.399014233381926875e-02
0.000000000000000000e+00
0.000000000000000000e+00
0.000000000000000000e+00
0.000000000000000000e+00
2.276832805568693684e-03
9.215949591015903941e-02
1.330006774422730076e-01
1.507630635296603461e-01
1.672941202433634797e-03
0.000000000000000000e+00
0.000000000000000000e+00
5.696420061335523144e-01
9.998529683244812283e-01
9.964902436632839811e-01
9.929605512936250378e-01
1.000000000000000000e+00
1.000000000000000000e+00
1.000000000000000000e+00
1.000000000000000000e+00
9.952911252763778638e-01
9.255388824844462681e-01
9.002497295954059453e-01
9.738919877828514648e-01
9.982523577602648857e-01
9.891836629031212080e-01
8.633801347071908827e-01
4.741074864915407749e-01
0.000000000000000000e+00
0.000000000000000000e+00
0.000000000000000000e+00
0.000000000000000000e+00
0.000000000000000000e+00
6.406300266768881263e-04
9.923698705418202426e-01
1.287393497041525864e-02
9.633131432584651332e-04
4.018413442803639326e-04
0.000000000000000000e+00
1.000000000000000000e+00
9.935723125503022057e-01
9.960444966930551702e-01
1.000000000000000000e+00
9.988039544750182408e-01
1.000000000000000000e+00
1.000000000000000000e+00
1.000000000000000000e+00
9.907567642956447429e-01
9.815524525495618047e-01
9.903272643725682389e-01
1.000000000000000000e+00
1.000000000000000000e+00
9.998720057410237505e-01
9.840224825967271993e-01
9.105621395683659580e-01
5.988653845471160996e-03
0.000000000000000000e+00
0.000000000000000000e+00
0.000000000000000000e+00
0.000000000000000000e+00
9.933717097347799507e-01
1.940727216907917607e-01
1.843672434402189543e-03
2.736208054009346864e-03
0.000000000000000000e+00
8.445416741516813541e-01
1.000000000000000000e+00
9.945986960996688886e-01
9.975456894162687549e-01
9.977179490230214665e-01
9.990462986848327454e-01
1.000000000000000000e+00
1.000000000000000000e+00
9.944510452234908149e-01
9.936266454914303159e-01
1.000000000000000000e+00
1.000000000000000000e+00
1.000000000000000000e+00
1.000000000000000000e+00
1.000000000000000000e+00
1.000000000000000000e+00
9.666489187373208392e-01
7.861427501271615048e-01
2.845931977128085891e-02
1.730930367630538686e-04
0.000000000000000000e+00
1.000000000000000000e+00
9.636412900672233217e-01
4.761899220676962807e-02
0.000000000000000000e+00
0.000000000000000000e+00
0.000000000000000000e+00
1.000000000000000000e+00
1.000000000000000000e+00
1.000000000000000000e+00
9.995728227724645087e-01
9.984716131578694753e-01
1.000000000000000000e+00
1.000000000000000000e+00
9.969312374640227903e-01
1.000000000000000000e+00
1.000000000000000000e+00
1.000000000000000000e+00
1.000000000000000000e+00
1.000000000000000000e+00
1.000000000000000000e+00
1.000000000000000000e+00
1.000000000000000000e+00
1.000000000000000000e+00
9.875722632520700373e-01
7.914942773937951870e-01
5.590260323105836031e-03
1.000000000000000000e+00
9.957695067484439999e-01
9.758617533213785888e-01
0.000000000000000000e+00
0.000000000000000000e+00
0.000000000000000000e+00
7.197872148679743676e-01
1.000000000000000000e+00
1.000000000000000000e+00
1.000000000000000000e+00
1.000000000000000000e+00
1.000000000000000000e+00
1.000000000000000000e+00
1.000000000000000000e+00
1.000000000000000000e+00
1.000000000000000000e+00
1.000000000000000000e+00
1.000000000000000000e+00
1.000000000000000000e+00
1.000000000000000000e+00
1.000000000000000000e+00
1.000000000000000000e+00
1.000000000000000000e+00
1.000000000000000000e+00
9.968718435982176773e-01
9.308701659467857326e-01
1.000000000000000000e+00
9.982799871260763513e-01
9.996057784674035052e-01
5.978822537127859160e-01
0.000000000000000000e+00
0.000000000000000000e+00
2.127094067422053997e-03
9.913381083964568630e-01
1.000000000000000000e+00
1.000000000000000000e+00
9.999165058929881944e-01
1.000000000000000000e+00
1.000000000000000000e+00
1.000000000000000000e+00
1.000000000000000000e+00
1.000000000000000000e+00
1.000000000000000000e+00
1.000000000000000000e+00
1.000000000000000000e+00
1.000000000000000000e+00
1.000000000000000000e+00
1.000000000000000000e+00
1.000000000000000000e+00
1.000000000000000000e+00
1.000000000000000000e+00
9.971676094275556679e-01
1.000000000000000000e+00
9.998170446163463509e-01
9.988807265139243441e-01
9.943202736390128749e-01
7.896668748235833452e-03
4.225295331602691058e-03
7.028586634485708626e-03
5.135492813875108808e-02
1.000000000000000000e+00
9.749602085664065276e-01
9.766321233250958578e-01
9.985959052421975457e-01
9.987470718950831605e-01
1.000000000000000000e+00
1.000000000000000000e+00
1.000000000000000000e+00
1.000000000000000000e+00
1.000000000000000000e+00
1.000000000000000000e+00
1.000000000000000000e+00
1.000000000000000000e+00
1.000000000000000000e+00
1.000000000000000000e+00
1.000000000000000000e+00
1.000000000000000000e+00
1.000000000000000000e+00
