7e-07, 1.14644
6.98249e-07, 1.14204
6.96506e-07, 1.13759
6.94772e-07, 1.1331
6.93046e-07, 1.12856
6.91329e-07, 1.124
6.89621e-07, 1.1194
6.87921e-07, 1.11479
6.8623e-07, 1.11016
6.84546e-07, 1.10552
6.82871e-07, 1.10087
6.81204e-07, 1.09623
6.79545e-07, 1.09159
6.77895e-07, 1.08696
6.76252e-07, 1.08234
6.74617e-07, 1.07775
6.7299e-07, 1.07317
6.71371e-07, 1.06863
6.6976e-07, 1.06411
6.68156e-07, 1.05964
6.66561e-07, 1.05519
6.64972e-07, 1.05079
6.63391e-07, 1.04644
6.61818e-07, 1.04213
6.60252e-07, 1.03787
6.58694e-07, 1.03366
6.57143e-07, 1.02951
6.55599e-07, 1.02541
6.54063e-07, 1.02138
6.52533e-07, 1.0174
6.51011e-07, 1.01348
6.49496e-07, 1.00962
6.47988e-07, 1.00583
6.46486e-07, 1.0021
6.44992e-07, 0.998429
6.43505e-07, 0.994826
6.42025e-07, 0.991288
6.40551e-07, 0.987814
6.39084e-07, 0.984404
6.37624e-07, 0.981057
6.3617e-07, 0.977774
6.34723e-07, 0.974554
6.33283e-07, 0.971396
6.31849e-07, 0.968299
6.30422e-07, 0.965261
6.29001e-07, 0.962282
6.27586e-07, 0.959361
6.26178e-07, 0.956496
6.24776e-07, 0.953686
6.2338e-07, 0.950929
6.21991e-07, 0.948223
6.20608e-07, 0.945567
6.19231e-07, 0.942958
6.1786e-07, 0.940396
6.16495e-07, 0.937879
6.15136e-07, 0.935403
6.13783e-07, 0.932968
6.12436e-07, 0.930572
6.11095e-07, 0.928212
6.0976e-07, 0.925886
6.0843e-07, 0.923593
6.07107e-07, 0.92133
6.05789e-07, 0.919095
6.04477e-07, 0.916887
6.0317e-07, 0.914703
6.01869e-07, 0.912541
6.00574e-07, 0.9104
5.99284e-07, 0.908278
5.98e-07, 0.906172
5.96721e-07, 0.904081
5.95448e-07, 0.902003
5.9418e-07, 0.899936
5.92918e-07, 0.897879
5.91661e-07, 0.895831
5.90409e-07, 0.893788
5.89163e-07, 0.891751
5.87921e-07, 0.889717
5.86685e-07, 0.887685
5.85455e-07, 0.885654
5.84229e-07, 0.883623
5.83008e-07, 0.881591
5.81793e-07, 0.879556
5.80583e-07, 0.877517
5.79377e-07, 0.875473
5.78177e-07, 0.873425
5.76981e-07, 0.87137
5.75791e-07, 0.869308
5.74605e-07, 0.867238
5.73425e-07, 0.86516
5.72249e-07, 0.863074
5.71078e-07, 0.860978
5.69912e-07, 0.858873
5.6875e-07, 0.856758
5.67593e-07, 0.854633
5.66441e-07, 0.852498
5.65294e-07, 0.850353
5.64151e-07, 0.848197
5.63013e-07, 0.84603
5.61879e-07, 0.843853
5.6075e-07, 0.841666
5.59626e-07, 0.839469
5.58506e-07, 0.837261
5.5739e-07, 0.835044
5.56279e-07, 0.832818
5.55172e-07, 0.830583
5.5407e-07, 0.828338
5.52972e-07, 0.826086
5.51879e-07, 0.823825
5.50789e-07, 0.821557
5.49705e-07, 0.819282
5.48624e-07, 0.817001
5.47547e-07, 0.814713
5.46475e-07, 0.81242
5.45407e-07, 0.810122
5.44343e-07, 0.80782
5.43284e-07, 0.805514
5.42228e-07, 0.803205
5.41176e-07, 0.800894
5.40129e-07, 0.79858
5.39086e-07, 0.796265
5.38046e-07, 0.793949
5.37011e-07, 0.791634
5.3598e-07, 0.789318
5.34952e-07, 0.787003
5.33929e-07, 0.78469
5.32909e-07, 0.782379
5.31893e-07, 0.780071
5.30881e-07, 0.777766
5.29873e-07, 0.775465
5.28869e-07, 0.773167
5.27869e-07, 0.770875
5.26872e-07, 0.768587
5.25879e-07, 0.766306
5.2489e-07, 0.76403
5.23905e-07, 0.76176
5.22923e-07, 0.759498
5.21945e-07, 0.757243
5.20971e-07, 0.754995
5.2e-07, 0.752755
5.19033e-07, 0.750523
5.18069e-07, 0.748299
5.17109e-07, 0.746084
5.16153e-07, 0.743878
5.152e-07, 0.741681
5.14251e-07, 0.739494
5.13305e-07, 0.737315
5.12362e-07, 0.735147
5.11423e-07, 0.732988
5.10488e-07, 0.730838
5.09556e-07, 0.728699
5.08627e-07, 0.726569
5.07702e-07, 0.724449
5.0678e-07, 0.722339
5.05861e-07, 0.720239
5.04946e-07, 0.718149
5.04034e-07, 0.716068
5.03125e-07, 0.713998
5.0222e-07, 0.711936
5.01317e-07, 0.709885
5.00418e-07, 0.707843
4.99523e-07, 0.70581
4.9863e-07, 0.703786
4.97741e-07, 0.701771
4.96855e-07, 0.699765
4.95972e-07, 0.697768
4.95092e-07, 0.69578
4.94215e-07, 0.693799
4.93341e-07, 0.691827
4.92471e-07, 0.689863
4.91603e-07, 0.687906
4.90739e-07, 0.685957
4.89877e-07, 0.684015
4.89019e-07, 0.682081
4.88163e-07, 0.680153
4.87311e-07, 0.678232
4.86461e-07, 0.676317
4.85615e-07, 0.674409
4.84771e-07, 0.672506
4.83931e-07, 0.67061
4.83093e-07, 0.668719
4.82258e-07, 0.666833
4.81426e-07, 0.664952
4.80597e-07, 0.663077
4.79771e-07, 0.661206
4.78947e-07, 0.65934
4.78127e-07, 0.657478
4.77309e-07, 0.655621
4.76494e-07, 0.653768
4.75682e-07, 0.651918
4.74872e-07, 0.650073
4.74066e-07, 0.648231
4.73262e-07, 0.646392
4.7246e-07, 0.644557
4.71662e-07, 0.642725
4.70866e-07, 0.640897
4.70073e-07, 0.639071
4.69283e-07, 0.637248
4.68495e-07, 0.635429
4.67709e-07, 0.633612
4.66927e-07, 0.631797
4.66147e-07, 0.629986
4.6537e-07, 0.628177
4.64595e-07, 0.626371
4.63823e-07, 0.624567
4.63053e-07, 0.622766
4.62286e-07, 0.620968
4.61521e-07, 0.619172
4.60759e-07, 0.617378
4.6e-07, 0.615588
4.59243e-07, 0.6138
4.58488e-07, 0.612014
4.57736e-07, 0.610231
4.56987e-07, 0.608451
4.5624e-07, 0.606674
4.55495e-07, 0.6049
4.54753e-07, 0.603128
4.54013e-07, 0.60136
4.53276e-07, 0.599594
4.52541e-07, 0.597832
4.51808e-07, 0.596073
4.51078e-07, 0.594317
4.5035e-07, 0.592565
4.49624e-07, 0.590816
4.48901e-07, 0.589071
4.4818e-07, 0.587329
4.47461e-07, 0.585591
4.46745e-07, 0.583857
4.46031e-07, 0.582127
4.45319e-07, 0.580402
4.4461e-07, 0.57868
4.43902e-07, 0.576963
4.43197e-07, 0.57525
4.42495e-07, 0.573542
4.41794e-07, 0.571838
4.41096e-07, 0.570139
4.404e-07, 0.568445
4.39706e-07, 0.566756
4.39014e-07, 0.565071
4.38325e-07, 0.563392
4.37637e-07, 0.561718
4.36952e-07, 0.56005
4.36269e-07, 0.558386
4.35588e-07, 0.556729
4.34909e-07, 0.555076
4.34232e-07, 0.55343
4.33558e-07, 0.551789
4.32885e-07, 0.550153
4.32215e-07, 0.548523
4.31546e-07, 0.5469
4.3088e-07, 0.545282
4.30216e-07, 0.54367
4.29554e-07, 0.542063
4.28893e-07, 0.540463
4.28235e-07, 0.538869
4.27579e-07, 0.537281
4.26925e-07, 0.535698
4.26273e-07, 0.534122
4.25623e-07, 0.532552
4.24975e-07, 0.530988
4.24328e-07, 0.529429
4.23684e-07, 0.527877
4.23042e-07, 0.526331
4.22402e-07, 0.52479
4.21763e-07, 0.523256
4.21127e-07, 0.521727
4.20492e-07, 0.520204
4.1986e-07, 0.518687
4.19229e-07, 0.517176
4.186e-07, 0.51567
4.17973e-07, 0.51417
4.17348e-07, 0.512675
4.16725e-07, 0.511186
4.16103e-07, 0.509702
4.15484e-07, 0.508223
4.14866e-07, 0.50675
4.1425e-07, 0.505281
4.13636e-07, 0.503818
4.13024e-07, 0.50236
4.12414e-07, 0.500906
4.11805e-07, 0.499457
4.11198e-07, 0.498013
4.10593e-07, 0.496573
4.0999e-07, 0.495138
4.09389e-07, 0.493707
4.08789e-07, 0.49228
4.08191e-07, 0.490857
4.07595e-07, 0.489439
4.07e-07, 0.488024
4.06408e-07, 0.486613
4.05817e-07, 0.485205
4.05227e-07, 0.483802
4.0464e-07, 0.482401
4.04054e-07, 0.481004
4.0347e-07, 0.47961
4.02887e-07, 0.47822
4.02307e-07, 0.476832
4.01727e-07, 0.475447
4.0115e-07, 0.474065
4.00574e-07, 0.472686
4e-07, 0.47131



