7e-07, 1.1618
6.98249e-07, 1.16152
6.96506e-07, 1.16123
6.94772e-07, 1.16093
6.93046e-07, 1.16063
6.91329e-07, 1.16034
6.89621e-07, 1.16005
6.87921e-07, 1.15978
6.8623e-07, 1.15952
6.84546e-07, 1.15928
6.82871e-07, 1.15904
6.81204e-07, 1.15883
6.79545e-07, 1.15862
6.77895e-07, 1.15843
6.76252e-07, 1.15825
6.74617e-07, 1.15809
6.7299e-07, 1.15795
6.71371e-07, 1.15784
6.6976e-07, 1.15777
6.68156e-07, 1.15774
6.66561e-07, 1.15777
6.64972e-07, 1.15787
6.63391e-07, 1.15805
6.61818e-07, 1.15831
6.60252e-07, 1.15868
6.58694e-07, 1.15915
6.57143e-07, 1.15973
6.55599e-07, 1.16042
6.54063e-07, 1.16122
6.52533e-07, 1.16214
6.51011e-07, 1.16316
6.49496e-07, 1.16428
6.47988e-07, 1.16549
6.46486e-07, 1.16679
6.44992e-07, 1.16816
6.43505e-07, 1.1696
6.42025e-07, 1.1711
6.40551e-07, 1.17265
6.39084e-07, 1.17425
6.37624e-07, 1.17589
6.3617e-07, 1.17758
6.34723e-07, 1.17931
6.33283e-07, 1.18109
6.31849e-07, 1.18291
6.30422e-07, 1.18479
6.29001e-07, 1.18672
6.27586e-07, 1.18871
6.26178e-07, 1.19076
6.24776e-07, 1.19288
6.2338e-07, 1.19507
6.21991e-07, 1.19733
6.20608e-07, 1.19966
6.19231e-07, 1.20206
6.1786e-07, 1.20452
6.16495e-07, 1.20706
6.15136e-07, 1.20965
6.13783e-07, 1.21231
6.12436e-07, 1.21502
6.11095e-07, 1.21779
6.0976e-07, 1.22062
6.0843e-07, 1.22351
6.07107e-07, 1.22645
6.05789e-07, 1.22946
6.04477e-07, 1.23253
6.0317e-07, 1.23566
6.01869e-07, 1.23887
6.00574e-07, 1.24216
5.99284e-07, 1.24553
5.98e-07, 1.24898
5.96721e-07, 1.25253
5.95448e-07, 1.25616
5.9418e-07, 1.25989
5.92918e-07, 1.26371
5.91661e-07, 1.26763
5.90409e-07, 1.27164
5.89163e-07, 1.27574
5.87921e-07, 1.27994
5.86685e-07, 1.28422
5.85455e-07, 1.28859
5.84229e-07, 1.29304
5.83008e-07, 1.29759
5.81793e-07, 1.30221
5.80583e-07, 1.30693
5.79377e-07, 1.31173
5.78177e-07, 1.31661
5.76981e-07, 1.3216
5.75791e-07, 1.32667
5.74605e-07, 1.33185
5.73425e-07, 1.33712
5.72249e-07, 1.34251
5.71078e-07, 1.348
5.69912e-07, 1.3536
5.6875e-07, 1.35931
5.67593e-07, 1.36513
5.66441e-07, 1.37107
5.65294e-07, 1.37712
5.64151e-07, 1.38328
5.63013e-07, 1.38955
5.61879e-07, 1.39592
5.6075e-07, 1.4024
5.59626e-07, 1.40899
5.58506e-07, 1.41567
5.5739e-07, 1.42245
5.56279e-07, 1.42933
5.55172e-07, 1.43631
5.5407e-07, 1.44339
5.52972e-07, 1.45057
5.51879e-07, 1.45784
5.50789e-07, 1.46522
5.49705e-07, 1.4727
5.48624e-07, 1.48028
5.47547e-07, 1.48796
5.46475e-07, 1.49575
5.45407e-07, 1.50364
5.44343e-07, 1.51163
5.43284e-07, 1.51971
5.42228e-07, 1.5279
5.41176e-07, 1.53617
5.40129e-07, 1.54454
5.39086e-07, 1.55299
5.38046e-07, 1.56151
5.37011e-07, 1.57011
5.3598e-07, 1.57877
5.34952e-07, 1.58749
5.33929e-07, 1.59627
5.32909e-07, 1.6051
5.31893e-07, 1.61398
5.30881e-07, 1.6229
5.29873e-07, 1.63186
5.28869e-07, 1.64085
5.27869e-07, 1.64987
5.26872e-07, 1.65891
5.25879e-07, 1.66798
5.2489e-07, 1.67706
5.23905e-07, 1.68615
5.22923e-07, 1.69525
5.21945e-07, 1.70435
5.20971e-07, 1.71344
5.2e-07, 1.72252
5.19033e-07, 1.73157
5.18069e-07, 1.74058
5.17109e-07, 1.74956
5.16153e-07, 1.75849
5.152e-07, 1.76735
5.14251e-07, 1.77615
5.13305e-07, 1.78486
5.12362e-07, 1.7935
5.11423e-07, 1.80203
5.10488e-07, 1.81047
5.09556e-07, 1.8188
5.08627e-07, 1.82702
5.07702e-07, 1.83511
5.0678e-07, 1.84309
5.05861e-07, 1.85093
5.04946e-07, 1.85864
5.04034e-07, 1.86621
5.03125e-07, 1.87364
5.0222e-07, 1.88092
5.01317e-07, 1.88804
5.00418e-07, 1.89501
4.99523e-07, 1.90181
4.9863e-07, 1.90844
4.97741e-07, 1.9149
4.96855e-07, 1.92118
4.95972e-07, 1.92728
4.95092e-07, 1.93319
4.94215e-07, 1.9389
4.93341e-07, 1.94442
4.92471e-07, 1.94974
4.91603e-07, 1.95487
4.90739e-07, 1.95979
4.89877e-07, 1.96451
4.89019e-07, 1.96902
4.88163e-07, 1.97335
4.87311e-07, 1.97747
4.86461e-07, 1.9814
4.85615e-07, 1.98513
4.84771e-07, 1.98868
4.83931e-07, 1.99204
4.83093e-07, 1.99522
4.82258e-07, 1.99822
4.81426e-07, 2.00104
4.80597e-07, 2.00369
4.79771e-07, 2.00616
4.78947e-07, 2.00846
4.78127e-07, 2.01059
4.77309e-07, 2.01256
4.76494e-07, 2.01437
4.75682e-07, 2.01602
4.74872e-07, 2.01751
4.74066e-07, 2.01884
4.73262e-07, 2.02003
4.7246e-07, 2.02108
4.71662e-07, 2.02198
4.70866e-07, 2.02276
4.70073e-07, 2.02341
4.69283e-07, 2.02394
4.68495e-07, 2.02435
4.67709e-07, 2.02466
4.66927e-07, 2.02487
4.66147e-07, 2.02498
4.6537e-07, 2.02501
4.64595e-07, 2.02495
4.63823e-07, 2.02481
4.63053e-07, 2.0246
4.62286e-07, 2.02431
4.61521e-07, 2.02397
4.60759e-07, 2.02355
4.6e-07, 2.02308
4.59243e-07, 2.02255
4.58488e-07, 2.02197
4.57736e-07, 2.02133
4.56987e-07, 2.02065
4.5624e-07, 2.01992
4.55495e-07, 2.01916
4.54753e-07, 2.01836
4.54013e-07, 2.01752
4.53276e-07, 2.01666
4.52541e-07, 2.01578
4.51808e-07, 2.01489
4.51078e-07, 2.01398
4.5035e-07, 2.01306
4.49624e-07, 2.01214
4.48901e-07, 2.01123
4.4818e-07, 2.01032
4.47461e-07, 2.00941
4.46745e-07, 2.00852
4.46031e-07, 2.00764
4.45319e-07, 2.00678
4.4461e-07, 2.00594
4.43902e-07, 2.00511
4.43197e-07, 2.0043
4.42495e-07, 2.00351
4.41794e-07, 2.00274
4.41096e-07, 2.002
4.404e-07, 2.00128
4.39706e-07, 2.00059
4.39014e-07, 1.99993
4.38325e-07, 1.9993
4.37637e-07, 1.99871
4.36952e-07, 1.99816
4.36269e-07, 1.99765
4.35588e-07, 1.99719
4.34909e-07, 1.99677
4.34232e-07, 1.99642
4.33558e-07, 1.99612
4.32885e-07, 1.99588
4.32215e-07, 1.99571
4.31546e-07, 1.9956
4.3088e-07, 1.99556
4.30216e-07, 1.99559
4.29554e-07, 1.99568
4.28893e-07, 1.99585
4.28235e-07, 1.99609
4.27579e-07, 1.9964
4.26925e-07, 1.99678
4.26273e-07, 1.99723
4.25623e-07, 1.99775
4.24975e-07, 1.99835
4.24328e-07, 1.99903
4.23684e-07, 1.99979
4.23042e-07, 2.00064
4.22402e-07, 2.00157
4.21763e-07, 2.0026
4.21127e-07, 2.00372
4.20492e-07, 2.00494
4.1986e-07, 2.00626
4.19229e-07, 2.0077
4.186e-07, 2.00924
4.17973e-07, 2.01091
4.17348e-07, 2.01269
4.16725e-07, 2.01459
4.16103e-07, 2.01662
4.15484e-07, 2.01878
4.14866e-07, 2.02106
4.1425e-07, 2.02347
4.13636e-07, 2.02601
4.13024e-07, 2.02868
4.12414e-07, 2.03149
4.11805e-07, 2.03443
4.11198e-07, 2.03751
4.10593e-07, 2.04074
4.0999e-07, 2.04411
4.09389e-07, 2.04764
4.08789e-07, 2.05133
4.08191e-07, 2.05518
4.07595e-07, 2.05921
4.07e-07, 2.06343
4.06408e-07, 2.06783
4.05817e-07, 2.07243
4.05227e-07, 2.07724
4.0464e-07, 2.08226
4.04054e-07, 2.0875
4.0347e-07, 2.09298
4.02887e-07, 2.09868
4.02307e-07, 2.10463
4.01727e-07, 2.11083
4.0115e-07, 2.11728
4.00574e-07, 2.124
4e-07, 2.13098



