7e-07, 0.976518
6.98249e-07, 0.974957
6.96506e-07, 0.973402
6.94772e-07, 0.971854
6.93046e-07, 0.970313
6.91329e-07, 0.968779
6.89621e-07, 0.967253
6.87921e-07, 0.965734
6.8623e-07, 0.964224
6.84546e-07, 0.962722
6.82871e-07, 0.961228
6.81204e-07, 0.959744
6.79545e-07, 0.95827
6.77895e-07, 0.956805
6.76252e-07, 0.955351
6.74617e-07, 0.953907
6.7299e-07, 0.952473
6.71371e-07, 0.951051
6.6976e-07, 0.949639
6.68156e-07, 0.948239
6.66561e-07, 0.94685
6.64972e-07, 0.945473
6.63391e-07, 0.944107
6.61818e-07, 0.942753
6.60252e-07, 0.941411
6.58694e-07, 0.940081
6.57143e-07, 0.938763
6.55599e-07, 0.937458
6.54063e-07, 0.936166
6.52533e-07, 0.934888
6.51011e-07, 0.933622
6.49496e-07, 0.932371
6.47988e-07, 0.931134
6.46486e-07, 0.929911
6.44992e-07, 0.928702
6.43505e-07, 0.927508
6.42025e-07, 0.92633
6.40551e-07, 0.925166
6.39084e-07, 0.924017
6.37624e-07, 0.922884
6.3617e-07, 0.921766
6.34723e-07, 0.920663
6.33283e-07, 0.919575
6.31849e-07, 0.918503
6.30422e-07, 0.917446
6.29001e-07, 0.916405
6.27586e-07, 0.91538
6.26178e-07, 0.91437
6.24776e-07, 0.913376
6.2338e-07, 0.912398
6.21991e-07, 0.911437
6.20608e-07, 0.910492
6.19231e-07, 0.909564
6.1786e-07, 0.908652
6.16495e-07, 0.907757
6.15136e-07, 0.906879
6.13783e-07, 0.906019
6.12436e-07, 0.905175
6.11095e-07, 0.904348
6.0976e-07, 0.903539
6.0843e-07, 0.902747
6.07107e-07, 0.901972
6.05789e-07, 0.901214
6.04477e-07, 0.900474
6.0317e-07, 0.899751
6.01869e-07, 0.899045
6.00574e-07, 0.898357
5.99284e-07, 0.897687
5.98e-07, 0.897034
5.96721e-07, 0.896399
5.95448e-07, 0.895782
5.9418e-07, 0.895184
5.92918e-07, 0.894604
5.91661e-07, 0.894042
5.90409e-07, 0.893499
5.89163e-07, 0.892975
5.87921e-07, 0.892469
5.86685e-07, 0.891983
5.85455e-07, 0.891516
5.84229e-07, 0.891067
5.83008e-07, 0.890638
5.81793e-07, 0.890228
5.80583e-07, 0.889837
5.79377e-07, 0.889465
5.78177e-07, 0.889113
5.76981e-07, 0.88878
5.75791e-07, 0.888466
5.74605e-07, 0.888171
5.73425e-07, 0.887896
5.72249e-07, 0.887641
5.71078e-07, 0.887405
5.69912e-07, 0.887188
5.6875e-07, 0.886992
5.67593e-07, 0.886815
5.66441e-07, 0.886658
5.65294e-07, 0.886521
5.64151e-07, 0.886403
5.63013e-07, 0.886306
5.61879e-07, 0.886228
5.6075e-07, 0.88617
5.59626e-07, 0.886131
5.58506e-07, 0.886112
5.5739e-07, 0.886112
5.56279e-07, 0.886132
5.55172e-07, 0.886171
5.5407e-07, 0.886229
5.52972e-07, 0.886306
5.51879e-07, 0.886402
5.50789e-07, 0.886518
5.49705e-07, 0.886651
5.48624e-07, 0.886804
5.47547e-07, 0.886976
5.46475e-07, 0.887166
5.45407e-07, 0.887375
5.44343e-07, 0.887602
5.43284e-07, 0.887848
5.42228e-07, 0.888112
5.41176e-07, 0.888395
5.40129e-07, 0.888696
5.39086e-07, 0.889015
5.38046e-07, 0.889351
5.37011e-07, 0.889706
5.3598e-07, 0.890079
5.34952e-07, 0.890469
5.33929e-07, 0.890877
5.32909e-07, 0.891302
5.31893e-07, 0.891744
5.30881e-07, 0.892203
5.29873e-07, 0.89268
5.28869e-07, 0.893174
5.27869e-07, 0.893685
5.26872e-07, 0.894212
5.25879e-07, 0.894757
5.2489e-07, 0.895318
5.23905e-07, 0.895897
5.22923e-07, 0.896492
5.21945e-07, 0.897103
5.20971e-07, 0.897732
5.2e-07, 0.898376
5.19033e-07, 0.899038
5.18069e-07, 0.899715
5.17109e-07, 0.900409
5.16153e-07, 0.901118
5.152e-07, 0.901844
5.14251e-07, 0.902585
5.13305e-07, 0.903342
5.12362e-07, 0.904115
5.11423e-07, 0.904902
5.10488e-07, 0.905705
5.09556e-07, 0.906524
5.08627e-07, 0.907357
5.07702e-07, 0.908205
5.0678e-07, 0.909067
5.05861e-07, 0.909944
5.04946e-07, 0.910836
5.04034e-07, 0.911742
5.03125e-07, 0.912662
5.0222e-07, 0.913596
5.01317e-07, 0.914544
5.00418e-07, 0.915505
4.99523e-07, 0.91648
4.9863e-07, 0.917468
4.97741e-07, 0.918469
4.96855e-07, 0.919482
4.95972e-07, 0.920508
4.95092e-07, 0.921545
4.94215e-07, 0.922595
4.93341e-07, 0.923656
4.92471e-07, 0.924729
4.91603e-07, 0.925813
4.90739e-07, 0.926908
4.89877e-07, 0.928014
4.89019e-07, 0.92913
4.88163e-07, 0.930256
4.87311e-07, 0.931393
4.86461e-07, 0.93254
4.85615e-07, 0.933696
4.84771e-07, 0.934862
4.83931e-07, 0.936037
4.83093e-07, 0.937221
4.82258e-07, 0.938413
4.81426e-07, 0.939615
4.80597e-07, 0.940824
4.79771e-07, 0.942042
4.78947e-07, 0.943268
4.78127e-07, 0.944501
4.77309e-07, 0.945742
4.76494e-07, 0.94699
4.75682e-07, 0.948245
4.74872e-07, 0.949507
4.74066e-07, 0.950775
4.73262e-07, 0.95205
4.7246e-07, 0.953331
4.71662e-07, 0.954618
4.70866e-07, 0.955911
4.70073e-07, 0.957209
4.69283e-07, 0.958514
4.68495e-07, 0.959823
4.67709e-07, 0.961138
4.66927e-07, 0.962458
4.66147e-07, 0.963783
4.6537e-07, 0.965112
4.64595e-07, 0.966446
4.63823e-07, 0.967784
4.63053e-07, 0.969125
4.62286e-07, 0.970471
4.61521e-07, 0.97182
4.60759e-07, 0.973173
4.6e-07, 0.974528
4.59243e-07, 0.975886
4.58488e-07, 0.977247
4.57736e-07, 0.97861
4.56987e-07, 0.979975
4.5624e-07, 0.981343
4.55495e-07, 0.982711
4.54753e-07, 0.984082
4.54013e-07, 0.985453
4.53276e-07, 0.986826
4.52541e-07, 0.988199
4.51808e-07, 0.989573
4.51078e-07, 0.990947
4.5035e-07, 0.992321
4.49624e-07, 0.993695
4.48901e-07, 0.995068
4.4818e-07, 0.99644
4.47461e-07, 0.997812
4.46745e-07, 0.999181
4.46031e-07, 1.00055
4.45319e-07, 1.00192
4.4461e-07, 1.00328
4.43902e-07, 1.00464
4.43197e-07, 1.006
4.42495e-07, 1.00735
4.41794e-07, 1.00871
4.41096e-07, 1.01005
4.404e-07, 1.0114
4.39706e-07, 1.01274
4.39014e-07, 1.01408
4.38325e-07, 1.01541
4.37637e-07, 1.01673
4.36952e-07, 1.01806
4.36269e-07, 1.01937
4.35588e-07, 1.02069
4.34909e-07, 1.02199
4.34232e-07, 1.02329
4.33558e-07, 1.02459
4.32885e-07, 1.02588
4.32215e-07, 1.02716
4.31546e-07, 1.02843
4.3088e-07, 1.0297
4.30216e-07, 1.03096
4.29554e-07, 1.03222
4.28893e-07, 1.03347
4.28235e-07, 1.03471
4.27579e-07, 1.03594
4.26925e-07, 1.03716
4.26273e-07, 1.03838
4.25623e-07, 1.03959
4.24975e-07, 1.04078
4.24328e-07, 1.04198
4.23684e-07, 1.04316
4.23042e-07, 1.04433
4.22402e-07, 1.0455
4.21763e-07, 1.04665
4.21127e-07, 1.0478
4.20492e-07, 1.04894
4.1986e-07, 1.05007
4.19229e-07, 1.05118
4.186e-07, 1.05229
4.17973e-07, 1.05339
4.17348e-07, 1.05448
4.16725e-07, 1.05555
4.16103e-07, 1.05662
4.15484e-07, 1.05768
4.14866e-07, 1.05872
4.1425e-07, 1.05975
4.13636e-07, 1.06077
4.13024e-07, 1.06178
4.12414e-07, 1.06278
4.11805e-07, 1.06377
4.11198e-07, 1.06474
4.10593e-07, 1.0657
4.0999e-07, 1.06665
4.09389e-07, 1.06759
4.08789e-07, 1.06851
4.08191e-07, 1.06943
4.07595e-07, 1.07032
4.07e-07, 1.07121
4.06408e-07, 1.07208
4.05817e-07, 1.07294
4.05227e-07, 1.07378
4.0464e-07, 1.07461
4.04054e-07, 1.07542
4.0347e-07, 1.07622
4.02887e-07, 1.07701
4.02307e-07, 1.07778
4.01727e-07, 1.07854
4.0115e-07, 1.07928
4.00574e-07, 1.08
4e-07, 1.08071



