3.042783824339927650e-07
2.092291856019050101e-07
1.419435698913489851e-07
9.492548133259560879e-08
6.253484111195188414e-08
4.056049391165922737e-08
2.589478834469130617e-08
1.627635988534808384e-08
1.008485275473672820e-08
6.178109015869743745e-09
3.764852597053819524e-09
2.306862919778777797e-09
1.445203941533315862e-09
9.456396069394922972e-10
6.590032113736806750e-10
4.929642736522814932e-10
3.922990041519073238e-10
3.253768011828937953e-10
2.751009432386926272e-10
2.329782164500776669e-10
1.953421595456941326e-10
1.610268838252576267e-10
1.299948618389527529e-10
1.025750097090053806e-10
7.907827712483740704e-11
5.963672890121292693e-11
4.416692625674787020e-11
3.239577829234823213e-11
2.391192371029932625e-11
1.822186144354382270e-11
1.480021999015987652e-11
1.312970883888022147e-11
1.272981809098587287e-11
1.317518108329957264e-11
1.410533618283478048e-11
1.522784516482670560e-11
1.631662156094776255e-11
1.720706424289949255e-11
1.778928137036791811e-11
1.800038482978105309e-11
1.781656418418750895e-11
1.724542343888560205e-11
1.631888513330132953e-11
1.508683064408745578e-11
1.361154699137099723e-11
1.196298208150040528e-11
1.021476569217381082e-11
8.440926875541746629e-12
6.713225039307142075e-12
5.099007947756868465e-12
3.659512336700656116e-12
2.448529606048856820e-12
1.511368638328366324e-12
8.840592179442958161e-13
5.927522460115157896e-13
6.532867465286340486e-13
1.070908593217436771e-12
1.840142212160883755e-12
2.944834657673813453e-12
4.358411972915465410e-12
6.044411292091879939e-12
7.957379457951643862e-12
1.004426081389362840e-11
1.224643411065329899e-11
1.450260196168530863e-11
1.675278674873415021e-11
1.894374494950151690e-11
2.103617793473957567e-11
2.301419140595177383e-11
2.489753733616304978e-11
2.675726033514854728e-11
2.873546267470874311e-11
3.106999563446612789e-11
3.412497530669637640e-11
3.842810425073173762e-11
4.471585382265805310e-11
5.398762905571760053e-11
6.757011702624975153e-11
8.719316149209240303e-11
1.150788270355470720e-10
1.540460551196861373e-10
2.076349421427612999e-10
2.802580682855908980e-10
3.773930838856277254e-10
5.058437769517711672e-10
6.741210826343536305e-10
8.930394742669788947e-10
1.176702234115569193e-09
1.544184995202559944e-09
2.022459447720599488e-09
2.651490582267582898e-09
3.493090149599087919e-09
4.646170498901890903e-09
6.272753886079994835e-09
8.641811527252719311e-09
1.220226714505677260e-08
1.770307779720202659e-08
2.638830488220558548e-08
4.031003667390015386e-08
6.282394731963099310e-08
