9.775166708149983785e-01
9.765788511033750563e-01
9.751922663033057992e-01
9.733411724923842767e-01
9.710157263026752972e-01
9.682123816485317391e-01
9.649337332604744910e-01
9.611880037193908377e-01
9.569883301565049738e-01
9.523519675355776037e-01
9.472994909564407262e-01
9.418540508640421693e-01
9.360407124802607726e-01
9.298858936399191366e-01
9.234169028143813795e-01
9.166615707039909022e-01
9.096479636652690104e-01
9.024041647546532374e-01
8.949581076743091668e-01
8.873374498355119933e-01
8.795694725929289470e-01
8.716809990140108599e-01
8.636983219927768518e-01
8.556471378372930703e-01
8.475524824882267882e-01
8.394386691741614337e-01
8.313292275398037612e-01
8.232468451173867718e-01
8.152133124882743331e-01
8.072494736670783322e-01
7.993751831983122447e-01
7.916092712572120327e-01
7.839695177470119569e-01
7.764726360388835014e-01
7.691342666457904320e-01
7.619689807866807385e-01
7.549902935021474137e-01
7.482106857365029562e-01
7.416416346082213007e-01
7.352936509481686755e-01
7.291763230883813174e-01
7.232983658239107161e-01
7.176676734396519874e-01
7.122913756822741860e-01
7.071758955570589533e-01
7.023270078341240508e-01
6.977498971518901749e-01
6.934492146053826689e-01
6.894291317008156561e-01
6.856933905462583301e-01
6.822453491328794861e-01
6.790880205449644214e-01
6.762241049233188583e-01
6.736560130001348901e-01
6.713858800271459426e-01
6.694155689370379081e-01
6.677466616114053899e-01
6.663804371782180436e-01
6.653178363238083648e-01
6.645594106752377161e-01
6.641052563759400895e-01
6.639549310304568852e-01
6.641073532105453703e-01
6.645606836734461176e-01
6.653121873116336626e-01
6.663580745989654552e-01
6.676933208795420294e-01
6.693114612217397896e-01
6.712043576879058726e-01
6.733619347119373932e-01
6.757718768038203372e-01
6.784192810034544996e-01
6.812862544031722534e-01
6.843514447130571998e-01
6.875894893763564442e-01
6.909703663546437058e-01
6.944586276998220287e-01
6.980124958384629208e-01
7.015828026996325795e-01
7.051117541704753355e-01
7.085315078100349329e-01
7.117625614224371011e-01
7.147119652829428960e-01
7.172713929280932765e-01
7.193151358471564505e-01
7.206981273099908325e-01
7.212541505618080828e-01
7.207944463405470126e-01
7.191070021664057732e-01
7.159568768289648055e-01
7.110879805426701950e-01
7.042267831526497490e-01
6.950884442734235336e-01
6.833858314663390221e-01
6.688417949661760176e-01
6.512048813363516819e-01
6.302683825863678591e-01
6.058922351440605425e-01
5.780268299827332479e-01
5.467373230187657640e-01
