2.589648969107781061e-04
9.417776847487575658e-04
2.049241822128082882e-03
3.577480533795986215e-03
5.520346652142299991e-03
7.869573821542314579e-03
1.061491383068762819e-02
1.374426436365936387e-02
1.724379987937165598e-02
2.109811683969728055e-02
2.529039780622419770e-02
2.980259145705558069e-02
3.461560036478988217e-02
3.970946667156895205e-02
4.506354731695192545e-02
5.065667400427713296e-02
5.646729713011749974e-02
6.247361617950759199e-02
6.865370085779802511e-02
7.498560732549097718e-02
8.144749264098663510e-02
8.801772849492073281e-02
9.467501320150460697e-02
1.013984792505755739e-01
1.081677928554011098e-01
1.149632419458851418e-01
1.217658098288521007e-01
1.285572329960806837e-01
1.353200429818957051e-01
1.420375934520417271e-01
1.486940746251828038e-01
1.552745175782588027e-01
1.617647909714065857e-01
1.681515923403215929e-01
1.744224354929765075e-01
1.805656348778739984e-01
1.865702872079169627e-01
1.924262502291919641e-01
1.981241183632865277e-01
2.036551950158013435e-01
2.090114615785172159e-01
2.141855434767880595e-01
2.191706739385841651e-01
2.239606564080620643e-01
2.285498266412493151e-01
2.329330154813850084e-01
2.371055131284479922e-01
2.410630354299834466e-01
2.448016923868021888e-01
2.483179587517515274e-01
2.516086463612829949e-01
2.546708777203940399e-01
2.575020603801680408e-01
2.600998617956214454e-01
2.624621845971080725e-01
2.645871424997489063e-01
2.664730373515915574e-01
2.681183380237031622e-01
2.695216619277410186e-01
2.706817598841914085e-01
2.715975048591853236e-01
2.722678847691896165e-01
2.726919991740074378e-01
2.728690593068174852e-01
2.727983905974305512e-01
2.724794366928625644e-01
2.719117640086974874e-01
2.710950660659635636e-01
2.700291672576290991e-01
2.687140261902356553e-01
2.671497392781939650e-01
2.653365457370938096e-01
2.632748354367299148e-01
2.609651611609778432e-01
2.584082566396169178e-01
2.556050612663314237e-01
2.525567517415184260e-01
2.492647800642202038e-01
2.457309164610864682e-01
2.419572951188736498e-01
2.379464601179559491e-01
2.337014088739268469e-01
2.292256307737429999e-01
2.245231395905234184e-01
2.195984996565113756e-01
2.144568475710803279e-01
2.091039132248047050e-01
2.035460458302455755e-01
1.977902520605647474e-01
1.918442538149941201e-01
1.857165720439415968e-01
1.794166400323073673e-01
1.729549443418745003e-01
1.663431844395905912e-01
1.595944336489674986e-01
1.527232759270709395e-01
1.457458872175367293e-01
1.386800293513986704e-01
1.315449311620315309e-01
1.243610473498677621e-01
