9.016097300744209120e-01
9.025362550157005614e-01
9.034704766430567968e-01
9.043886103478241401e-01
9.052670422060059563e-01
9.060842567060397590e-01
9.068219843491838184e-01
9.074657142499885643e-01
9.080047239124714453e-01
9.084317708976999972e-01
9.087425747175337243e-01
9.089351960032399091e-01
9.090093968277010994e-01
9.089660431899111437e-01
9.088065896805263000e-01
9.085326682516116081e-01
9.081457883560464239e-01
9.076471446475055105e-01
9.070375207612327850e-01
9.063172730524543530e-01
9.054863760375124748e-01
9.045445111082902612e-01
9.034911813373069922e-01
9.023258373635207885e-01
9.010480020425220005e-01
8.996573844289826871e-01
8.981539764847409346e-01
8.965381285069572437e-01
8.948106015295632654e-01
8.929725968159487604e-01
8.910257640082103192e-01
8.889721905422534043e-01
8.868143756063748828e-01
8.845551922627455932e-01
8.821978414147954028e-01
8.797458011468894945e-01
8.772027746382499158e-01
8.745726394126843717e-01
8.718594001743298350e-01
8.690671469366628710e-01
8.662000196098684768e-01
8.632621796955757265e-01
8.602577892675578042e-01
8.571909970051974081e-01
8.540659307011901902e-01
8.508866953912140874e-01
8.476573760501581178e-01
8.443820436666245044e-01
8.410647634394879946e-01
8.377096038333351480e-01
8.343206452767084613e-01
8.309019873823766389e-01
8.274577537056411192e-01
8.239920932278692600e-01
8.205091779521442863e-01
8.170131962189328689e-01
8.135083415864025058e-01
8.099987973650685236e-01
8.064887171445820346e-01
8.029822018942952555e-01
7.994832744521228607e-01
7.959958524310454253e-01
7.925237207612658707e-01
7.890705052403500508e-01
7.856396485734860047e-01
7.822343904423232352e-01
7.788577531313518598e-01
7.755125341547123297e-01
7.722013071515224647e-01
7.689264320428632615e-01
7.656900750575778014e-01
7.624942387308408787e-01
7.593408013529661105e-01
7.562315646011595893e-01
7.531683072326765815e-01
7.501528417770839674e-01
7.471870701757266087e-01
7.442730333268759990e-01
7.414129485862569480e-01
7.386092285344885155e-01
7.358644738813094888e-01
7.331814333770544367e-01
7.305629242183453442e-01
7.280117078598917768e-01
7.255303185876688099e-01
7.231208458781963611e-01
7.207846766522668647e-01
7.185222101604220590e-01
7.163325664364404988e-01
7.142133188737594951e-01
7.121602920791260116e-01
7.101674769213284222e-01
7.082271242300547387e-01
7.063300848256234277e-01
7.044664635204161973e-01
7.026266444629474250e-01
7.008027196345830712e-01
6.989903052665368266e-01
6.971906549020367994e-01
6.954128636837496602e-01
