9.995191121630567777e-01
9.989144685004336388e-01
9.978689087421330761e-01
9.963853062086082124e-01
9.944711905757597226e-01
9.921375769026753444e-01
9.893980175409338162e-01
9.862678830641466998e-01
9.827638497374465709e-01
9.789035563604379098e-01
9.747053886336419781e-01
9.701883510088461504e-01
9.653719915448463196e-01
9.602763525613434714e-01
9.549219274351816722e-01
9.493296108240425468e-01
9.435206354443848031e-01
9.375164930772869054e-01
9.313388407440863492e-01
9.250093950954152433e-01
9.185498192015889574e-01
9.119816063203582956e-01
9.053259650603325825e-01
8.986037098444140669e-01
8.918351598552729520e-01
8.850400488372102137e-01
8.782374473280157856e-01
8.714456981548511783e-01
8.646823653905936213e-01
8.579641964472122240e-01
8.513070965842397531e-01
8.447261148274135545e-01
8.382354401124439969e-01
8.318484063760066549e-01
8.255775052942420089e-01
8.194344053999847999e-01
8.134299763823550355e-01
8.075743174682571413e-01
8.018767888980319336e-01
7.963460456261027831e-01
7.909900724956526741e-01
7.858162202497197546e-01
7.808312418461730298e-01
7.760413286384048037e-01
7.714521460677321585e-01
7.670688685847443233e-01
7.628962135787173970e-01
7.589384741440281523e-01
7.551995505543626086e-01
7.516829803480403749e-01
7.483919669532623775e-01
7.453294068013209817e-01
7.424979148897031811e-01
7.398998487662739043e-01
7.375373309114107157e-01
7.354122694973713736e-01
7.335263775041115375e-01
7.318811901686245180e-01
7.304780807405487630e-01
7.293182745113526710e-01
7.284028610772569357e-01
7.277328047874720429e-01
7.273089533204243340e-01
7.271320443191103822e-01
7.272027100058169324e-01
7.275214796832119024e-01
7.280887800155433354e-01
7.289049329693740864e-01
7.299701512788009383e-01
7.312845312859953539e-01
7.328480429946118146e-01
7.346605171626012787e-01
7.367216292538678601e-01
7.390308800667785283e-01
7.415875728647537413e-01
7.443907868540091677e-01
7.474393468900835114e-01
7.507317893522424956e-01
7.542663242129001855e-01
7.580407934507478185e-01
7.620526261210204266e-01
7.662987906123391868e-01
7.707757448896503938e-01
7.754793858541305651e-01
7.804049993367260241e-01
7.855472126776792408e-01
7.908999523015767252e-01
7.964564091379171540e-01
8.022090150989245050e-01
8.081494340062697068e-01
8.142685702278317228e-01
8.205565976600658340e-01
8.270030103450034531e-01
8.335966936582356324e-01
8.403260113432216016e-01
8.471788983548049767e-01
8.541429422094900525e-01
8.612054261102209951e-01
8.683532954565108541e-01
8.755729957369353667e-01
