0.7, 6.21099e-05
0.699475, 6.17237e-05
0.698951, 6.13393e-05
0.698427, 6.09567e-05
0.697904, 6.05758e-05
0.697382, 6.01968e-05
0.696861, 5.98194e-05
0.696341, 5.94439e-05
0.695821, 5.907e-05
0.695302, 5.86979e-05
0.694784, 5.83275e-05
0.694267, 5.79589e-05
0.69375, 5.75919e-05
0.693234, 5.72267e-05
0.692719, 5.68632e-05
0.692205, 5.65013e-05
0.691691, 5.61412e-05
0.691179, 5.57827e-05
0.690667, 5.54259e-05
0.690155, 5.50707e-05
0.689645, 5.47172e-05
0.689135, 5.43654e-05
0.688626, 5.40152e-05
0.688118, 5.36666e-05
0.687611, 5.33197e-05
0.687104, 5.29744e-05
0.686598, 5.26307e-05
0.686093, 5.22886e-05
0.685588, 5.19482e-05
0.685084, 5.16093e-05
0.684581, 5.1272e-05
0.684079, 5.09363e-05
0.683578, 5.06022e-05
0.683077, 5.02696e-05
0.682577, 4.99386e-05
0.682078, 4.96092e-05
0.681579, 4.92813e-05
0.681081, 4.8955e-05
0.680584, 4.86302e-05
0.680088, 4.83069e-05
0.679592, 4.79852e-05
0.679097, 4.7665e-05
0.678603, 4.73463e-05
0.678109, 4.70291e-05
0.677616, 4.67134e-05
0.677124, 4.63993e-05
0.676633, 4.60866e-05
0.676142, 4.57754e-05
0.675652, 4.54656e-05
0.675163, 4.51574e-05
0.674674, 4.48506e-05
0.674187, 4.45453e-05
0.673699, 4.42414e-05
0.673213, 4.3939e-05
0.672727, 4.3638e-05
0.672242, 4.33385e-05
0.671758, 4.30404e-05
0.671274, 4.27437e-05
0.670791, 4.24485e-05
0.670309, 4.21547e-05
0.669828, 4.18623e-05
0.669347, 4.15713e-05
0.668867, 4.12816e-05
0.668387, 4.09934e-05
0.667908, 4.07066e-05
0.667815, 4.06508e-05
0.66743, 4.04212e-05
0.666953, 4.01371e-05
0.666476, 3.98544e-05
0.666, 3.95731e-05
0.665525, 3.92932e-05
0.66505, 3.90146e-05
0.664576, 3.87373e-05
0.664103, 3.84615e-05
0.66363, 3.81869e-05
0.663158, 3.79137e-05
0.662687, 3.76418e-05
0.662216, 3.73713e-05
0.661746, 3.7102e-05
0.661277, 3.68341e-05
0.660808, 3.65675e-05
0.66034, 3.63023e-05
0.659873, 3.60383e-05
0.659406, 3.57756e-05
0.65894, 3.55142e-05
0.658475, 3.52541e-05
0.65801, 3.49953e-05
0.657546, 3.47377e-05
0.657082, 3.44815e-05
0.65662, 3.42265e-05
0.656272, 3.40354e-05
0.656158, 3.39727e-05
0.655696, 3.37203e-05
0.655235, 3.3469e-05
0.654775, 3.32191e-05
0.654316, 3.29704e-05
0.653857, 3.27229e-05
0.653399, 3.24766e-05
0.652941, 3.22316e-05
0.652484, 3.19878e-05
0.652028, 3.17453e-05
0.651572, 3.15039e-05
0.651117, 3.12638e-05
0.650663, 3.10249e-05
0.650209, 3.07872e-05
0.649756, 3.05507e-05
0.649304, 3.03154e-05
0.648852, 3.00813e-05
0.648401, 2.98483e-05
0.64795, 2.96166e-05
0.6475, 2.9386e-05
0.647051, 2.91567e-05
0.646602, 2.89284e-05
0.646154, 2.87014e-05
0.645706, 2.84755e-05
0.64526, 2.82508e-05
0.644813, 2.80272e-05
0.644368, 2.78048e-05
0.643923, 2.75835e-05
0.643847, 2.7546e-05
0.643478, 2.73634e-05
0.643034, 2.71444e-05
0.642591, 2.69266e-05
0.642149, 2.67098e-05
0.641707, 2.64942e-05
0.641265, 2.62798e-05
0.640825, 2.60664e-05
0.640385, 2.58542e-05
0.639945, 2.5643e-05
0.639506, 2.5433e-05
0.639068, 2.52241e-05
0.63863, 2.50163e-05
0.638193, 2.48096e-05
0.637756, 2.46039e-05
0.637321, 2.43994e-05
0.636885, 2.41959e-05
0.636451, 2.39936e-05
0.636016, 2.37923e-05
0.635583, 2.3592e-05
0.63515, 2.33929e-05
0.634717, 2.31948e-05
0.634286, 2.29978e-05
0.633855, 2.28018e-05
0.633424, 2.26069e-05
0.632994, 2.2413e-05
0.632564, 2.22202e-05
0.632136, 2.20285e-05
0.631707, 2.18377e-05
0.63128, 2.16481e-05
0.630853, 2.14594e-05
0.630426, 2.12718e-05
0.63, 2.10852e-05
0.629575, 2.08996e-05
0.62915, 2.07151e-05
0.628726, 2.05316e-05
0.628302, 2.0349e-05
0.627879, 2.01675e-05
0.627456, 1.9987e-05
0.627034, 1.98076e-05
0.626613, 1.96291e-05
0.626192, 1.94516e-05
0.625772, 1.92751e-05
0.625352, 1.90996e-05
0.624933, 1.8925e-05
0.624514, 1.87515e-05
0.624096, 1.85789e-05
0.623679, 1.84074e-05
0.623262, 1.82368e-05
0.622846, 1.80671e-05
0.62243, 1.78985e-05
0.622015, 1.77308e-05
0.6216, 1.75641e-05
0.621186, 1.73983e-05
0.620772, 1.72335e-05
0.620359, 1.70696e-05
0.619947, 1.69067e-05
0.619535, 1.67447e-05
0.619124, 1.65837e-05
0.618713, 1.64236e-05
0.618302, 1.62645e-05
0.617893, 1.61063e-05
0.617483, 1.5949e-05
0.617075, 1.57927e-05
0.616667, 1.56372e-05
0.616259, 1.54828e-05
0.615852, 1.53292e-05
0.615446, 1.51765e-05
0.61504, 1.50248e-05
0.614634, 1.4874e-05
0.614229, 1.47241e-05
0.613825, 1.4575e-05
0.613421, 1.44269e-05
0.613018, 1.42797e-05
0.612615, 1.41334e-05
0.612213, 1.3988e-05
0.611811, 1.38435e-05
0.61141, 1.36999e-05
0.611009, 1.35571e-05
0.610609, 1.34153e-05
0.610209, 1.32743e-05
0.60981, 1.31342e-05
0.609412, 1.2995e-05
0.609014, 1.28567e-05
0.608616, 1.27192e-05
0.608219, 1.25826e-05
0.607823, 1.24469e-05
0.607427, 1.2312e-05
0.607031, 1.2178e-05
0.606636, 1.20449e-05
0.606242, 1.19126e-05
0.605848, 1.17811e-05
0.605455, 1.16506e-05
0.605062, 1.15208e-05
0.604669, 1.13919e-05
0.604277, 1.12639e-05
0.603886, 1.11367e-05
0.603495, 1.10103e-05
0.603105, 1.08848e-05
0.602715, 1.07601e-05
0.602326, 1.06362e-05
0.601937, 1.05132e-05
0.601548, 1.0391e-05
0.601161, 1.02696e-05
0.600773, 1.01491e-05
0.600386, 1.00293e-05
0.6, 9.91042e-06
0.599614, 9.79231e-06
0.599229, 9.67502e-06
0.598844, 9.55854e-06
0.59846, 9.44287e-06
0.598076, 9.328e-06
0.597692, 9.21394e-06
0.597309, 9.10068e-06
0.596927, 8.98822e-06
0.596545, 8.87656e-06
0.596164, 8.76569e-06
0.595783, 8.65562e-06
0.595402, 8.54633e-06
0.595022, 8.43784e-06
0.594643, 8.33013e-06
0.594264, 8.22321e-06
0.593885, 8.11706e-06
0.593507, 8.0117e-06
0.59313, 7.90712e-06
0.592753, 7.80331e-06
0.592376, 7.70027e-06
0.592, 7.59801e-06
0.591624, 7.49651e-06
0.591249, 7.39579e-06
0.590875, 7.29583e-06
0.5905, 7.19663e-06
0.590127, 7.09819e-06
0.589753, 7.00051e-06
0.589381, 6.9036e-06
0.589262, 6.87291e-06
0.589008, 6.80743e-06
0.588636, 6.71202e-06
0.588265, 6.61736e-06
0.587894, 6.52345e-06
0.587561, 6.43966e-06
0.587524, 6.43029e-06
0.587154, 6.33787e-06
0.586784, 6.2462e-06
0.586415, 6.15526e-06
0.586047, 6.06507e-06
0.585678, 5.97562e-06
0.585311, 5.8869e-06
0.584944, 5.79891e-06
0.584577, 5.71166e-06
0.584211, 5.62514e-06
0.583845, 5.53935e-06
0.583479, 5.45428e-06
0.583114, 5.36994e-06
0.58275, 5.28632e-06
0.582386, 5.20342e-06
0.582022, 5.12124e-06
0.581659, 5.03978e-06
0.581297, 4.95903e-06
0.580935, 4.879e-06
0.580573, 4.79968e-06
0.580212, 4.72108e-06
0.579851, 4.64318e-06
0.57949, 4.56598e-06
0.57913, 4.4895e-06
0.579065, 4.47566e-06
0.578771, 4.41371e-06
0.578412, 4.33863e-06
0.578053, 4.26425e-06
0.577695, 4.19056e-06
0.577337, 4.11758e-06
0.57698, 4.04529e-06
0.576959, 4.04102e-06
0.576623, 3.97369e-06
0.576267, 3.90278e-06
0.575911, 3.83257e-06
0.575556, 3.76304e-06
0.5752, 3.6942e-06
0.574846, 3.62604e-06
0.574492, 3.55857e-06
0.574138, 3.49178e-06
0.573785, 3.42567e-06
0.573432, 3.36024e-06
0.573079, 3.29549e-06
0.572727, 3.23141e-06
0.572376, 3.16801e-06
0.572025, 3.10528e-06
0.571674, 3.04322e-06
0.571324, 2.98183e-06
0.570974, 2.92111e-06
0.570624, 2.86105e-06
0.570275, 2.80166e-06
0.569927, 2.74293e-06
0.569578, 2.68487e-06
0.569231, 2.62746e-06
0.568883, 2.57072e-06
0.568537, 2.51463e-06
0.56819, 2.4592e-06
0.567844, 2.40442e-06
0.567498, 2.3503e-06
0.567153, 2.29683e-06
0.566809, 2.24401e-06
0.566464, 2.19184e-06
0.56612, 2.14031e-06
0.565777, 2.08943e-06
0.565434, 2.0392e-06
0.565091, 1.98961e-06
0.564749, 1.94066e-06
0.564407, 1.89235e-06
0.564065, 1.84469e-06
0.563724, 1.79766e-06
0.563384, 1.75126e-06
0.563043, 1.7055e-06
0.562704, 1.66038e-06
0.562364, 1.61589e-06
0.562025, 1.57203e-06
0.561687, 1.52879e-06
0.561349, 1.48619e-06
0.561011, 1.44422e-06
0.560673, 1.40287e-06
0.560337, 1.36215e-06
0.56, 1.32204e-06
0.559664, 1.28257e-06
0.559328, 1.24371e-06
0.558993, 1.20547e-06
0.558658, 1.16785e-06
0.558323, 1.13085e-06
0.557989, 1.09447e-06
0.557656, 1.05869e-06
0.557322, 1.02354e-06
0.556989, 9.88992e-07
0.556657, 9.55059e-07
0.556325, 9.21735e-07
0.555993, 8.8902e-07
0.555662, 8.56912e-07
0.555331, 8.25411e-07
0.555, 7.94516e-07
0.55467, 7.64224e-07
0.55434, 7.34535e-07
0.554011, 7.05449e-07
0.553682, 6.76962e-07
0.553353, 6.49076e-07
0.553025, 6.21787e-07
0.552697, 5.95096e-07
0.55237, 5.69002e-07
0.552043, 5.43502e-07
0.551716, 5.18596e-07
0.55139, 4.94283e-07
0.551064, 4.70562e-07
0.550738, 4.47432e-07
0.550413, 4.24891e-07
0.550088, 4.02938e-07
0.549764, 3.81574e-07
0.54944, 3.60795e-07
0.549117, 3.40602e-07
0.548793, 3.20994e-07
0.548471, 3.01968e-07
0.548148, 2.83525e-07
0.547826, 2.65664e-07
0.547504, 2.48382e-07
0.547183, 2.3168e-07
0.546862, 2.15556e-07
0.546542, 2.00009e-07
0.546221, 1.85038e-07
0.546074, 1.78332e-07
0.545902, 1.70643e-07
0.545582, 1.56821e-07
0.545263, 1.43573e-07
0.544944, 1.30898e-07
0.544626, 1.18794e-07
0.544308, 1.0726e-07
0.543991, 9.62954e-08
0.543673, 8.58995e-08
0.543357, 7.60711e-08
0.54304, 6.68094e-08
0.542724, 5.81134e-08
0.542408, 4.99821e-08
0.542093, 4.24147e-08
0.541778, 3.54103e-08
0.541463, 2.89678e-08
0.541149, 2.30866e-08
0.540835, 1.77656e-08
0.540522, 1.30039e-08
0.540209, 8.80074e-09
0.539896, 5.15519e-09
0.539583, 2.06637e-09
0.539271, -4.66582e-10
0.53896, -2.44451e-09
0.538648, -3.86829e-09
0.538337, -4.73875e-09
0.538027, -5.05673e-09
0.537716, -4.82309e-09
0.537406, -4.03864e-09
0.537097, -2.70422e-09
0.536788, -8.20636e-10
0.536479, 1.61129e-09
0.53617, 4.59074e-09
0.535862, 8.11692e-09
0.535554, 1.2189e-08
0.535247, 1.68063e-08
0.53494, 2.19679e-08
0.534633, 2.7673e-08
0.534327, 3.3921e-08
0.534021, 4.07109e-08
0.533715, 4.80421e-08
0.53341, 5.59138e-08
0.533105, 6.43252e-08
0.5328, 7.32756e-08
0.532496, 8.27642e-08
0.532192, 9.27904e-08
0.531888, 1.03353e-07
0.531585, 1.14452e-07
0.531282, 1.26086e-07
0.530979, 1.38255e-07
0.530677, 1.50958e-07
0.530375, 1.64193e-07
0.530074, 1.77962e-07
0.529773, 1.92262e-07
0.529472, 2.07093e-07
0.529171, 2.22454e-07
0.528871, 2.38345e-07
0.528571, 2.54765e-07
0.528272, 2.71713e-07
0.527973, 2.89189e-07
0.527674, 3.07192e-07
0.527376, 3.25722e-07
0.527077, 3.44776e-07
0.52678, 3.64356e-07
0.526482, 3.84461e-07
0.526185, 4.05089e-07
0.525888, 4.2624e-07
0.525592, 4.47913e-07
0.525296, 4.70109e-07
0.525, 4.92825e-07
0.524705, 5.16062e-07
0.524409, 5.3982e-07
0.524115, 5.64096e-07
0.52382, 5.88891e-07
0.523526, 6.14205e-07
0.523232, 6.40035e-07
0.522939, 6.66383e-07
0.522646, 6.93248e-07
0.522353, 7.20628e-07
0.52206, 7.48523e-07
0.521768, 7.76933e-07
0.521477, 8.05857e-07
0.521185, 8.35295e-07
0.520894, 8.65245e-07
0.520603, 8.95708e-07
0.520313, 9.26683e-07
0.520022, 9.58169e-07
0.519732, 9.90166e-07
0.519443, 1.02267e-06
0.519154, 1.05569e-06
0.518865, 1.08922e-06
0.518576, 1.12325e-06
0.518288, 1.15779e-06
0.518, 1.19284e-06
0.517712, 1.2284e-06
0.517425, 1.26446e-06
0.517138, 1.30104e-06
0.516851, 1.33811e-06
0.516565, 1.37569e-06
0.516279, 1.41378e-06
0.515993, 1.45237e-06
0.515708, 1.49146e-06
0.515423, 1.53106e-06
0.515138, 1.57116e-06
0.514854, 1.61176e-06
0.51457, 1.65286e-06
0.514286, 1.69447e-06
0.514002, 1.73657e-06
0.513719, 1.77918e-06
0.513436, 1.82228e-06
0.513154, 1.86589e-06
0.512871, 1.90999e-06
0.512589, 1.9546e-06
0.512308, 1.9997e-06
0.512026, 2.0453e-06
0.511745, 2.09139e-06
0.511465, 2.13799e-06
0.511184, 2.18508e-06
0.510904, 2.23266e-06
0.510624, 2.28074e-06
0.510345, 2.32932e-06
0.510066, 2.37839e-06
0.509787, 2.42796e-06
0.509508, 2.47802e-06
0.50923, 2.52858e-06
0.508952, 2.57962e-06
0.508674, 2.63116e-06
0.508582, 2.64842e-06
0.508397, 2.6832e-06
0.50812, 2.73572e-06
0.507843, 2.78874e-06
0.507567, 2.84225e-06
0.507291, 2.89625e-06
0.507015, 2.95074e-06
0.506739, 3.00572e-06
0.506464, 3.0612e-06
0.506189, 3.11716e-06
0.505914, 3.17361e-06
0.50564, 3.23055e-06
0.505366, 3.28798e-06
0.505092, 3.3459e-06
0.504819, 3.4043e-06
0.504545, 3.46319e-06
0.504273, 3.52258e-06
0.504, 3.58244e-06
0.503728, 3.6428e-06
0.503456, 3.70364e-06
0.503184, 3.76497e-06
0.502913, 3.82678e-06
0.502642, 3.88908e-06
0.502371, 3.95186e-06
0.5021, 4.01513e-06
0.50183, 4.07889e-06
0.50156, 4.14313e-06
0.50129, 4.20785e-06
0.501021, 4.27306e-06
0.500752, 4.33875e-06
0.500483, 4.40492e-06
0.500215, 4.47158e-06
0.499946, 4.53872e-06
0.499678, 4.60634e-06
0.499411, 4.67445e-06
0.499143, 4.74304e-06
0.498876, 4.81211e-06
0.49861, 4.88166e-06
0.498343, 4.95169e-06
0.498077, 5.0222e-06
0.497811, 5.0932e-06
0.497545, 5.16468e-06
0.49728, 5.23663e-06
0.497015, 5.30907e-06
0.49675, 5.38198e-06
0.496486, 5.45538e-06
0.496221, 5.52926e-06
0.495957, 5.60361e-06
0.495694, 5.67845e-06
0.49543, 5.75376e-06
0.495167, 5.82955e-06
0.494904, 5.90583e-06
0.494642, 5.98258e-06
0.49438, 6.0598e-06
0.494118, 6.13751e-06
0.493856, 6.2157e-06
0.493594, 6.29436e-06
0.493333, 6.3735e-06
0.493072, 6.45312e-06
0.492812, 6.53321e-06
0.492552, 6.61378e-06
0.492291, 6.69483e-06
0.492032, 6.77636e-06
0.491772, 6.85836e-06
0.491513, 6.94084e-06
0.491254, 7.02379e-06
0.490995, 7.10722e-06
0.490737, 7.19113e-06
0.490479, 7.27551e-06
0.490221, 7.36037e-06
0.489963, 7.44571e-06
0.489706, 7.53152e-06
0.489449, 7.6178e-06
0.489192, 7.70457e-06
0.488936, 7.7918e-06
0.488679, 7.87951e-06
0.488423, 7.9677e-06
0.488168, 8.05636e-06
0.487912, 8.1455e-06
0.487657, 8.23511e-06
0.487402, 8.32519e-06
0.487147, 8.41575e-06
0.486893, 8.50679e-06
0.486639, 8.5983e-06
0.486385, 8.69028e-06
0.486133, 8.78215e-06
0.486131, 8.78274e-06
0.485878, 8.87567e-06
0.485625, 8.96907e-06
0.485372, 9.06295e-06
0.48512, 9.15731e-06
0.484867, 9.25213e-06
0.484615, 9.34743e-06
0.484364, 9.44321e-06
0.484112, 9.53946e-06
0.483861, 9.63618e-06
0.48361, 9.73337e-06
0.483359, 9.83104e-06
0.483109, 9.92919e-06
0.482859, 1.00278e-05
0.482609, 1.01269e-05
0.482359, 1.02265e-05
0.48211, 1.03265e-05
0.48186, 1.0427e-05
0.481612, 1.0528e-05
0.481363, 1.06294e-05
0.481115, 1.07314e-05
0.480866, 1.08338e-05
0.480619, 1.09366e-05
0.480371, 1.104e-05
0.480124, 1.11438e-05
0.479876, 1.12481e-05
0.47963, 1.13529e-05
0.479383, 1.14581e-05
0.479137, 1.15638e-05
0.478891, 1.167e-05
0.478645, 1.17767e-05
0.478399, 1.18838e-05
0.478154, 1.19914e-05
0.477909, 1.20995e-05
0.477664, 1.22081e-05
0.477419, 1.23171e-05
0.477175, 1.24266e-05
0.476931, 1.25366e-05
0.476687, 1.2647e-05
0.476444, 1.27579e-05
0.4762, 1.28693e-05
0.475957, 1.29812e-05
0.475714, 1.30935e-05
0.475472, 1.32064e-05
0.475229, 1.33196e-05
0.474987, 1.34334e-05
0.474745, 1.35476e-05
0.474504, 1.36624e-05
0.474262, 1.37775e-05
0.474021, 1.38932e-05
0.47378, 1.40093e-05
0.47354, 1.41259e-05
0.473299, 1.4243e-05
0.473059, 1.43606e-05
0.472819, 1.44786e-05
0.47258, 1.45971e-05
0.47234, 1.47161e-05
0.472101, 1.48356e-05
0.471862, 1.49555e-05
0.471624, 1.50759e-05
0.471385, 1.51968e-05
0.471147, 1.53181e-05
0.470909, 1.544e-05
0.470671, 1.55623e-05
0.470434, 1.5685e-05
0.470197, 1.58083e-05
0.46996, 1.5932e-05
0.469723, 1.60562e-05
0.469486, 1.61809e-05
0.46925, 1.63061e-05
0.469014, 1.64317e-05
0.468778, 1.65578e-05
0.468543, 1.66844e-05
0.468307, 1.68115e-05
0.468072, 1.6939e-05
0.467837, 1.70671e-05
0.467816, 1.70788e-05
0.467603, 1.71956e-05
0.467368, 1.73245e-05
0.467134, 1.7454e-05
0.4669, 1.75839e-05
0.466667, 1.77143e-05
0.466433, 1.78452e-05
0.4662, 1.79766e-05
0.465967, 1.81084e-05
0.465734, 1.82407e-05
0.465502, 1.83735e-05
0.465269, 1.85068e-05
0.465037, 1.86405e-05
0.464806, 1.87748e-05
0.464574, 1.89095e-05
0.464343, 1.90447e-05
0.464111, 1.91804e-05
0.463881, 1.93165e-05
0.46365, 1.94531e-05
0.463419, 1.95903e-05
0.463189, 1.97278e-05
0.462959, 1.98659e-05
0.46273, 2.00045e-05
0.4625, 2.01435e-05
0.462271, 2.0283e-05
0.462042, 2.0423e-05
0.461813, 2.05635e-05
0.461584, 2.07045e-05
0.461356, 2.08459e-05
0.461128, 2.09878e-05
0.4609, 2.11302e-05
0.460672, 2.12731e-05
0.460444, 2.14165e-05
0.460217, 2.15604e-05
0.45999, 2.17047e-05
0.459763, 2.18495e-05
0.459537, 2.19948e-05
0.45931, 2.21406e-05
0.459084, 2.22869e-05
0.458858, 2.24337e-05
0.458633, 2.25809e-05
0.458407, 2.27286e-05
0.458182, 2.28768e-05
0.457957, 2.30255e-05
0.457732, 2.31747e-05
0.457507, 2.33244e-05
0.457283, 2.34746e-05
0.457059, 2.36252e-05
0.456835, 2.37764e-05
0.456611, 2.3928e-05
0.456388, 2.40801e-05
0.456164, 2.42327e-05
0.455941, 2.43858e-05
0.455718, 2.45393e-05
0.455496, 2.46934e-05
0.455273, 2.4848e-05
0.455051, 2.5003e-05
0.454829, 2.51585e-05
0.454608, 2.53146e-05
0.454386, 2.54711e-05
0.454165, 2.56281e-05
0.453944, 2.57856e-05
0.453723, 2.59435e-05
0.453502, 2.6102e-05
0.453281, 2.6261e-05
0.453061, 2.64205e-05
0.452841, 2.65804e-05
0.452621, 2.67409e-05
0.452402, 2.69018e-05
0.452182, 2.70632e-05
0.451963, 2.72251e-05
0.451744, 2.73876e-05
0.451525, 2.75505e-05
0.451307, 2.77139e-05
0.451089, 2.78778e-05
0.45087, 2.80422e-05
0.450652, 2.82071e-05
0.450435, 2.83725e-05
0.450217, 2.85384e-05
0.45, 2.87048e-05
0.449783, 2.88716e-05
0.449566, 2.9039e-05
0.449349, 2.92069e-05
0.449133, 2.93753e-05
0.448917, 2.95442e-05
0.448701, 2.97135e-05
0.448485, 2.98834e-05
0.448269, 3.00538e-05
0.448054, 3.02247e-05
0.447839, 3.0396e-05
0.447624, 3.05679e-05
0.447409, 3.07403e-05
0.447194, 3.09132e-05
0.44698, 3.10866e-05
0.446766, 3.12604e-05
0.446552, 3.14348e-05
0.446338, 3.16097e-05
0.446124, 3.17851e-05
0.445911, 3.1961e-05
0.445698, 3.21374e-05
0.445485, 3.23143e-05
0.445272, 3.24918e-05
0.44506, 3.26697e-05
0.444847, 3.28481e-05
0.444635, 3.3027e-05
0.444423, 3.32065e-05
0.444212, 3.33864e-05
0.444, 3.35669e-05
0.443789, 3.37479e-05
0.443578, 3.39293e-05
0.443367, 3.41113e-05
0.443156, 3.42938e-05
0.442945, 3.44768e-05
0.442735, 3.46603e-05
0.442525, 3.48444e-05
0.442315, 3.50289e-05
0.442105, 3.5214e-05
0.441896, 3.53995e-05
0.441686, 3.55856e-05
0.441477, 3.57722e-05
0.441268, 3.59593e-05
0.44106, 3.61469e-05
0.440851, 3.63351e-05
0.440643, 3.65237e-05
0.440435, 3.67129e-05
0.440227, 3.69026e-05
0.440019, 3.70928e-05
0.439811, 3.72835e-05
0.439604, 3.74747e-05
0.439397, 3.76665e-05
0.43919, 3.78587e-05
0.438983, 3.80515e-05
0.438776, 3.82448e-05
0.43857, 3.84387e-05
0.438364, 3.8633e-05
0.438158, 3.88279e-05
0.437952, 3.90233e-05
0.437746, 3.92192e-05
0.437541, 3.94156e-05
0.437336, 3.96126e-05
0.437131, 3.98101e-05
0.436926, 4.00081e-05
0.436721, 4.02066e-05
0.436517, 4.04057e-05
0.436313, 4.06053e-05
0.436109, 4.08054e-05
0.435905, 4.1006e-05
0.435835, 4.10747e-05
0.435701, 4.12072e-05
0.435497, 4.14089e-05
0.435294, 4.16111e-05
0.435091, 4.18139e-05
0.434888, 4.20172e-05
0.434685, 4.2221e-05
0.434483, 4.24253e-05
0.43428, 4.26302e-05
0.434078, 4.28356e-05
0.433876, 4.30416e-05
0.433674, 4.3248e-05
0.433473, 4.34551e-05
0.433271, 4.36626e-05
0.43307, 4.38707e-05
0.432869, 4.40793e-05
0.432668, 4.42884e-05
0.432468, 4.44981e-05
0.432267, 4.47084e-05
0.432067, 4.49191e-05
0.431867, 4.51304e-05
0.431667, 4.53423e-05
0.431467, 4.55546e-05
0.431267, 4.57676e-05
0.431068, 4.5981e-05
0.430869, 4.6195e-05
0.43067, 4.64096e-05
0.430471, 4.66247e-05
0.430272, 4.68403e-05
0.430074, 4.70565e-05
0.429876, 4.72732e-05
0.429677, 4.74904e-05
0.42948, 4.77083e-05
0.429282, 4.79266e-05
0.429084, 4.81455e-05
0.428887, 4.8365e-05
0.42869, 4.8585e-05
0.428493, 4.88055e-05
0.428296, 4.90266e-05
0.428099, 4.92483e-05
0.427903, 4.94705e-05
0.427706, 4.96932e-05
0.42751, 4.99165e-05
0.427314, 5.01404e-05
0.427119, 5.03648e-05
0.426923, 5.05897e-05
0.426728, 5.08153e-05
0.426532, 5.10413e-05
0.426337, 5.1268e-05
0.426143, 5.14951e-05
0.425948, 5.17229e-05
0.425753, 5.19512e-05
0.425559, 5.218e-05
0.425365, 5.24095e-05
0.425171, 5.26394e-05
0.424977, 5.287e-05
0.424784, 5.31011e-05
0.42459, 5.33328e-05
0.424397, 5.3565e-05
0.424204, 5.37978e-05
0.424011, 5.40311e-05
0.423818, 5.4265e-05
0.423626, 5.44995e-05
0.423433, 5.47346e-05
0.423241, 5.49702e-05
0.423049, 5.52064e-05
0.422857, 5.54432e-05
0.422665, 5.56805e-05
0.422474, 5.59184e-05
0.422283, 5.61568e-05
0.422091, 5.63959e-05
0.4219, 5.66355e-05
0.42171, 5.68757e-05
0.421519, 5.71164e-05
0.421329, 5.73578e-05
0.421138, 5.75997e-05
0.420948, 5.78422e-05
0.420758, 5.80852e-05
0.420568, 5.83288e-05
0.420379, 5.85731e-05
0.420189, 5.88179e-05
0.42, 5.90632e-05
0.419811, 5.93092e-05
0.419622, 5.95557e-05
0.419433, 5.98028e-05
0.419245, 6.00505e-05
0.419056, 6.02988e-05
0.418868, 6.05477e-05
0.41868, 6.07971e-05
0.418492, 6.10472e-05
0.418304, 6.12978e-05
0.418117, 6.1549e-05
0.417929, 6.18008e-05
0.417742, 6.20532e-05
0.417555, 6.23062e-05
0.417368, 6.25598e-05
0.417181, 6.28139e-05
0.416995, 6.30687e-05
0.416808, 6.3324e-05
0.416622, 6.358e-05
0.416436, 6.38365e-05
0.41625, 6.40937e-05
0.416064, 6.43514e-05
0.415879, 6.46097e-05
0.415693, 6.48686e-05
0.415508, 6.51282e-05
0.415323, 6.53883e-05
0.415138, 6.5649e-05
0.414953, 6.59103e-05
0.414769, 6.61723e-05
0.414584, 6.64348e-05
0.4144, 6.66979e-05
0.414216, 6.69617e-05
0.414032, 6.7226e-05
0.413848, 6.7491e-05
0.413665, 6.77565e-05
0.413481, 6.80227e-05
0.413298, 6.82895e-05
0.413115, 6.85568e-05
0.412932, 6.88248e-05
0.412749, 6.90934e-05
0.412566, 6.93627e-05
0.412384, 6.96325e-05
0.412202, 6.9903e-05
0.412019, 7.0174e-05
0.411837, 7.04457e-05
0.411656, 7.0718e-05
0.411474, 7.09909e-05
0.411292, 7.12644e-05
0.411111, 7.15386e-05
0.41093, 7.18134e-05
0.410749, 7.20888e-05
0.410568, 7.23648e-05
0.410387, 7.26414e-05
0.410207, 7.29187e-05
0.410026, 7.31966e-05
0.409846, 7.34751e-05
0.409666, 7.37542e-05
0.409486, 7.4034e-05
0.409306, 7.43144e-05
0.409127, 7.45955e-05
0.408947, 7.48771e-05
0.408768, 7.51594e-05
0.408589, 7.54423e-05
0.40841, 7.57259e-05
0.408231, 7.60101e-05
0.408053, 7.62949e-05
0.407874, 7.65804e-05
0.407696, 7.68665e-05
0.407517, 7.71532e-05
0.407339, 7.74406e-05
0.407162, 7.77286e-05
0.406984, 7.80173e-05
0.406806, 7.83066e-05
0.406629, 7.85966e-05
0.406452, 7.88872e-05
0.406275, 7.91784e-05
0.406098, 7.94703e-05
0.405921, 7.97628e-05
0.405744, 8.0056e-05
0.405568, 8.03498e-05
0.405391, 8.06443e-05
0.405215, 8.09394e-05
0.405039, 8.12352e-05
0.404863, 8.15317e-05
0.404688, 8.18288e-05
0.404656, 8.18821e-05
0.404512, 8.21265e-05
0.404337, 8.24249e-05
0.404161, 8.2724e-05
0.403986, 8.30237e-05
0.403811, 8.33241e-05
0.403636, 8.36251e-05
0.403462, 8.39268e-05
0.403287, 8.42292e-05
0.403113, 8.45322e-05
0.402939, 8.48359e-05
0.402765, 8.51403e-05
0.402591, 8.54453e-05
0.402417, 8.5751e-05
0.402243, 8.60573e-05
0.40207, 8.63644e-05
0.401897, 8.66721e-05
0.401723, 8.69804e-05
0.40155, 8.72895e-05
0.401378, 8.75992e-05
0.401205, 8.79096e-05
0.401032, 8.82207e-05
0.40086, 8.85324e-05
0.400688, 8.88449e-05
0.400515, 8.9158e-05
0.400343, 8.94718e-05
0.400172, 8.97862e-05
0.4, 9.01014e-05