0.7, 2.1195
0.699475, 2.11953
0.698951, 2.11955
0.698427, 2.11958
0.697904, 2.11961
0.697382, 2.11963
0.696861, 2.11966
0.696341, 2.11968
0.695821, 2.11971
0.695302, 2.11974
0.694784, 2.11976
0.694267, 2.11979
0.69375, 2.11981
0.693234, 2.11984
0.692719, 2.11987
0.692205, 2.11989
0.691691, 2.11992
0.691179, 2.11994
0.690667, 2.11997
0.690155, 2.12
0.689645, 2.12002
0.689135, 2.12005
0.688626, 2.12008
0.688118, 2.1201
0.687611, 2.12013
0.687104, 2.12015
0.686598, 2.12018
0.686093, 2.12021
0.685588, 2.12023
0.685084, 2.12026
0.684581, 2.12029
0.684079, 2.12031
0.683578, 2.12034
0.683077, 2.12037
0.682577, 2.12039
0.682078, 2.12042
0.681579, 2.12045
0.681081, 2.12047
0.680584, 2.1205
0.680088, 2.12053
0.679592, 2.12055
0.679097, 2.12058
0.678603, 2.12061
0.678109, 2.12063
0.677616, 2.12066
0.677124, 2.12069
0.676633, 2.12071
0.676142, 2.12074
0.675652, 2.12077
0.675163, 2.1208
0.674674, 2.12082
0.674187, 2.12085
0.673699, 2.12088
0.673213, 2.1209
0.672727, 2.12093
0.672242, 2.12096
0.671758, 2.12099
0.671274, 2.12101
0.670791, 2.12104
0.670309, 2.12107
0.669828, 2.12109
0.669347, 2.12112
0.668867, 2.12115
0.668387, 2.12118
0.667908, 2.1212
0.667815, 2.12121
0.66743, 2.12123
0.666953, 2.12126
0.666476, 2.12129
0.666, 2.12131
0.665525, 2.12134
0.66505, 2.12137
0.664576, 2.1214
0.664103, 2.12142
0.66363, 2.12145
0.663158, 2.12148
0.662687, 2.12151
0.662216, 2.12154
0.661746, 2.12156
0.661277, 2.12159
0.660808, 2.12162
0.66034, 2.12165
0.659873, 2.12167
0.659406, 2.1217
0.65894, 2.12173
0.658475, 2.12176
0.65801, 2.12179
0.657546, 2.12181
0.657082, 2.12184
0.65662, 2.12187
0.656272, 2.12189
0.656158, 2.1219
0.655696, 2.12193
0.655235, 2.12195
0.654775, 2.12198
0.654316, 2.12201
0.653857, 2.12204
0.653399, 2.12207
0.652941, 2.1221
0.652484, 2.12212
0.652028, 2.12215
0.651572, 2.12218
0.651117, 2.12221
0.650663, 2.12224
0.650209, 2.12227
0.649756, 2.1223
0.649304, 2.12232
0.648852, 2.12235
0.648401, 2.12238
0.64795, 2.12241
0.6475, 2.12244
0.647051, 2.12247
0.646602, 2.1225
0.646154, 2.12252
0.645706, 2.12255
0.64526, 2.12258
0.644813, 2.12261
0.644368, 2.12264
0.643923, 2.12267
0.643847, 2.12267
0.643478, 2.1227
0.643034, 2.12273
0.642591, 2.12276
0.642149, 2.12278
0.641707, 2.12281
0.641265, 2.12284
0.640825, 2.12287
0.640385, 2.1229
0.639945, 2.12293
0.639506, 2.12296
0.639068, 2.12299
0.63863, 2.12302
0.638193, 2.12305
0.637756, 2.12308
0.637321, 2.12311
0.636885, 2.12313
0.636451, 2.12316
0.636016, 2.12319
0.635583, 2.12322
0.63515, 2.12325
0.634717, 2.12328
0.634286, 2.12331
0.633855, 2.12334
0.633424, 2.12337
0.632994, 2.1234
0.632564, 2.12343
0.632136, 2.12346
0.631707, 2.12349
0.63128, 2.12352
0.630853, 2.12355
0.630426, 2.12358
0.63, 2.12361
0.629575, 2.12364
0.62915, 2.12367
0.628726, 2.1237
0.628302, 2.12373
0.627879, 2.12376
0.627456, 2.12379
0.627034, 2.12382
0.626613, 2.12385
0.626192, 2.12388
0.625772, 2.12391
0.625352, 2.12394
0.624933, 2.12397
0.624514, 2.124
0.624096, 2.12403
0.623679, 2.12406
0.623262, 2.12409
0.622846, 2.12412
0.62243, 2.12415
0.622015, 2.12418
0.6216, 2.12421
0.621186, 2.12424
0.620772, 2.12427
0.620359, 2.1243
0.619947, 2.12433
0.619535, 2.12436
0.619124, 2.12439
0.618713, 2.12442
0.618302, 2.12446
0.617893, 2.12449
0.617483, 2.12452
0.617075, 2.12455
0.616667, 2.12458
0.616259, 2.12461
0.615852, 2.12464
0.615446, 2.12467
0.61504, 2.1247
0.614634, 2.12473
0.614229, 2.12476
0.613825, 2.12479
0.613421, 2.12483
0.613018, 2.12486
0.612615, 2.12489
0.612213, 2.12492
0.611811, 2.12495
0.61141, 2.12498
0.611009, 2.12501
0.610609, 2.12504
0.610209, 2.12507
0.60981, 2.12511
0.609412, 2.12514
0.609014, 2.12517
0.608616, 2.1252
0.608219, 2.12523
0.607823, 2.12526
0.607427, 2.12529
0.607031, 2.12533
0.606636, 2.12536
0.606242, 2.12539
0.605848, 2.12542
0.605455, 2.12545
0.605062, 2.12548
0.604669, 2.12552
0.604277, 2.12555
0.603886, 2.12558
0.603495, 2.12561
0.603105, 2.12564
0.602715, 2.12567
0.602326, 2.12571
0.601937, 2.12574
0.601548, 2.12577
0.601161, 2.1258
0.600773, 2.12583
0.600386, 2.12587
0.6, 2.1259
0.599614, 2.12593
0.599229, 2.12596
0.598844, 2.12599
0.59846, 2.12603
0.598076, 2.12606
0.597692, 2.12609
0.597309, 2.12612
0.596927, 2.12616
0.596545, 2.12619
0.596164, 2.12622
0.595783, 2.12625
0.595402, 2.12629
0.595022, 2.12632
0.594643, 2.12635
0.594264, 2.12638
0.593885, 2.12642
0.593507, 2.12645
0.59313, 2.12648
0.592753, 2.12651
0.592376, 2.12655
0.592, 2.12658
0.591624, 2.12661
0.591249, 2.12664
0.590875, 2.12668
0.5905, 2.12671
0.590127, 2.12674
0.589753, 2.12678
0.589381, 2.12681
0.589262, 2.12682
0.589008, 2.12684
0.588636, 2.12687
0.588265, 2.12691
0.587894, 2.12694
0.587561, 2.12697
0.587524, 2.12697
0.587154, 2.12701
0.586784, 2.12704
0.586415, 2.12707
0.586047, 2.12711
0.585678, 2.12714
0.585311, 2.12717
0.584944, 2.12721
0.584577, 2.12724
0.584211, 2.12727
0.583845, 2.12731
0.583479, 2.12734
0.583114, 2.12737
0.58275, 2.12741
0.582386, 2.12744
0.582022, 2.12747
0.581659, 2.12751
0.581297, 2.12754
0.580935, 2.12758
0.580573, 2.12761
0.580212, 2.12764
0.579851, 2.12768
0.57949, 2.12771
0.57913, 2.12774
0.579065, 2.12775
0.578771, 2.12778
0.578412, 2.12781
0.578053, 2.12785
0.577695, 2.12788
0.577337, 2.12791
0.57698, 2.12795
0.576959, 2.12795
0.576623, 2.12798
0.576267, 2.12802
0.575911, 2.12805
0.575556, 2.12808
0.5752, 2.12812
0.574846, 2.12815
0.574492, 2.12819
0.574138, 2.12822
0.573785, 2.12826
0.573432, 2.12829
0.573079, 2.12832
0.572727, 2.12836
0.572376, 2.12839
0.572025, 2.12843
0.571674, 2.12846
0.571324, 2.1285
0.570974, 2.12853
0.570624, 2.12857
0.570275, 2.1286
0.569927, 2.12864
0.569578, 2.12867
0.569231, 2.12871
0.568883, 2.12874
0.568537, 2.12878
0.56819, 2.12881
0.567844, 2.12885
0.567498, 2.12888
0.567153, 2.12891
0.566809, 2.12895
0.566464, 2.12899
0.56612, 2.12902
0.565777, 2.12906
0.565434, 2.12909
0.565091, 2.12913
0.564749, 2.12916
0.564407, 2.1292
0.564065, 2.12923
0.563724, 2.12927
0.563384, 2.1293
0.563043, 2.12934
0.562704, 2.12937
0.562364, 2.12941
0.562025, 2.12944
0.561687, 2.12948
0.561349, 2.12951
0.561011, 2.12955
0.560673, 2.12959
0.560337, 2.12962
0.56, 2.12966
0.559664, 2.12969
0.559328, 2.12973
0.558993, 2.12976
0.558658, 2.1298
0.558323, 2.12984
0.557989, 2.12987
0.557656, 2.12991
0.557322, 2.12994
0.556989, 2.12998
0.556657, 2.13002
0.556325, 2.13005
0.555993, 2.13009
0.555662, 2.13012
0.555331, 2.13016
0.555, 2.1302
0.55467, 2.13023
0.55434, 2.13027
0.554011, 2.13031
0.553682, 2.13034
0.553353, 2.13038
0.553025, 2.13041
0.552697, 2.13045
0.55237, 2.13049
0.552043, 2.13052
0.551716, 2.13056
0.55139, 2.1306
0.551064, 2.13063
0.550738, 2.13067
0.550413, 2.13071
0.550088, 2.13074
0.549764, 2.13078
0.54944, 2.13082
0.549117, 2.13085
0.548793, 2.13089
0.548471, 2.13093
0.548148, 2.13097
0.547826, 2.131
0.547504, 2.13104
0.547183, 2.13108
0.546862, 2.13111
0.546542, 2.13115
0.546221, 2.13119
0.546074, 2.13121
0.545902, 2.13123
0.545582, 2.13126
0.545263, 2.1313
0.544944, 2.13134
0.544626, 2.13137
0.544308, 2.13141
0.543991, 2.13145
0.543673, 2.13149
0.543357, 2.13152
0.54304, 2.13156
0.542724, 2.1316
0.542408, 2.13164
0.542093, 2.13167
0.541778, 2.13171
0.541463, 2.13175
0.541149, 2.13179
0.540835, 2.13183
0.540522, 2.13186
0.540209, 2.1319
0.539896, 2.13194
0.539583, 2.13198
0.539271, 2.13201
0.53896, 2.13205
0.538648, 2.13209
0.538337, 2.13213
0.538027, 2.13217
0.537716, 2.1322
0.537406, 2.13224
0.537097, 2.13228
0.536788, 2.13232
0.536479, 2.13236
0.53617, 2.1324
0.535862, 2.13243
0.535554, 2.13247
0.535247, 2.13251
0.53494, 2.13255
0.534633, 2.13259
0.534327, 2.13263
0.534021, 2.13267
0.533715, 2.1327
0.53341, 2.13274
0.533105, 2.13278
0.5328, 2.13282
0.532496, 2.13286
0.532192, 2.1329
0.531888, 2.13294
0.531585, 2.13298
0.531282, 2.13301
0.530979, 2.13305
0.530677, 2.13309
0.530375, 2.13313
0.530074, 2.13317
0.529773, 2.13321
0.529472, 2.13325
0.529171, 2.13329
0.528871, 2.13333
0.528571, 2.13337
0.528272, 2.13341
0.527973, 2.13344
0.527674, 2.13348
0.527376, 2.13352
0.527077, 2.13356
0.52678, 2.1336
0.526482, 2.13364
0.526185, 2.13368
0.525888, 2.13372
0.525592, 2.13376
0.525296, 2.1338
0.525, 2.13384
0.524705, 2.13388
0.524409, 2.13392
0.524115, 2.13396
0.52382, 2.134
0.523526, 2.13404
0.523232, 2.13408
0.522939, 2.13412
0.522646, 2.13416
0.522353, 2.1342
0.52206, 2.13424
0.521768, 2.13428
0.521477, 2.13432
0.521185, 2.13436
0.520894, 2.1344
0.520603, 2.13444
0.520313, 2.13448
0.520022, 2.13452
0.519732, 2.13456
0.519443, 2.1346
0.519154, 2.13464
0.518865, 2.13468
0.518576, 2.13472
0.518288, 2.13476
0.518, 2.1348
0.517712, 2.13484
0.517425, 2.13489
0.517138, 2.13493
0.516851, 2.13497
0.516565, 2.13501
0.516279, 2.13505
0.515993, 2.13509
0.515708, 2.13513
0.515423, 2.13517
0.515138, 2.13521
0.514854, 2.13525
0.51457, 2.13529
0.514286, 2.13534
0.514002, 2.13538
0.513719, 2.13542
0.513436, 2.13546
0.513154, 2.1355
0.512871, 2.13554
0.512589, 2.13558
0.512308, 2.13562
0.512026, 2.13567
0.511745, 2.13571
0.511465, 2.13575
0.511184, 2.13579
0.510904, 2.13583
0.510624, 2.13587
0.510345, 2.13592
0.510066, 2.13596
0.509787, 2.136
0.509508, 2.13604
0.50923, 2.13608
0.508952, 2.13612
0.508674, 2.13617
0.508582, 2.13618
0.508397, 2.13621
0.50812, 2.13625
0.507843, 2.13629
0.507567, 2.13633
0.507291, 2.13638
0.507015, 2.13642
0.506739, 2.13646
0.506464, 2.1365
0.506189, 2.13655
0.505914, 2.13659
0.50564, 2.13663
0.505366, 2.13667
0.505092, 2.13672
0.504819, 2.13676
0.504545, 2.1368
0.504273, 2.13684
0.504, 2.13689
0.503728, 2.13693
0.503456, 2.13697
0.503184, 2.13701
0.502913, 2.13706
0.502642, 2.1371
0.502371, 2.13714
0.5021, 2.13719
0.50183, 2.13723
0.50156, 2.13727
0.50129, 2.13731
0.501021, 2.13736
0.500752, 2.1374
0.500483, 2.13744
0.500215, 2.13749
0.499946, 2.13753
0.499678, 2.13757
0.499411, 2.13762
0.499143, 2.13766
0.498876, 2.1377
0.49861, 2.13775
0.498343, 2.13779
0.498077, 2.13783
0.497811, 2.13788
0.497545, 2.13792
0.49728, 2.13796
0.497015, 2.13801
0.49675, 2.13805
0.496486, 2.1381
0.496221, 2.13814
0.495957, 2.13818
0.495694, 2.13823
0.49543, 2.13827
0.495167, 2.13831
0.494904, 2.13836
0.494642, 2.1384
0.49438, 2.13845
0.494118, 2.13849
0.493856, 2.13854
0.493594, 2.13858
0.493333, 2.13862
0.493072, 2.13867
0.492812, 2.13871
0.492552, 2.13876
0.492291, 2.1388
0.492032, 2.13885
0.491772, 2.13889
0.491513, 2.13893
0.491254, 2.13898
0.490995, 2.13902
0.490737, 2.13907
0.490479, 2.13911
0.490221, 2.13916
0.489963, 2.1392
0.489706, 2.13925
0.489449, 2.13929
0.489192, 2.13934
0.488936, 2.13938
0.488679, 2.13943
0.488423, 2.13947
0.488168, 2.13952
0.487912, 2.13956
0.487657, 2.13961
0.487402, 2.13965
0.487147, 2.1397
0.486893, 2.13974
0.486639, 2.13979
0.486385, 2.13984
0.486133, 2.13988
0.486131, 2.13988
0.485878, 2.13993
0.485625, 2.13997
0.485372, 2.14002
0.48512, 2.14006
0.484867, 2.14011
0.484615, 2.14015
0.484364, 2.1402
0.484112, 2.14025
0.483861, 2.14029
0.48361, 2.14034
0.483359, 2.14038
0.483109, 2.14043
0.482859, 2.14048
0.482609, 2.14052
0.482359, 2.14057
0.48211, 2.14061
0.48186, 2.14066
0.481612, 2.14071
0.481363, 2.14075
0.481115, 2.1408
0.480866, 2.14085
0.480619, 2.14089
0.480371, 2.14094
0.480124, 2.14099
0.479876, 2.14103
0.47963, 2.14108
0.479383, 2.14113
0.479137, 2.14117
0.478891, 2.14122
0.478645, 2.14127
0.478399, 2.14131
0.478154, 2.14136
0.477909, 2.14141
0.477664, 2.14145
0.477419, 2.1415
0.477175, 2.14155
0.476931, 2.14159
0.476687, 2.14164
0.476444, 2.14169
0.4762, 2.14174
0.475957, 2.14178
0.475714, 2.14183
0.475472, 2.14188
0.475229, 2.14193
0.474987, 2.14197
0.474745, 2.14202
0.474504, 2.14207
0.474262, 2.14212
0.474021, 2.14216
0.47378, 2.14221
0.47354, 2.14226
0.473299, 2.14231
0.473059, 2.14235
0.472819, 2.1424
0.47258, 2.14245
0.47234, 2.1425
0.472101, 2.14255
0.471862, 2.14259
0.471624, 2.14264
0.471385, 2.14269
0.471147, 2.14274
0.470909, 2.14279
0.470671, 2.14284
0.470434, 2.14288
0.470197, 2.14293
0.46996, 2.14298
0.469723, 2.14303
0.469486, 2.14308
0.46925, 2.14313
0.469014, 2.14317
0.468778, 2.14322
0.468543, 2.14327
0.468307, 2.14332
0.468072, 2.14337
0.467837, 2.14342
0.467816, 2.14342
0.467603, 2.14347
0.467368, 2.14352
0.467134, 2.14357
0.4669, 2.14361
0.466667, 2.14366
0.466433, 2.14371
0.4662, 2.14376
0.465967, 2.14381
0.465734, 2.14386
0.465502, 2.14391
0.465269, 2.14396
0.465037, 2.14401
0.464806, 2.14406
0.464574, 2.14411
0.464343, 2.14416
0.464111, 2.14421
0.463881, 2.14426
0.46365, 2.14431
0.463419, 2.14436
0.463189, 2.14441
0.462959, 2.14446
0.46273, 2.14451
0.4625, 2.14456
0.462271, 2.14461
0.462042, 2.14466
0.461813, 2.14471
0.461584, 2.14476
0.461356, 2.14481
0.461128, 2.14486
0.4609, 2.14491
0.460672, 2.14496
0.460444, 2.14501
0.460217, 2.14506
0.45999, 2.14511
0.459763, 2.14516
0.459537, 2.14521
0.45931, 2.14526
0.459084, 2.14531
0.458858, 2.14536
0.458633, 2.14541
0.458407, 2.14546
0.458182, 2.14551
0.457957, 2.14557
0.457732, 2.14562
0.457507, 2.14567
0.457283, 2.14572
0.457059, 2.14577
0.456835, 2.14582
0.456611, 2.14587
0.456388, 2.14592
0.456164, 2.14597
0.455941, 2.14603
0.455718, 2.14608
0.455496, 2.14613
0.455273, 2.14618
0.455051, 2.14623
0.454829, 2.14628
0.454608, 2.14634
0.454386, 2.14639
0.454165, 2.14644
0.453944, 2.14649
0.453723, 2.14654
0.453502, 2.14659
0.453281, 2.14665
0.453061, 2.1467
0.452841, 2.14675
0.452621, 2.1468
0.452402, 2.14686
0.452182, 2.14691
0.451963, 2.14696
0.451744, 2.14701
0.451525, 2.14706
0.451307, 2.14712
0.451089, 2.14717
0.45087, 2.14722
0.450652, 2.14727
0.450435, 2.14733
0.450217, 2.14738
0.45, 2.14743
0.449783, 2.14749
0.449566, 2.14754
0.449349, 2.14759
0.449133, 2.14764
0.448917, 2.1477
0.448701, 2.14775
0.448485, 2.1478
0.448269, 2.14786
0.448054, 2.14791
0.447839, 2.14796
0.447624, 2.14802
0.447409, 2.14807
0.447194, 2.14812
0.44698, 2.14818
0.446766, 2.14823
0.446552, 2.14828
0.446338, 2.14834
0.446124, 2.14839
0.445911, 2.14844
0.445698, 2.1485
0.445485, 2.14855
0.445272, 2.14861
0.44506, 2.14866
0.444847, 2.14871
0.444635, 2.14877
0.444423, 2.14882
0.444212, 2.14888
0.444, 2.14893
0.443789, 2.14899
0.443578, 2.14904
0.443367, 2.14909
0.443156, 2.14915
0.442945, 2.1492
0.442735, 2.14926
0.442525, 2.14931
0.442315, 2.14937
0.442105, 2.14942
0.441896, 2.14948
0.441686, 2.14953
0.441477, 2.14959
0.441268, 2.14964
0.44106, 2.1497
0.440851, 2.14975
0.440643, 2.14981
0.440435, 2.14986
0.440227, 2.14992
0.440019, 2.14997
0.439811, 2.15003
0.439604, 2.15008
0.439397, 2.15014
0.43919, 2.15019
0.438983, 2.15025
0.438776, 2.1503
0.43857, 2.15036
0.438364, 2.15041
0.438158, 2.15047
0.437952, 2.15053
0.437746, 2.15058
0.437541, 2.15064
0.437336, 2.15069
0.437131, 2.15075
0.436926, 2.15081
0.436721, 2.15086
0.436517, 2.15092
0.436313, 2.15097
0.436109, 2.15103
0.435905, 2.15109
0.435835, 2.15111
0.435701, 2.15114
0.435497, 2.1512
0.435294, 2.15126
0.435091, 2.15131
0.434888, 2.15137
0.434685, 2.15143
0.434483, 2.15148
0.43428, 2.15154
0.434078, 2.1516
0.433876, 2.15165
0.433674, 2.15171
0.433473, 2.15177
0.433271, 2.15182
0.43307, 2.15188
0.432869, 2.15194
0.432668, 2.152
0.432468, 2.15205
0.432267, 2.15211
0.432067, 2.15217
0.431867, 2.15222
0.431667, 2.15228
0.431467, 2.15234
0.431267, 2.1524
0.431068, 2.15246
0.430869, 2.15251
0.43067, 2.15257
0.430471, 2.15263
0.430272, 2.15269
0.430074, 2.15274
0.429876, 2.1528
0.429677, 2.15286
0.42948, 2.15292
0.429282, 2.15298
0.429084, 2.15303
0.428887, 2.15309
0.42869, 2.15315
0.428493, 2.15321
0.428296, 2.15327
0.428099, 2.15333
0.427903, 2.15339
0.427706, 2.15344
0.42751, 2.1535
0.427314, 2.15356
0.427119, 2.15362
0.426923, 2.15368
0.426728, 2.15374
0.426532, 2.1538
0.426337, 2.15386
0.426143, 2.15392
0.425948, 2.15397
0.425753, 2.15403
0.425559, 2.15409
0.425365, 2.15415
0.425171, 2.15421
0.424977, 2.15427
0.424784, 2.15433
0.42459, 2.15439
0.424397, 2.15445
0.424204, 2.15451
0.424011, 2.15457
0.423818, 2.15463
0.423626, 2.15469
0.423433, 2.15475
0.423241, 2.15481
0.423049, 2.15487
0.422857, 2.15493
0.422665, 2.15499
0.422474, 2.15505
0.422283, 2.15511
0.422091, 2.15517
0.4219, 2.15523
0.42171, 2.15529
0.421519, 2.15535
0.421329, 2.15541
0.421138, 2.15547
0.420948, 2.15553
0.420758, 2.15559
0.420568, 2.15566
0.420379, 2.15572
0.420189, 2.15578
0.42, 2.15584
0.419811, 2.1559
0.419622, 2.15596
0.419433, 2.15602
0.419245, 2.15608
0.419056, 2.15614
0.418868, 2.15621
0.41868, 2.15627
0.418492, 2.15633
0.418304, 2.15639
0.418117, 2.15645
0.417929, 2.15651
0.417742, 2.15657
0.417555, 2.15664
0.417368, 2.1567
0.417181, 2.15676
0.416995, 2.15682
0.416808, 2.15688
0.416622, 2.15695
0.416436, 2.15701
0.41625, 2.15707
0.416064, 2.15713
0.415879, 2.1572
0.415693, 2.15726
0.415508, 2.15732
0.415323, 2.15738
0.415138, 2.15745
0.414953, 2.15751
0.414769, 2.15757
0.414584, 2.15763
0.4144, 2.1577
0.414216, 2.15776
0.414032, 2.15782
0.413848, 2.15789
0.413665, 2.15795
0.413481, 2.15801
0.413298, 2.15808
0.413115, 2.15814
0.412932, 2.1582
0.412749, 2.15827
0.412566, 2.15833
0.412384, 2.15839
0.412202, 2.15846
0.412019, 2.15852
0.411837, 2.15858
0.411656, 2.15865
0.411474, 2.15871
0.411292, 2.15878
0.411111, 2.15884
0.41093, 2.1589
0.410749, 2.15897
0.410568, 2.15903
0.410387, 2.1591
0.410207, 2.15916
0.410026, 2.15922
0.409846, 2.15929
0.409666, 2.15935
0.409486, 2.15942
0.409306, 2.15948
0.409127, 2.15955
0.408947, 2.15961
0.408768, 2.15968
0.408589, 2.15974
0.40841, 2.15981
0.408231, 2.15987
0.408053, 2.15994
0.407874, 2.16
0.407696, 2.16007
0.407517, 2.16013
0.407339, 2.1602
0.407162, 2.16026
0.406984, 2.16033
0.406806, 2.16039
0.406629, 2.16046
0.406452, 2.16053
0.406275, 2.16059
0.406098, 2.16066
0.405921, 2.16072
0.405744, 2.16079
0.405568, 2.16086
0.405391, 2.16092
0.405215, 2.16099
0.405039, 2.16105
0.404863, 2.16112
0.404688, 2.16119
0.404656, 2.1612
0.404512, 2.16125
0.404337, 2.16132
0.404161, 2.16139
0.403986, 2.16145
0.403811, 2.16152
0.403636, 2.16159
0.403462, 2.16165
0.403287, 2.16172
0.403113, 2.16179
0.402939, 2.16185
0.402765, 2.16192
0.402591, 2.16199
0.402417, 2.16206
0.402243, 2.16212
0.40207, 2.16219
0.401897, 2.16226
0.401723, 2.16233
0.40155, 2.16239
0.401378, 2.16246
0.401205, 2.16253
0.401032, 2.1626
0.40086, 2.16266
0.400688, 2.16273
0.400515, 2.1628
0.400343, 2.16287
0.400172, 2.16294
0.4, 2.163