7e-07, 0.95772
6.98249e-07, 0.96742
6.96506e-07, 0.977185
6.94772e-07, 0.987013
6.93046e-07, 0.996904
6.91329e-07, 1.00685
6.89621e-07, 1.01686
6.87921e-07, 1.02692
6.8623e-07, 1.03702
6.84546e-07, 1.04715
6.82871e-07, 1.05731
6.81204e-07, 1.06748
6.79545e-07, 1.07764
6.77895e-07, 1.08779
6.76252e-07, 1.0979
6.74617e-07, 1.10797
6.7299e-07, 1.11797
6.71371e-07, 1.12789
6.6976e-07, 1.13771
6.68156e-07, 1.14743
6.66561e-07, 1.15704
6.64972e-07, 1.16652
6.63391e-07, 1.17586
6.61818e-07, 1.18506
6.60252e-07, 1.19411
6.58694e-07, 1.20299
6.57143e-07, 1.21171
6.55599e-07, 1.22026
6.54063e-07, 1.22862
6.52533e-07, 1.23678
6.51011e-07, 1.24475
6.49496e-07, 1.2525
6.47988e-07, 1.26002
6.46486e-07, 1.26732
6.44992e-07, 1.27436
6.43505e-07, 1.28115
6.42025e-07, 1.28767
6.40551e-07, 1.29391
6.39084e-07, 1.29987
6.37624e-07, 1.30554
6.3617e-07, 1.31092
6.34723e-07, 1.316
6.33283e-07, 1.32078
6.31849e-07, 1.32525
6.30422e-07, 1.32944
6.29001e-07, 1.33332
6.27586e-07, 1.33692
6.26178e-07, 1.34023
6.24776e-07, 1.34326
6.2338e-07, 1.34602
6.21991e-07, 1.3485
6.20608e-07, 1.35072
6.19231e-07, 1.35267
6.1786e-07, 1.35437
6.16495e-07, 1.35581
6.15136e-07, 1.35701
6.13783e-07, 1.35796
6.12436e-07, 1.35867
6.11095e-07, 1.35914
6.0976e-07, 1.35937
6.0843e-07, 1.35938
6.07107e-07, 1.35917
6.05789e-07, 1.35874
6.04477e-07, 1.35811
6.0317e-07, 1.35729
6.01869e-07, 1.35627
6.00574e-07, 1.35507
5.99284e-07, 1.35371
5.98e-07, 1.35219
5.96721e-07, 1.35052
5.95448e-07, 1.34871
5.9418e-07, 1.34678
5.92918e-07, 1.34472
5.91661e-07, 1.34255
5.90409e-07, 1.34027
5.89163e-07, 1.33789
5.87921e-07, 1.33541
5.86685e-07, 1.33285
5.85455e-07, 1.3302
5.84229e-07, 1.32746
5.83008e-07, 1.32465
5.81793e-07, 1.32177
5.80583e-07, 1.31881
5.79377e-07, 1.31579
5.78177e-07, 1.31272
5.76981e-07, 1.30958
5.75791e-07, 1.3064
5.74605e-07, 1.30318
5.73425e-07, 1.29992
5.72249e-07, 1.29662
5.71078e-07, 1.29331
5.69912e-07, 1.28997
5.6875e-07, 1.28662
5.67593e-07, 1.28326
5.66441e-07, 1.2799
5.65294e-07, 1.27654
5.64151e-07, 1.27317
5.63013e-07, 1.26981
5.61879e-07, 1.26646
5.6075e-07, 1.26311
5.59626e-07, 1.25977
5.58506e-07, 1.25644
5.5739e-07, 1.25312
5.56279e-07, 1.24981
5.55172e-07, 1.24651
5.5407e-07, 1.24322
5.52972e-07, 1.23995
5.51879e-07, 1.23669
5.50789e-07, 1.23345
5.49705e-07, 1.23024
5.48624e-07, 1.22704
5.47547e-07, 1.22388
5.46475e-07, 1.22075
5.45407e-07, 1.21764
5.44343e-07, 1.21458
5.43284e-07, 1.21155
5.42228e-07, 1.20856
5.41176e-07, 1.20562
5.40129e-07, 1.20271
5.39086e-07, 1.19984
5.38046e-07, 1.19702
5.37011e-07, 1.19424
5.3598e-07, 1.1915
5.34952e-07, 1.18879
5.33929e-07, 1.18613
5.32909e-07, 1.18351
5.31893e-07, 1.18092
5.30881e-07, 1.17837
5.29873e-07, 1.17587
5.28869e-07, 1.1734
5.27869e-07, 1.17097
5.26872e-07, 1.16859
5.25879e-07, 1.16625
5.2489e-07, 1.16396
5.23905e-07, 1.16171
5.22923e-07, 1.15951
5.21945e-07, 1.15737
5.20971e-07, 1.15528
5.2e-07, 1.15324
5.19033e-07, 1.15125
5.18069e-07, 1.14932
5.17109e-07, 1.14744
5.16153e-07, 1.14561
5.152e-07, 1.14383
5.14251e-07, 1.14211
5.13305e-07, 1.14044
5.12362e-07, 1.13881
5.11423e-07, 1.13724
5.10488e-07, 1.13571
5.09556e-07, 1.13423
5.08627e-07, 1.1328
5.07702e-07, 1.13141
5.0678e-07, 1.13008
5.05861e-07, 1.1288
5.04946e-07, 1.12756
5.04034e-07, 1.12639
5.03125e-07, 1.12526
5.0222e-07, 1.1242
5.01317e-07, 1.12319
5.00418e-07, 1.12224
4.99523e-07, 1.12134
4.9863e-07, 1.12051
4.97741e-07, 1.11974
4.96855e-07, 1.11903
4.95972e-07, 1.11837
4.95092e-07, 1.11778
4.94215e-07, 1.11724
4.93341e-07, 1.11676
4.92471e-07, 1.11633
4.91603e-07, 1.11597
4.90739e-07, 1.11565
4.89877e-07, 1.1154
4.89019e-07, 1.11519
4.88163e-07, 1.11505
4.87311e-07, 1.11496
4.86461e-07, 1.11493
4.85615e-07, 1.11496
4.84771e-07, 1.11505
4.83931e-07, 1.1152
4.83093e-07, 1.11542
4.82258e-07, 1.1157
4.81426e-07, 1.11605
4.80597e-07, 1.11646
4.79771e-07, 1.11695
4.78947e-07, 1.1175
4.78127e-07, 1.11813
4.77309e-07, 1.11882
4.76494e-07, 1.11958
4.75682e-07, 1.12042
4.74872e-07, 1.12131
4.74066e-07, 1.12228
4.73262e-07, 1.12331
4.7246e-07, 1.12442
4.71662e-07, 1.12559
4.70866e-07, 1.12682
4.70073e-07, 1.12813
4.69283e-07, 1.12951
4.68495e-07, 1.13096
4.67709e-07, 1.13248
4.66927e-07, 1.13408
4.66147e-07, 1.13575
4.6537e-07, 1.1375
4.64595e-07, 1.13934
4.63823e-07, 1.14126
4.63053e-07, 1.14326
4.62286e-07, 1.14535
4.61521e-07, 1.14752
4.60759e-07, 1.14978
4.6e-07, 1.15213
4.59243e-07, 1.15457
4.58488e-07, 1.1571
4.57736e-07, 1.15971
4.56987e-07, 1.16241
4.5624e-07, 1.16521
4.55495e-07, 1.16809
4.54753e-07, 1.17106
4.54013e-07, 1.17412
4.53276e-07, 1.17728
4.52541e-07, 1.18053
4.51808e-07, 1.18387
4.51078e-07, 1.18731
4.5035e-07, 1.19085
4.49624e-07, 1.1945
4.48901e-07, 1.19825
4.4818e-07, 1.20211
4.47461e-07, 1.20608
4.46745e-07, 1.21016
4.46031e-07, 1.21436
4.45319e-07, 1.21867
4.4461e-07, 1.2231
4.43902e-07, 1.22765
4.43197e-07, 1.23232
4.42495e-07, 1.23711
4.41794e-07, 1.24202
4.41096e-07, 1.24705
4.404e-07, 1.25221
4.39706e-07, 1.25749
4.39014e-07, 1.26289
4.38325e-07, 1.26842
4.37637e-07, 1.27408
4.36952e-07, 1.27987
4.36269e-07, 1.28579
4.35588e-07, 1.29184
4.34909e-07, 1.29803
4.34232e-07, 1.30435
4.33558e-07, 1.31083
4.32885e-07, 1.31744
4.32215e-07, 1.32421
4.31546e-07, 1.33112
4.3088e-07, 1.33819
4.30216e-07, 1.34541
4.29554e-07, 1.35279
4.28893e-07, 1.36033
4.28235e-07, 1.36802
4.27579e-07, 1.37588
4.26925e-07, 1.38389
4.26273e-07, 1.39206
4.25623e-07, 1.40039
4.24975e-07, 1.40888
4.24328e-07, 1.41753
4.23684e-07, 1.42633
4.23042e-07, 1.4353
4.22402e-07, 1.44442
4.21763e-07, 1.45371
4.21127e-07, 1.46315
4.20492e-07, 1.47276
4.1986e-07, 1.48253
4.19229e-07, 1.49246
4.186e-07, 1.50255
4.17973e-07, 1.51281
4.17348e-07, 1.52323
4.16725e-07, 1.53382
4.16103e-07, 1.54457
4.15484e-07, 1.55547
4.14866e-07, 1.56653
4.1425e-07, 1.57775
4.13636e-07, 1.58911
4.13024e-07, 1.60062
4.12414e-07, 1.61226
4.11805e-07, 1.62404
4.11198e-07, 1.63594
4.10593e-07, 1.64796
4.0999e-07, 1.66009
4.09389e-07, 1.67233
4.08789e-07, 1.68466
4.08191e-07, 1.69708
4.07595e-07, 1.70959
4.07e-07, 1.72217
4.06408e-07, 1.73482
4.05817e-07, 1.74753
4.05227e-07, 1.76029
4.0464e-07, 1.7731
4.04054e-07, 1.78595
4.0347e-07, 1.79882
4.02887e-07, 1.81171
4.02307e-07, 1.8246
4.01727e-07, 1.83749
4.0115e-07, 1.85036
4.00574e-07, 1.86321
4e-07, 1.87601