9.150008850134140337e-01
8.252080670334727142e-01
3.935324624049819642e-01
1.828879312255337897e-01
3.800429453099076760e-01
9.196204945502939321e-01
9.450716184935672448e-01
9.465602310078856663e-01
9.799736182140049712e-01
6.864276927863133260e-02
2.974025241323014629e-02
7.235678509392810820e-02
9.382509840171547877e-01
9.767788925756735186e-01
9.849425575797393639e-01
9.862662203509731107e-01
9.897710368475971521e-01
9.913928521276688111e-01
9.855196482740966601e-01
9.296563877107477669e-01
5.367986736523101127e-02
1.046175287913863605e-01
9.227677934340924315e-01
9.668140115719919825e-01
9.708038929363196345e-01
9.780558259631813023e-01
8.522098915311695499e-01
3.850707767635037637e-01
1.314893167106120364e-01
1.094185986576276803e-01
1.375264414952800940e-01
9.086468034262117355e-01
9.554788629271805389e-01
9.311245789373246984e-01
7.597237329139665540e-01
5.531178644448586645e-02
3.350147809847663777e-02
2.744504677957012029e-01
9.454021673985503194e-01
9.751092349610134269e-01
9.830313213983784548e-01
9.830773276846065389e-01
9.836925478538516288e-01
9.792576947175957169e-01
8.881848217376234755e-01
3.133996165466983869e-02
6.408033028037981270e-03
5.326322612244760446e-02
9.361972966162824816e-01
9.684659559872105250e-01
9.681335166581588325e-01
9.674093256761044923e-01
7.258799943693516887e-01
1.790444172859879668e-01
1.151696035050578937e-01
9.948869182615412143e-02
1.266946073994976163e-01
9.431675220623435552e-01
9.784811253191671998e-01
9.233983900519806554e-01
4.670855018985463070e-01
1.008242713880888319e-01
7.922968732149753002e-02
8.385040760620916522e-01
9.762637147389550130e-01
9.797979793095918932e-01
9.844228420117709932e-01
9.853324215433577615e-01
9.751897323107456828e-01
8.924533316455118825e-01
5.411524156625031196e-02
6.741591882184734888e-03
1.003470413311997531e-02
2.016370733299051587e-01
9.641219174937261105e-01
9.637861557200996243e-01
9.585468595615981302e-01
9.576584828576336639e-01
4.324726604818189823e-01
1.192409759300927935e-01
9.265805266528800987e-02
8.347604249433526746e-02
9.515832155423319116e-02
9.833951643931941877e-01
9.545208784207952490e-01
8.953877927449022112e-01
5.062624314614924126e-01
2.143648156002099514e-01
5.732570619232648657e-01
9.398238773795063450e-01
9.980849730527813213e-01
9.843108698362306175e-01
9.835163719490608303e-01
9.812087709194404761e-01
8.318225556413142430e-01
8.651155075570778064e-02
1.512530527291815370e-02
2.825083069501136551e-03
4.603585291886680420e-02
9.050485261288914174e-01
9.771357985919397748e-01
9.588851988653728231e-01
9.488839837178303371e-01
9.482736178719159970e-01
2.683371013627674495e-01
1.180455309221561111e-01
9.963018612547798469e-02
1.017828647403993675e-01
4.470099506018859192e-01
9.583410088635042623e-01
9.219935145764038831e-01
7.941993104723961139e-01
5.502864974852459401e-01
6.799053858023988983e-01
9.341342849089991907e-01
9.830680180233852816e-01
9.796214010940385020e-01
9.652529417317640137e-01
9.612364232015763177e-01
8.330716955029755511e-01
1.177491125114368958e-01
2.840465331414247091e-02
1.286322194635703547e-02
1.507667275842550225e-02
9.030412180219670182e-01
9.775112785138208027e-01
9.849287798780151926e-01
9.525625442701489698e-01
9.350367023165729874e-01
9.248316875796804837e-01
2.085862443868873317e-01
1.089796758894460288e-01
1.179349915949068905e-01
2.696862181532411751e-01
9.715385669064561247e-01
9.342222534862774097e-01
8.793089775765610128e-01
5.031978477760388202e-01
4.564941414455758739e-01
8.930315568161130146e-01
9.854697240265098968e-01
9.918060114847524478e-01
9.534383614381335414e-01
9.375294855327152010e-01
8.837980769459888863e-01
2.948478255598839248e-01
5.170395964805066247e-02
1.748275272035202180e-02
1.930391506607304422e-02
9.830221918706421036e-01
9.824495098381028635e-01
9.816056576750112894e-01
9.939031831258720029e-01
9.692253947857378815e-01
9.532306358460019835e-01
9.554527207352384588e-01
2.067922062531060423e-01
8.667039425884674742e-02
1.313028956626028088e-01
8.247933701672266471e-01
9.649846228247280777e-01
9.138025084179458579e-01
8.244873490902513424e-01
2.778914555050807644e-01
4.314986422150799417e-01
8.974419270392581804e-01
9.803911633405512083e-01
9.775586194621741498e-01
9.447881442742271929e-01
9.236454336067724258e-01
6.817538406891642255e-01
1.370386368099131280e-01
3.828158085526603416e-02
6.727630832067118399e-03
7.801802064164962136e-01
9.868812550918172333e-01
9.804423444660017584e-01
9.806369843948942178e-01
9.931339774827682154e-01
9.982647441201996097e-01
9.782174555636363733e-01
9.547962163862192542e-01
4.212636021146789478e-01
7.780054638297186076e-02
1.081374425843207310e-01
8.728676934824649569e-01
9.393435944125617665e-01
8.856944892188157725e-01
7.664909879627833655e-01
3.477291902846388894e-01
5.133609959335092565e-01
9.045144359264791767e-01
9.699862478789148534e-01
9.693611644993811449e-01
9.419309642895222767e-01
9.160161025808217783e-01
4.631654060874388912e-01
8.853903592367359798e-02
3.614499000839501569e-02
2.710556470337224799e-02
7.933413631931939269e-01
9.564832732938730597e-01
9.727703922626572686e-01
9.747645127266223453e-01
9.847576826786095250e-01
9.800222061029872922e-01
9.399702252024112470e-01
9.111306727603208921e-01
7.828467810424922790e-01
1.421146092280475282e-01
7.663302319178554034e-02
8.485476791022817933e-01
9.176500652636526700e-01
8.506949370886917050e-01
7.197335972746490285e-01
5.293740048169088830e-01
6.641948854034298577e-01
9.136362202857121195e-01
9.634723570793026770e-01
9.644121340025137989e-01
9.417887558158771766e-01
9.124703807710360381e-01
3.903602796120207441e-01
7.484410346431734362e-02
3.491954334303332130e-02
4.702382037663943581e-02
7.374803648179601989e-01
9.166393978028092304e-01
9.529482493032380708e-01
9.670330521539057811e-01
9.783906187958919531e-01
9.651856444362200138e-01
9.178689816678842206e-01
8.888484565286272066e-01
8.754283216384073363e-01
5.240259334145677128e-01
1.393419932638775283e-01
8.345345275698448084e-01
8.930365420234531726e-01
8.183568901040576549e-01
6.534417384806094908e-01
6.405581018474819643e-01
7.962767673396849988e-01
9.279340672018788760e-01
9.639646966877937206e-01
9.627262713488198287e-01
9.444263433586070899e-01
9.194933115528550749e-01
4.838182214152317306e-01
6.692809916193526165e-02
2.438668016176027617e-02
1.095771369253719235e-01
7.368439814838380064e-01
8.602979343531772516e-01
8.977275311298670291e-01
9.311325840015987065e-01
7.548982034137294850e-01
9.456176153023936326e-01
9.201845962969013026e-01
8.627816851494285455e-01
8.533926256385220288e-01
7.263615544735773089e-01
5.517538554144476581e-01
7.720501231205045833e-01
8.231690955942905230e-01
6.509782049956699401e-01
4.253334143530221323e-01
5.468667691181203772e-01
8.350225278108199811e-01
9.543369315948813103e-01
9.612463048787770470e-01
9.429901263192574934e-01
9.287999792571187685e-01
9.079544628937681328e-01
7.656162702860916935e-01
1.517694172508214090e-01
6.681781120708460420e-02
3.075844240137154406e-01
7.167963294162039700e-01
7.828654696392579604e-01
7.634363397557705211e-01
6.528578186632585378e-01
3.372556870443835231e-02
5.227095406960901025e-01
9.191215912049638392e-01
8.177419159202908849e-01
7.558298530407241422e-01
7.346162094208977811e-01
8.396552197746335322e-01
4.830483827399067454e-01
2.745223988457264896e-01
2.067893406239567078e-01
3.107620484794604843e-01
5.868380488079824042e-01
8.112794891168317868e-01
9.406121480304117100e-01
8.153091898925083347e-01
7.608210852557325543e-01
7.561656987318237100e-01
7.601655459559111261e-01
6.684935037366738220e-01
8.216809696427707088e-01
6.216398612617343167e-01
5.293388827554381670e-01
6.466458974130016024e-01
6.860647702881160770e-01
5.692635439934785602e-01
1.408576244862494442e-01
1.953048787372766142e-03
1.094035327666800922e-01
3.835696599016427677e-01
5.163362433487291847e-01
7.096291550456456099e-01
7.704495950960916772e-01
8.901415042314889670e-01
2.274521447241275585e-01
6.391513257315108165e-02
9.730923650957656879e-02
2.553678449547442941e-01
6.733979791751752986e-01
7.788503632647381103e-01
6.203415209697225041e-01
1.380593171743611236e-01
2.028506703385178911e-01
4.245292208610380591e-01
5.263861050164025945e-01
5.630204334011451595e-01
8.935474508783753933e-01
6.532978017701560614e-01
5.326406190898883564e-01
5.941260808898800594e-01
6.346185515159212809e-01
4.717934976345439235e-01
9.852818059817206042e-02
4.154555218247522365e-03
8.734157514301196801e-02
9.853530765085410925e-02
1.069153342218532865e-01
6.332821005116074931e-01
8.580657616921871789e-01
9.020074268719900923e-01
4.834540544604953305e-01
6.681456307572583575e-02
9.069995889869914008e-02
2.237743233994780312e-01
7.276790227859153415e-01
7.501968521722263139e-01
1.501597352724929058e-01
6.095447745079789204e-02
8.913428103845409678e-02
1.962808252912164042e-01
3.305344158158495804e-01
4.122521490994207061e-01
7.203094792872483110e-01
2.671004799523876150e-01
2.860954717385331691e-01
5.245834462586229652e-01
6.583597452649702086e-01
5.627222786591723480e-01
2.333069722267593349e-01
8.103445048615732019e-03
9.216283135624754597e-02
9.677764721753476240e-02
8.159310483385422141e-02
5.148259760532160056e-01
9.019674283747486365e-01
9.000978753802680865e-01
7.841331220440043159e-01
8.118158691599228205e-02
9.202739624057719448e-02
1.940370795980071728e-01
7.603802838116571206e-01
7.083421829314816565e-01
1.146846805744401454e-01
5.071568393922281509e-02
6.877485060776326875e-02
1.505090303224155268e-01
2.965718670591030448e-01
3.282236511662128264e-01
2.694072111145099924e-01
6.829678348600881632e-02
1.144300530785178766e-01
3.435970826508077947e-01
6.776330538232143708e-01
7.246074738518294422e-01
6.047355352946889306e-01
4.148150800628756102e-02
9.322423315449149261e-02
1.023772998267263867e-01
8.668582586572767812e-02
4.148526804368458665e-01
9.353668272438632192e-01
8.949836714691014050e-01
8.341053889133123178e-01
9.755542820413726224e-02
9.186567610711812715e-02
1.716948580733161922e-01
7.977345415193234368e-01
6.860082975114593085e-01
1.114283495045546163e-01
4.878718930604325488e-02
6.126195948982403328e-02
1.378905665147235338e-01
3.555552780379765965e-01
3.476561654603760321e-01
1.637227245974018086e-01
3.141225416896847866e-02
6.159447929017923540e-02
1.604503957115449297e-01
6.158093312474507419e-01
8.012368024609685113e-01
7.428133848884543866e-01
2.517639429745464064e-01
7.271891230292513997e-02
1.023720437670279509e-01
9.717044411138783810e-02
4.205684272497137166e-01
9.128194794088599906e-01
8.916422693958303558e-01
8.565373545785383014e-01
1.061275243196349444e-01
8.845920642735373429e-02
1.552249524171375739e-01
8.415330227842581223e-01
6.878525823201536715e-01
1.085672287048279061e-01
5.134340083578879665e-02
6.174259375154446394e-02
1.332864872999008909e-01
4.822012463548366878e-01
4.603616070532182136e-01
1.526699099203847054e-01
2.055763887377089205e-02
4.191224400459321597e-02
8.155059541792958333e-02
4.424046295207985646e-01
7.652927272501479639e-01
5.727980462233110970e-01
1.576216313731983454e-01
3.600824732765026820e-02
9.017181865025890308e-02
1.093915425783619083e-01
5.124468386847520485e-01
8.696391999460884037e-01
8.881089317720078924e-01
8.426097194707911076e-01
9.515797082785062977e-02
8.129581746508333928e-02
1.546319104671608213e-01
8.573904733471229278e-01
6.878440455320640190e-01
9.634261697057118490e-02
5.273176451467521952e-02
6.355480528325888057e-02
1.311941169119038020e-01
6.200619189964589051e-01
6.412244382987247748e-01
1.700187565969541736e-01
2.127482870023349182e-02
3.456914870268684020e-02
6.149999524805835338e-02
1.869021361946751059e-01
4.168913855028550941e-01
1.518687346459651755e-01
5.436232829537149258e-02
1.750619695493595834e-02
6.466502326877321405e-02
1.196282284220317182e-01
4.147358427928992120e-01
8.364620514577577604e-01
8.661503821699986228e-01
5.308228706702100563e-01
7.293657182672000361e-02
7.157833540914577963e-02
2.838872022666201200e-01
8.446392977112043843e-01
6.887661705501821885e-01
1.108585887612186516e-01
4.751999568637741561e-02
6.062703009656399133e-02
1.241131360861855298e-01
7.149545315134072654e-01
7.950406918650466670e-01
1.934008338592280996e-01
2.968485586377101609e-02
3.734246780447817576e-02
6.937936248406806339e-02
1.177753576423514609e-01
9.438098839858669042e-02
5.206692715519299630e-02
2.535198857940557798e-02
1.915315178524998330e-02
3.607776511471440933e-02
1.216657805340038701e-01
4.452682185637084067e-01
7.761947767635669626e-01
6.991944711769053633e-01
9.594035142696480389e-02
5.475191394418948976e-02
7.667429135542279395e-02
6.545089146318209261e-01
8.405093324124770504e-01
7.134358938243418047e-01
1.665555916129067837e-01
4.271119696709914371e-02
4.759398753369354501e-02
1.247726832774520983e-01
8.383510023122656696e-01
8.820517835942829343e-01
1.855726999275548739e-01
4.123807733866394903e-02
5.270656992124388152e-02
1.202680206398748092e-01
1.570394709528664945e-01
5.304514855747909097e-02
2.598064193786182169e-02
1.565394927418732943e-02
2.387442313053076207e-02
4.480253478200766498e-02
2.474899870470192165e-01
5.095388891905654472e-01
5.745225028297771264e-01
1.886500579371024611e-01
4.710566946061605503e-02
4.671234070857348264e-02
1.066725335742840508e-01
8.517514972711289767e-01
8.534617618366823200e-01
7.518118363763856005e-01
2.673325658294354312e-01
8.202130365709026094e-02
4.718530650209449423e-02
2.965702329070158405e-01
9.181550832747971125e-01
9.364617935682387762e-01
1.443517037902911637e-01
5.508822422140102759e-02
1.020722250781057328e-01
4.518303850517557119e-01
3.801571490606022174e-01
3.474396648644739738e-02
1.166348406965082157e-02
1.497491300263329404e-02
2.887266326580533587e-02
7.996571336597500801e-02
4.693689343815965476e-01
5.393319545343568944e-01
2.343195482792722051e-01
6.713298829708888582e-02
3.659250101928647469e-02
4.998370100994187909e-02
3.609351873439425318e-01
9.033266137778858118e-01
8.724515987927017324e-01
7.724583025143254567e-01
3.895713227100492948e-01
2.152582674644103744e-01
2.455101458293888206e-01
7.054336654132168372e-01
8.755293391776421963e-01
8.656082848651431849e-01
1.082007141493565860e-01
6.998311115323950504e-02
2.483427222579213944e-01
7.553615863718279311e-01
5.847401446295743543e-01
3.135206904641835851e-02
4.209889674072909115e-03
2.015186810775454126e-02
4.868096340404940575e-02
1.860808516513449973e-01
1.992093850110224218e-01
5.716988883703894020e-01
8.925341823034819988e-02
3.595599056659633946e-02
4.243006540598087684e-02
1.676530861540421191e-01
9.202752986224143061e-01
9.240061514579666069e-01
8.889257144419786538e-01
7.393488235572370781e-01
4.161186691125625114e-01
5.189834682453071668e-01
7.876857798316238002e-01
8.753363601565734564e-01
8.951600383231590463e-01
7.703121817294084073e-01
9.866651741833398770e-02
8.532869824540663395e-02
4.003248313491796218e-01
7.135671129272372903e-01
4.082870644759551415e-01
3.728448906800872070e-02
1.816336079448332974e-02
9.279090846145972293e-02
6.303320607231430728e-01
6.382913670738864509e-01
1.995870824652175302e-01
7.106421263407775024e-01
3.034432420778315070e-02
4.258234120968350245e-02
1.268243152901090132e-01
9.241650073018641276e-01
9.455555805386667290e-01
9.340209964590554526e-01
8.964104223930092763e-01
4.977157038309198422e-01
2.296851202341834153e-01
7.289763008394740673e-01
8.976725258840561050e-01
9.213037955983549576e-01
9.185185789506272735e-01
7.249643689983100714e-01
1.206377275382148617e-01
1.030458855904283211e-01
5.403158482923126060e-01
5.762826303218427926e-01
1.317118149877690714e-01
2.434694563082421756e-02
1.063220198636577046e-01
8.274169827339467043e-01
9.073943206005191664e-01
5.797551011322102932e-01
1.315600759181998758e-01
9.138216231627502850e-01
5.606549958943832235e-02
1.049891849714064129e-01
8.814158156284881418e-01
9.459148495416841440e-01
9.495920429922106720e-01
9.459791078744116399e-01
6.250543840004283425e-01
5.677112967413559808e-02
5.291292226331657106e-02
8.031356907143600843e-01
9.376292442887976808e-01
9.521276924321060431e-01
9.210323024473333620e-01
6.486972297169603108e-01
2.016477918021261362e-01
1.589955516895939502e-01
7.392126558331953978e-01
4.437864098524093581e-01
6.185245925986553039e-02
1.635902068347613522e-02
3.478517917915167068e-01
9.374443570543514737e-01
8.542967883900843828e-01
3.651082971945918687e-01
8.299701932182217134e-02
8.311055141257980283e-01
3.451570935353451275e-01
5.788070134223020080e-01
9.063597857504951394e-01
9.350183634668782773e-01
9.552773137054232366e-01
9.331175130838293974e-01
1.466109633290848813e-01
3.661150860566809301e-02
1.887085933006768176e-02
7.968076641485013489e-01
9.292794358616951467e-01
9.600271758382585841e-01
8.631094433942978483e-01
6.350665285027831120e-01
4.433289811716392137e-01
6.074815089926226541e-01
8.852820375679071319e-01
4.068697089388044197e-01
4.991146060308319921e-02
3.035611159567896261e-02
2.286097492409172593e-01
9.201009956138731516e-01
7.067894296838791446e-01
1.393646116767928433e-01
5.355683162027453925e-02
7.544432488078923749e-01
7.214644808912340501e-01
8.144259417364002607e-01
8.767771064388710789e-01
9.176557620153297234e-01
9.475351120305642860e-01
4.653975419387788026e-01
1.895100209718667550e-01
1.635919161507541630e-01
4.686576546579310776e-01
8.452747037861891855e-01
8.998407192201393068e-01
9.367307130080457789e-01
7.745691588016849760e-01
5.733273904637664620e-01
7.217459851680708693e-01
9.789085607661719424e-01
9.121116304680758624e-01
3.081691051569085960e-01
5.125902885082298660e-02
4.349531650900392843e-02
9.602412025860675160e-02
6.073658818100878820e-01
3.609490346840475428e-01
5.904797379110372779e-02
2.905288873948153744e-02
7.161149354808088452e-01
7.736528544836853705e-01
8.293797305944398124e-01
8.536680034139324524e-01
8.659808077689178374e-01
5.711055243329121733e-01
1.867325617954810890e-01
2.356103063541165610e-01
6.599293614816472697e-01
8.634006965569410719e-01
8.781055921934005637e-01
8.892181552051880988e-01
9.123045051068270350e-01
4.352255471644643769e-01
4.238894284319215666e-01
7.754317528353262823e-01
9.564087541808776738e-01
8.803950103647175673e-01
1.845081435897146238e-01
4.885616320322165584e-02
4.948138593314983097e-02
5.938663083767286438e-02
6.231846942712997162e-02
8.077951528416495164e-02
3.018589157140448911e-02
1.574948878914646591e-02
7.093427481173510962e-01
8.073415474591871810e-01
8.449472609258713574e-01
8.280207465952633683e-01
6.664775040646748749e-01
2.420889871088921785e-01
1.800460969503967223e-01
4.029958297531619493e-01
8.295844826319573873e-01
8.811451597466779528e-01
8.843989671539792541e-01
8.841223691733194334e-01
8.304125371728678928e-01
3.328264427648890411e-01
3.988779998960036988e-01
8.134950519660252288e-01
9.314173264275540376e-01
8.530300580330996141e-01
1.748559625548817553e-01
4.178987068639028468e-02
5.709243481592155001e-02
8.961756470357679083e-02
2.643186723470173360e-01
5.342704481708841074e-02
1.987324826299288402e-02
1.990091559628515833e-02
7.215853293621671272e-01
8.435433333903711306e-01
8.627642887166144803e-01
7.667791396311790519e-01
3.851562870027732677e-01
1.857479586756727030e-01
1.889387760520988557e-01
7.003890775145983350e-01
8.473020738211092251e-01
8.816414486173467235e-01
8.830553882654627040e-01
8.556231792813970838e-01
5.732664281151622632e-01
3.031112259439227019e-01
4.002046878385202011e-01
7.898909214665995604e-01
9.021548347719389183e-01
8.342040454060584143e-01
2.189610784675804223e-01
6.152719577488141578e-02
1.126785090783521404e-01
3.397041294093495756e-01
7.810083558617889610e-01
1.190436195713266698e-01
2.650878360291837599e-02
3.947336140660397813e-02
7.385331680253779396e-01
8.656401518920957550e-01
8.789061968627687182e-01
6.068521180579603547e-01
2.067752406575993629e-01
1.534805086182902123e-01
1.974287743868863021e-01
7.461688015013901998e-01
8.495243757448867061e-01
8.774271304274714467e-01
8.623491513062850888e-01
6.738982721841044743e-01
3.284998236252866244e-01
2.634027278940779260e-01
4.306148622842723706e-01
7.721413617756078818e-01
8.655265195280456014e-01
7.515169887984458619e-01
1.811713253660623135e-01
1.186287753697042452e-01
2.649419522851242936e-01
7.038697158409433774e-01
9.080591305353613585e-01
5.456215577918592796e-01
5.443043119022353271e-02
7.009760453081213816e-02
7.304931586005263267e-01
8.805040967424244691e-01
8.930614636143094920e-01
4.446674406723566397e-01
1.416401659432282023e-01
1.233849188235302125e-01
2.110258500943802407e-01
7.559971426893770108e-01
8.497824670067201103e-01
8.658579589712794844e-01
7.118668821920758338e-01
3.033997317182199338e-01
2.186678821697029818e-01
2.359159322969229255e-01
4.719082497189923120e-01
7.711380631048114775e-01
8.215951957853113718e-01
5.617689337729856458e-01
1.690475011643968184e-01
1.978992577778111439e-01
4.474385073570889548e-01
8.089192083845099246e-01
9.061898185818890727e-01
7.443068102442331746e-01
1.257397729472764791e-01
1.107245055888932961e-01
6.471211551387084926e-01
8.785558300285973843e-01
9.072747550521464976e-01
3.219916539444083736e-01
1.094893871077230185e-01
1.106374182088016300e-01
2.253392480198319614e-01
7.633039623494882742e-01
8.487924132773199126e-01
8.374995446130979460e-01
2.424689206520350970e-01
1.683076536125329703e-01
1.743115109837608812e-01
2.426926869142810583e-01
5.551618959630164607e-01
7.859830533508737060e-01
7.833620936284428904e-01
3.694400743711749868e-01
2.130704454493765054e-01
2.848781607864707688e-01
5.165954806077880379e-01
8.091662986156946680e-01
8.963618164708232472e-01
7.736152460416882981e-01
2.204502489392436426e-01
1.593288584970735389e-01
5.431633139927061205e-01
8.489679515193131465e-01
8.659971084759117144e-01
2.211579310311266866e-01
1.038624204905991139e-01
1.177404832828276154e-01
2.495940311336767581e-01
7.598207064254797194e-01
8.389337422022504764e-01
7.576315139768048379e-01
1.533478941680355978e-01
1.527812799747491901e-01
1.859944417864744237e-01
3.584464793774680413e-01
6.879557051803558698e-01
8.068813332241279168e-01
7.446838202048786659e-01
3.119870013490691485e-01
2.723251902071390784e-01
3.478846780451128606e-01
5.250105691961751697e-01
7.945557879081865948e-01
8.900136819621369266e-01
7.792479402750609463e-01
3.151872263687136022e-01
2.244627528433281727e-01
4.972418978775973719e-01
8.137716016899185778e-01
7.226320690268326352e-01
1.260938148175417273e-01
1.169933582142657219e-01
1.415297051408699880e-01
2.903373346219673690e-01
7.583301768797721110e-01
8.274570207724658566e-01
5.175103598119411563e-01
1.925121068385141077e-01
2.010471738178754020e-01
2.927212286242538153e-01
5.725330433697674026e-01
7.678078527950455978e-01
8.084608056855847602e-01
6.474237276577530231e-01
3.370503232816013384e-01
3.308777794132657379e-01
3.848942521203336242e-01
5.105856306276391754e-01
7.730911846959318545e-01
8.663996994792584339e-01
7.537208436051842098e-01
4.229727044873881070e-01
3.240734550474537734e-01
5.381756507128916400e-01
7.973186583821979534e-01
4.984177442397386693e-01
1.291774081264832619e-01
1.460279968636203074e-01
1.862998947459169330e-01
3.763159970256276798e-01
7.670594394215962675e-01
8.803281376389142654e-01
5.040285298178185380e-01
2.931639297347227724e-01
3.384108531885306470e-01
4.767779617145497251e-01
6.617745742411538235e-01
7.696202778810494749e-01
7.858822775610642131e-01
4.912071049649616716e-01
3.624729082894537768e-01
3.777163949402855825e-01
4.059723652568858476e-01
4.882992317654902825e-01
7.115007719452426382e-01
8.167069828984009350e-01
7.023713889654609188e-01
5.632316447336703780e-01
5.297552177060106393e-01
6.489928784749572355e-01
8.080320609738846915e-01
2.722380863125611894e-01
1.406556905806824187e-01
2.012324189489430593e-01
2.655635761927681582e-01
5.320096939509124656e-01
7.914092115233830604e-01
9.113181663835326907e-01
5.243558727399342256e-01
4.734463748081204626e-01
5.328057021207085464e-01
6.060181299234933539e-01
6.786232086803891672e-01
7.331336261062750825e-01
7.094846711703221009e-01
3.565840685562857160e-01
4.103008687990448156e-01
4.411347434931855993e-01
4.553975360333952227e-01
5.082222136588552264e-01
6.575044127642483138e-01
7.766905228643401493e-01
7.050356352688962325e-01
6.833210920573703495e-01
6.865980396395046093e-01
7.014368773748785868e-01
8.284512292534712552e-01
2.235414156275505326e-01
1.498785503388593565e-01
2.904950537359203278e-01
4.338216027322976953e-01
6.974606971894370400e-01
8.480663447824363654e-01
8.616512798625259872e-01
6.018627008298802483e-01
6.083386742476418751e-01
6.436931492129295274e-01
6.580530447798476068e-01
6.733268984859211992e-01
6.690294972228181258e-01
5.404527736151552020e-01
4.889475451638625736e-01
5.643572323022121306e-01
5.731170345949155864e-01
5.798348076177406440e-01
6.137152035943688189e-01
6.875965291100398780e-01
7.653306743563180747e-01
7.595171215203936343e-01
7.480357050736947677e-01
7.489528306734842822e-01
7.905859746325024640e-01
7.269315199421504392e-01
1.880862041048332878e-01
1.748997039283116117e-01
4.390011544483022887e-01
6.528716115589048297e-01
7.832007274202960057e-01
8.983521718173376192e-01
7.450599827384014606e-01
4.375229220157203502e-01
6.207971795846186636e-01
6.742175485031688398e-01
6.904705640643628017e-01
7.046260961328263406e-01
7.640563660460359952e-01
8.066675790824507919e-01
8.426239654565715886e-01
7.595719697798861691e-01
7.144953415484758263e-01
7.002617476631473048e-01
7.148222133253112620e-01
7.236305451201439087e-01
7.160956933892848042e-01
7.963223019666059166e-01
7.846819665594549909e-01
7.816548256434212583e-01
8.523852264061825279e-01
6.454714361572315706e-01
2.124733924691788456e-01
2.766598026879681926e-01
6.208883683660976205e-01
7.458146663756487493e-01
8.284422047941988332e-01
9.180381128976211613e-01
3.852020204830522432e-01
3.078678370815166043e-01
6.212923235678429190e-01
7.017166498125583241e-01
7.365604473285956022e-01
7.840552421815032424e-01
9.352278790145323040e-01
8.937773872332382963e-01
9.415451386741064965e-01
8.363070382803192704e-01
7.859120180580587700e-01
7.613401747540399223e-01
7.707284940467086232e-01
7.360893959247630791e-01
7.041141403663451204e-01
8.263191737525193981e-01
8.172718990362783931e-01
8.094481177937643546e-01
7.830521886740672288e-01
5.185725948416305409e-01
2.600271270581063776e-01
4.866079719637191325e-01
7.322506816200673452e-01
7.907383368646861976e-01
8.567059233264049389e-01
8.610553275346738422e-01
2.679176451126280001e-01
3.246278023661249845e-01
6.568789601539481993e-01
7.449189017668484958e-01
7.941805189231133655e-01
8.748292925034235612e-01
9.726544626267745741e-01
9.165455625827820807e-01
9.430558095311631917e-01
8.651658793478327336e-01
8.207431236439118871e-01
7.954948496181626361e-01
8.105730988279109539e-01
7.139617202786058270e-01
7.321556423790328560e-01
8.741780071122562390e-01
8.527839554593094062e-01
8.381755552415471877e-01
6.129563967142773739e-01
4.191024738306538544e-01
3.094183451782976935e-01
6.900998917248991615e-01
7.921906889877569080e-01
8.224519546054551711e-01
8.708989430538516263e-01
7.391985206766648053e-01
3.225632979208896689e-01
6.563717320741859762e-01
7.402471522564270101e-01
7.953244278117810317e-01
8.521569112834450621e-01
9.429008754325050035e-01
9.065170352357381223e-01
9.251434504117784785e-01
9.397113946120982941e-01
8.806233226880640919e-01
8.430828800043033144e-01
8.232854952949083538e-01
8.601275556103523678e-01
7.098905684986439590e-01
8.659549791703573529e-01
9.232423130737678063e-01
8.828344826872528417e-01
8.625620295115640213e-01
4.873939035221814819e-01
4.065870135759319104e-01
3.749374647252922133e-01
8.079086475904956322e-01
7.776624737718372815e-01
8.012195192324003123e-01
8.530696466972931269e-01
5.755113702570637813e-01
4.964847983456701086e-01
8.318518369314884531e-01
8.088723939302017163e-01
8.359035138914144847e-01
8.973991677692885194e-01
9.549496966434108947e-01
8.892624155318448187e-01
9.337571858789077694e-01
9.410918546737296886e-01
8.936859105128313052e-01
8.623660742517940125e-01
8.549998024421586740e-01
9.347649848286501140e-01
8.677132172404410371e-01
9.768063592663281947e-01
9.365583421690955035e-01
8.995946800336235283e-01
8.773470359360182602e-01
4.312604890176155448e-01
6.193585372172447645e-01
5.524161673475653789e-01
6.326459094369981662e-01
2.208766032811718683e-01
4.339768045466912416e-01
6.801414620710779513e-01
5.332578881513602154e-01
6.987770271414317502e-01
8.930757275709969578e-01
8.245446062185799452e-01
8.366424405322753222e-01
9.001200069141431781e-01
9.028265003852974369e-01
8.774632774412918224e-01
9.464742947573159260e-01
9.472266153941314437e-01
9.085778543817280006e-01
8.826183445731352606e-01
8.969118852545959752e-01
9.717911198850317511e-01
8.957857777512506781e-01
9.674556439195154400e-01
9.368392386130982574e-01
9.065940592745798110e-01
8.849550326514432630e-01
4.068442314283146066e-01
7.349753821454581004e-01
7.000874372046241856e-01
8.871967015869636208e-02
2.953554627151544487e-02
7.271230728405561616e-02
3.303008474160624153e-01
6.828781590565893289e-01
8.122732507489988096e-01
8.831422450424935011e-01
5.543346198166074767e-01
4.539121065523122889e-01
7.110633854250139052e-01
8.213622049904560907e-01
8.628192200060699202e-01
9.474325686225381071e-01
9.582940319266421980e-01
9.287637038326246319e-01
9.078783861450879789e-01
9.433392271060577761e-01
8.858053805941590308e-01
9.033590829407908140e-01
9.577662798396239241e-01
9.355811221081830054e-01
9.111871108904259220e-01
8.911134085903370528e-01
4.504647040691496240e-01
7.887196125818203285e-01
6.342080281681309328e-01
5.139344472473868913e-02
2.893628475727152288e-02
4.201743658306821005e-02
2.643991634191229512e-01
8.436878136547693030e-01
8.653238550353988812e-01
7.692576294243864687e-01
1.170256995138167222e-01
7.293973907807875523e-02
2.204898688891520908e-01
6.836017802541295429e-01
8.483689305569566130e-01
9.362824167955566823e-01
9.695674767345713319e-01
9.617924188521180806e-01
9.151821338778577397e-01
7.405538524371423348e-01
8.210335562999311332e-01
9.146163542898121390e-01
9.541202373283812488e-01
9.377715349731410299e-01
9.187504800521316684e-01
9.008641875371393715e-01
5.460195410457732157e-01
8.118277357009078266e-01
2.778734623930352310e-01
4.248263591463360273e-02
2.628028893761636883e-02
3.452137726511499138e-02
3.711835164465576153e-01
8.892522489571648148e-01
8.637160738363967027e-01
5.848259061357365951e-01
7.403764441647728289e-02
4.927662820647812220e-02
7.601483067236042279e-02
4.992936710293155445e-01
8.332712568824296451e-01
9.181354767510444548e-01
9.141555432048906749e-01
5.713305945375756201e-01
1.171762415798216633e-01
2.354143285122352602e-01
7.927986620568857612e-01
9.289095369608557640e-01
9.549650899438499874e-01
9.466165692124146602e-01
9.342603446701343017e-01
9.184861375877292344e-01
6.539470093994956823e-01
7.830368434063131877e-01
1.116281261060564078e-01
3.940598026748232813e-02
2.442365924984181424e-02
2.835875984543942754e-02
5.778196081315341015e-01
9.142142776404231785e-01
8.508739669293071683e-01
2.566678294022384788e-01
6.527315549358368718e-02
4.447959652401432123e-02
4.561783954749619452e-02
3.319452190312861539e-01
8.392427527994797964e-01
9.059253128967845736e-01
7.940642120439614926e-01
1.858734909921041234e-01
8.302023812219011534e-02
1.140169350270092141e-01
6.750550299292591427e-01
9.498073919470577664e-01
9.631195936899823451e-01
9.621149983402267347e-01
9.495704716923271116e-01
9.080173531365391959e-01
7.447130372288325306e-01
6.159367611521743280e-01
8.828641384414771809e-02
3.955028104828304386e-02
2.281371860850434780e-02
2.356328358283570762e-02
6.890824253371626851e-01
9.293586134807672039e-01
8.489724973896641824e-01
1.728090478276718689e-01
6.514914008599588524e-02
4.497401376951926100e-02
3.220468715105993113e-02
3.981777672040582305e-01
9.110782833934201186e-01
9.067403871888628508e-01
3.439942042098256270e-01
8.778398709384889476e-02
6.959250541603148599e-02
8.589347839108593674e-02
5.852673534764777363e-01
9.608644892258477732e-01
9.658898323725646495e-01
9.380949964216087622e-01
8.614463038994603084e-01
7.592893438619441326e-01
7.719223332034075291e-01
3.602231199258459915e-01
8.675217415401911825e-02
4.378682051993047775e-02
2.281432490420413906e-02
4.350658200947572080e-02
7.874486131609749195e-01
9.394330468348088825e-01
8.440655705618375082e-01
1.326218233161029492e-01
6.890139685149807014e-02
5.010719758031174920e-02
2.700458286246624345e-02
7.975897673533605126e-01
9.493003085861393409e-01
6.458188279906543761e-01
1.015165938776594057e-01
6.704112926689401175e-02
6.324938906295127228e-02
8.295684117038390482e-02
6.294852632981460250e-01
9.588978660334368520e-01
9.447314695894799552e-01
8.591626907078631081e-01
5.273316214238034094e-01
2.682524269466254330e-01
6.473737174075954171e-01
2.686032869492844810e-01
9.766349011440825234e-02
5.816258850455011120e-02
3.555780172363923186e-02
2.013951518586508116e-01
8.927821281826145983e-01
9.394836219003570577e-01
4.578157032877974153e-01
9.554419380642217852e-02
7.530405899059205987e-02
5.666413223644661129e-02
5.028263966709251021e-01
9.108655975957460349e-01
8.928704819247442748e-01
1.212639493033699778e-01
6.113565536154346586e-02
5.854464538221141462e-02
6.155765966322829241e-02
1.091722740273012859e-01
8.251917825431530629e-01
9.647542412583529625e-01
3.024591766180662056e-01
9.174020231564226913e-02
8.966480799731672835e-02
9.668137090785523802e-02
3.184093734183199853e-01
2.183609464767009012e-01
1.017007129165669599e-01
1.400886428290294972e-01
5.301580740900539990e-01
9.084095801202295428e-01
9.351147951079701315e-01
8.836656496507980796e-01
5.922054183630399288e-02
6.389083162235807689e-02
7.083107914278680139e-02
3.201418996941981510e-01
9.097823719375535134e-01
9.346365499668606303e-01
5.379151237727757273e-01
7.121832804474399758e-02
5.375849697710980563e-02
5.674176329780272754e-02
6.280105185088372122e-02
1.938556790983714806e-01
9.453806305759008266e-01
1.554142895741912889e-01
3.747780781309575232e-02
5.144081819217881379e-02
5.466207512835382504e-02
5.853666478600432627e-02
2.671683550836825294e-01
1.972939522336090434e-01
1.746079752329778856e-01
5.728867129378988343e-01
8.780414042215648474e-01
8.934049913343267146e-01
8.497394944660134897e-01
3.812245452743838192e-01
6.990662158265414927e-02
4.856597579991153713e-02
7.072272622187084079e-02
8.324469731101914460e-01
9.210348972494717401e-01
9.198181558473002006e-01
3.516406119491977122e-01
9.437997511998544309e-02
6.082359369360292034e-02
6.105198063065125219e-02
5.759067032908708750e-02
6.402598121072268222e-01
7.747730197634387084e-01
1.499134409100151277e-01
4.799696898376054621e-02
5.138324765290871315e-02
5.320730396587093625e-02
5.964378788691521160e-02
2.304204247551869533e-01
1.128519936137444973e-01
1.608852919346221155e-01
5.118584571924120752e-01
6.577137378982811367e-01
6.431848165332386680e-01
4.628526749162782394e-01
2.899462726823952563e-01
1.274585805492960133e-01
1.039721985345226918e-01
1.130720285919658563e-01
7.973493718358372062e-01
8.850483850793362528e-01
8.147190594546062092e-01
3.506837748373090036e-01
1.564637448729534752e-01
9.550366353658451546e-02
7.155013213351463230e-02
1.205755463773214575e-01
7.960034694622591944e-01
5.651046493855857999e-01
1.983694887850708799e-01
9.806921932733762837e-02
7.965311576903354174e-02
7.886535587991171103e-02
1.051465011965984353e-01
1.799355393088041266e-01
1.716190078638825667e-01
6.357408958724830583e-02
1.521651145220527801e-01
1.915934889150726073e-01
2.437744859432448286e-01
2.815016238960161843e-01
4.222026611334543378e-01
4.029045974160789245e-01
2.535870223465485074e-01
7.516622562739799784e-02
2.684381723959538557e-01
3.321655510748204865e-01
4.365492335479181363e-01
4.145049984025429568e-01
3.045212576297806617e-01
1.978562113322629712e-01
7.313593033997971282e-02
8.690650868010112162e-02
3.315252984547473747e-01
3.056302955914981245e-01
2.385286541982479525e-01
2.202488084690243930e-01
2.450629008956435040e-01
2.765241836363391270e-01
2.497006814159841159e-01
3.315368517613696553e-01
8.981098928030805117e-01
9.048988215359143883e-02
4.188119180644332001e-02
5.933589683049209779e-02
9.616565554931678916e-02
2.014702258629745280e-01
6.884766965099713421e-01
8.024218864288508168e-01
4.122336234420555523e-01
5.833316869896677803e-02
4.342190804517705865e-02
5.993781159733382186e-02
2.361327707974628098e-01
6.247609325079837017e-01
7.398449301305377590e-01
4.381048665152432742e-01
4.799676335808199246e-02
4.006438760324551596e-02
9.677681504513209465e-02
2.277150800211559245e-01
3.657631711661132323e-01
4.745155157609419749e-01
6.205543341208817898e-01
7.209217598900544699e-01
7.485049177937564968e-01
7.894671636908303647e-01
9.608350256736373218e-01
9.138407543524950105e-01
6.454281617972007501e-02
2.509047623892874529e-02
2.659773360955569252e-02
2.186769194093844404e-01
8.431516689155356126e-01
9.163390553150460027e-01
6.938884265612438318e-01
6.792559829988377429e-02
3.641405429387412074e-02
3.448678047761947335e-02
2.374498575335459161e-01
8.450991163280903162e-01
9.355390784351866884e-01
3.300409880352503378e-01
4.107023477109256887e-02
3.595612009809037724e-02
6.153677268741467032e-02
3.082793542701482425e-01
6.535698474117929146e-01
6.132080490029986342e-01
1.010319289798632808e-01
5.178594477816590713e-02
5.915315504223853799e-02
7.974010970660122544e-01
9.350503946408027511e-01
9.332559086907219470e-01
8.638144029350289799e-01
3.046570168268523948e-02
2.240127471443669263e-02
2.043026719518107881e-01
8.784467426919339017e-01
9.333383306459377415e-01
8.564285918818417276e-01
7.581707133732611126e-02
3.972127156448106849e-02
4.491022500018149177e-02
5.895993793059718380e-01
9.168262893508103417e-01
9.253108882647955724e-01
7.796296747078373945e-02
3.928693677141763263e-02
4.062751693788849844e-02
6.274800523739156033e-02
4.262509003493242798e-01
8.341537281283336602e-01
8.208253394249066803e-02
2.566720711922981443e-02
2.750778486785096857e-02
3.516197626646011543e-02
7.595421209766216597e-01
9.109237947966856153e-01
9.305980288992385940e-01
8.246261052254870716e-01
6.101512019420377714e-02
7.332615966237523986e-02
2.947649880103836439e-01
8.570964657496582539e-01
9.155109502449823022e-01
7.949743348622884120e-01
9.161667464737431599e-02
4.952051890130085982e-02
1.155045595822010024e-01
7.473200425514078260e-01
9.044419806611867507e-01
5.478228872713982733e-01
4.020294340063831212e-02
4.083459978741411228e-02
4.582261226266683141e-02
8.961621309993189621e-02
7.500441477127206547e-01
5.839615232699663094e-01
1.033785995757057347e-01
3.787870723536308076e-02
2.219409265614175411e-02
2.861745974135120052e-02
7.310004904257857428e-01
8.961101041895119801e-01
9.264361335441555489e-01
8.469370306204728749e-01
1.598162657618114602e-01
1.101650182936078082e-01
3.252910113755053678e-01
8.353348360385401961e-01
8.918291421043333944e-01
6.591796382454494507e-01
1.012158294976332473e-01
6.144438407815917824e-02
2.907274784995276251e-01
8.316318955468176011e-01
8.954087968278923171e-01
2.280563599563827093e-01
3.459459914096454924e-02
4.224582711487231967e-02
4.925155587745149582e-02
1.478374683935625988e-01
9.092252558265616624e-01
5.814742057039495871e-01
1.208497376876373347e-01
4.996914861868873708e-02
2.141589271779926681e-02
2.627629940481522597e-02
7.211351679688975391e-01
8.911332229763401225e-01
9.248550554623227171e-01
8.570979698323998308e-01
3.316863098280755651e-01
1.149101627097734585e-01
3.082541146015666533e-01
8.266509633832685999e-01
8.781029351946399997e-01
5.944134609283755477e-01
1.050588798979065208e-01
6.784064895818817109e-02
4.485251549845619690e-01
8.635548653031756006e-01
8.894947611058138248e-01
1.845704382995733972e-01
3.404812414063505127e-02
4.275530390280637971e-02
5.038627409602516871e-02
1.812073326306854748e-01
9.295008139482854315e-01
5.936527890790102013e-01
1.277674221270831689e-01
5.408376210975917447e-02
2.148510384861837888e-02
2.569583014022214576e-02
7.310004904257857428e-01
8.961101041895119801e-01
9.264361335441555489e-01
8.469370306204728749e-01
1.598162657618114602e-01
1.101650182936078082e-01
3.252910113755053678e-01
8.353348360385401961e-01
8.918291421043333944e-01
6.591796382454494507e-01
1.012158294976332473e-01
6.144438407815917824e-02
2.907274784995276251e-01
8.316318955468176011e-01
8.954087968278923171e-01
2.280563599563827093e-01
3.459459914096454924e-02
4.224582711487231967e-02
4.925155587745149582e-02
1.478374683935625988e-01
9.092252558265616624e-01
5.814742057039495871e-01
1.208497376876373347e-01
4.996914861868873708e-02
2.141589271779926681e-02
2.627629940481522597e-02
7.595421209766216597e-01
9.109237947966856153e-01
9.305980288992385940e-01
8.246261052254870716e-01
6.101512019420377714e-02
7.332615966237523986e-02
2.947649880103836439e-01
8.570964657496582539e-01
9.155109502449823022e-01
7.949743348622884120e-01
9.161667464737431599e-02
4.952051890130085982e-02
1.155045595822010024e-01
7.473200425514078260e-01
9.044419806611867507e-01
5.478228872713982733e-01
4.020294340063831212e-02
4.083459978741411228e-02
4.582261226266683141e-02
8.961621309993189621e-02
7.500441477127206547e-01
5.839615232699663094e-01
1.033785995757057347e-01
3.787870723536308076e-02
2.219409265614175411e-02
2.861745974135120052e-02
7.974010970660122544e-01
9.350503946408027511e-01
9.332559086907219470e-01
8.638144029350289799e-01
3.046570168268523948e-02
2.240127471443669263e-02
2.043026719518107881e-01
8.784467426919339017e-01
9.333383306459377415e-01
8.564285918818417276e-01
7.581707133732611126e-02
3.972127156448106849e-02
4.491022500018149177e-02
5.895993793059718380e-01
9.168262893508103417e-01
9.253108882647955724e-01
7.796296747078373945e-02
3.928693677141763263e-02
4.062751693788849844e-02
6.274800523739156033e-02
4.262509003493242798e-01
8.341537281283336602e-01
8.208253394249066803e-02
2.566720711922981443e-02
2.750778486785096857e-02
3.516197626646011543e-02
7.894671636908303647e-01
9.608350256736373218e-01
9.138407543524950105e-01
6.454281617972007501e-02
2.509047623892874529e-02
2.659773360955569252e-02
2.186769194093844404e-01
8.431516689155356126e-01
9.163390553150460027e-01
6.938884265612438318e-01
6.792559829988377429e-02
3.641405429387412074e-02
3.448678047761947335e-02
2.374498575335459161e-01
8.450991163280903162e-01
9.355390784351866884e-01
3.300409880352503378e-01
4.107023477109256887e-02
3.595612009809037724e-02
6.153677268741467032e-02
3.082793542701482425e-01
6.535698474117929146e-01
6.132080490029986342e-01
1.010319289798632808e-01
5.178594477816590713e-02
5.915315504223853799e-02
3.315368517613696553e-01
8.981098928030805117e-01
9.048988215359143883e-02
4.188119180644332001e-02
5.933589683049209779e-02
9.616565554931678916e-02
2.014702258629745280e-01
6.884766965099713421e-01
8.024218864288508168e-01
4.122336234420555523e-01
5.833316869896677803e-02
4.342190804517705865e-02
5.993781159733382186e-02
2.361327707974628098e-01
6.247609325079837017e-01
7.398449301305377590e-01
4.381048665152432742e-01
4.799676335808199246e-02
4.006438760324551596e-02
9.677681504513209465e-02
2.277150800211559245e-01
3.657631711661132323e-01
4.745155157609419749e-01
6.205543341208817898e-01
7.209217598900544699e-01
7.485049177937564968e-01
1.799355393088041266e-01
1.716190078638825667e-01
6.357408958724830583e-02
1.521651145220527801e-01
1.915934889150726073e-01
2.437744859432448286e-01
2.815016238960161843e-01
4.222026611334543378e-01
4.029045974160789245e-01
2.535870223465485074e-01
7.516622562739799784e-02
2.684381723959538557e-01
3.321655510748204865e-01
4.365492335479181363e-01
4.145049984025429568e-01
3.045212576297806617e-01
1.978562113322629712e-01
7.313593033997971282e-02
8.690650868010112162e-02
3.315252984547473747e-01
3.056302955914981245e-01
2.385286541982479525e-01
2.202488084690243930e-01
2.450629008956435040e-01
2.765241836363391270e-01
2.497006814159841159e-01
2.304204247551869533e-01
1.128519936137444973e-01
1.608852919346221155e-01
5.118584571924120752e-01
6.577137378982811367e-01
6.431848165332386680e-01
4.628526749162782394e-01
2.899462726823952563e-01
1.274585805492960133e-01
1.039721985345226918e-01
1.130720285919658563e-01
7.973493718358372062e-01
8.850483850793362528e-01
8.147190594546062092e-01
3.506837748373090036e-01
1.564637448729534752e-01
9.550366353658451546e-02
7.155013213351463230e-02
1.205755463773214575e-01
7.960034694622591944e-01
5.651046493855857999e-01
1.983694887850708799e-01
9.806921932733762837e-02
7.965311576903354174e-02
7.886535587991171103e-02
1.051465011965984353e-01
2.671683550836825294e-01
1.972939522336090434e-01
1.746079752329778856e-01
5.728867129378988343e-01
8.780414042215648474e-01
8.934049913343267146e-01
8.497394944660134897e-01
3.812245452743838192e-01
6.990662158265414927e-02
4.856597579991153713e-02
7.072272622187084079e-02
8.324469731101914460e-01
9.210348972494717401e-01
9.198181558473002006e-01
3.516406119491977122e-01
9.437997511998544309e-02
6.082359369360292034e-02
6.105198063065125219e-02
5.759067032908708750e-02
6.402598121072268222e-01
7.747730197634387084e-01
1.499134409100151277e-01
4.799696898376054621e-02
5.138324765290871315e-02
5.320730396587093625e-02
5.964378788691521160e-02
3.184093734183199853e-01
2.183609464767009012e-01
1.017007129165669599e-01
1.400886428290294972e-01
5.301580740900539990e-01
9.084095801202295428e-01
9.351147951079701315e-01
8.836656496507980796e-01
5.922054183630399288e-02
6.389083162235807689e-02
7.083107914278680139e-02
3.201418996941981510e-01
9.097823719375535134e-01
9.346365499668606303e-01
5.379151237727757273e-01
7.121832804474399758e-02
5.375849697710980563e-02
5.674176329780272754e-02
6.280105185088372122e-02
1.938556790983714806e-01
9.453806305759008266e-01
1.554142895741912889e-01
3.747780781309575232e-02
5.144081819217881379e-02
5.466207512835382504e-02
5.853666478600432627e-02
6.473737174075954171e-01
2.686032869492844810e-01
9.766349011440825234e-02
5.816258850455011120e-02
3.555780172363923186e-02
2.013951518586508116e-01
8.927821281826145983e-01
9.394836219003570577e-01
4.578157032877974153e-01
9.554419380642217852e-02
7.530405899059205987e-02
5.666413223644661129e-02
5.028263966709251021e-01
9.108655975957460349e-01
8.928704819247442748e-01
1.212639493033699778e-01
6.113565536154346586e-02
5.854464538221141462e-02
6.155765966322829241e-02
1.091722740273012859e-01
8.251917825431530629e-01
9.647542412583529625e-01
3.024591766180662056e-01
9.174020231564226913e-02
8.966480799731672835e-02
9.668137090785523802e-02
7.719223332034075291e-01
3.602231199258459915e-01
8.675217415401911825e-02
4.378682051993047775e-02
2.281432490420413906e-02
4.350658200947572080e-02
7.874486131609749195e-01
9.394330468348088825e-01
8.440655705618375082e-01
1.326218233161029492e-01
6.890139685149807014e-02
5.010719758031174920e-02
2.700458286246624345e-02
7.975897673533605126e-01
9.493003085861393409e-01
6.458188279906543761e-01
1.015165938776594057e-01
6.704112926689401175e-02
6.324938906295127228e-02
8.295684117038390482e-02
6.294852632981460250e-01
9.588978660334368520e-01
9.447314695894799552e-01
8.591626907078631081e-01
5.273316214238034094e-01
2.682524269466254330e-01
7.447130372288325306e-01
6.159367611521743280e-01
8.828641384414771809e-02
3.955028104828304386e-02
2.281371860850434780e-02
2.356328358283570762e-02
6.890824253371626851e-01
9.293586134807672039e-01
8.489724973896641824e-01
1.728090478276718689e-01
6.514914008599588524e-02
4.497401376951926100e-02
3.220468715105993113e-02
3.981777672040582305e-01
9.110782833934201186e-01
9.067403871888628508e-01
3.439942042098256270e-01
8.778398709384889476e-02
6.959250541603148599e-02
8.589347839108593674e-02
5.852673534764777363e-01
9.608644892258477732e-01
9.658898323725646495e-01
9.380949964216087622e-01
8.614463038994603084e-01
7.592893438619441326e-01
6.539470093994956823e-01
7.830368434063131877e-01
1.116281261060564078e-01
3.940598026748232813e-02
2.442365924984181424e-02
2.835875984543942754e-02
5.778196081315341015e-01
9.142142776404231785e-01
8.508739669293071683e-01
2.566678294022384788e-01
6.527315549358368718e-02
4.447959652401432123e-02
4.561783954749619452e-02
3.319452190312861539e-01
8.392427527994797964e-01
9.059253128967845736e-01
7.940642120439614926e-01
1.858734909921041234e-01
8.302023812219011534e-02
1.140169350270092141e-01
6.750550299292591427e-01
9.498073919470577664e-01
9.631195936899823451e-01
9.621149983402267347e-01
9.495704716923271116e-01
9.080173531365391959e-01
5.460195410457732157e-01
8.118277357009078266e-01
2.778734623930352310e-01
4.248263591463360273e-02
2.628028893761636883e-02
3.452137726511499138e-02
3.711835164465576153e-01
8.892522489571648148e-01
8.637160738363967027e-01
5.848259061357365951e-01
7.403764441647728289e-02
4.927662820647812220e-02
7.601483067236042279e-02
4.992936710293155445e-01
8.332712568824296451e-01
9.181354767510444548e-01
9.141555432048906749e-01
5.713305945375756201e-01
1.171762415798216633e-01
2.354143285122352602e-01
7.927986620568857612e-01
9.289095369608557640e-01
9.549650899438499874e-01
9.466165692124146602e-01
9.342603446701343017e-01
9.184861375877292344e-01
4.504647040691496240e-01
7.887196125818203285e-01
6.342080281681309328e-01
5.139344472473868913e-02
2.893628475727152288e-02
4.201743658306821005e-02
2.643991634191229512e-01
8.436878136547693030e-01
8.653238550353988812e-01
7.692576294243864687e-01
1.170256995138167222e-01
7.293973907807875523e-02
2.204898688891520908e-01
6.836017802541295429e-01
8.483689305569566130e-01
9.362824167955566823e-01
9.695674767345713319e-01
9.617924188521180806e-01
9.151821338778577397e-01
7.405538524371423348e-01
8.210335562999311332e-01
9.146163542898121390e-01
9.541202373283812488e-01
9.377715349731410299e-01
9.187504800521316684e-01
9.008641875371393715e-01
4.068442314283146066e-01
7.349753821454581004e-01
7.000874372046241856e-01
8.871967015869636208e-02
2.953554627151544487e-02
7.271230728405561616e-02
3.303008474160624153e-01
6.828781590565893289e-01
8.122732507489988096e-01
8.831422450424935011e-01
5.543346198166074767e-01
4.539121065523122889e-01
7.110633854250139052e-01
8.213622049904560907e-01
8.628192200060699202e-01
9.474325686225381071e-01
9.582940319266421980e-01
9.287637038326246319e-01
9.078783861450879789e-01
9.433392271060577761e-01
8.858053805941590308e-01
9.033590829407908140e-01
9.577662798396239241e-01
9.355811221081830054e-01
9.111871108904259220e-01
8.911134085903370528e-01
4.312604890176155448e-01
6.193585372172447645e-01
5.524161673475653789e-01
6.326459094369981662e-01
2.208766032811718683e-01
4.339768045466912416e-01
6.801414620710779513e-01
5.332578881513602154e-01
6.987770271414317502e-01
8.930757275709969578e-01
8.245446062185799452e-01
8.366424405322753222e-01
9.001200069141431781e-01
9.028265003852974369e-01
8.774632774412918224e-01
9.464742947573159260e-01
9.472266153941314437e-01
9.085778543817280006e-01
8.826183445731352606e-01
8.969118852545959752e-01
9.717911198850317511e-01
8.957857777512506781e-01
9.674556439195154400e-01
9.368392386130982574e-01
9.065940592745798110e-01
8.849550326514432630e-01
4.873939035221814819e-01
4.065870135759319104e-01
3.749374647252922133e-01
8.079086475904956322e-01
7.776624737718372815e-01
8.012195192324003123e-01
8.530696466972931269e-01
5.755113702570637813e-01
4.964847983456701086e-01
8.318518369314884531e-01
8.088723939302017163e-01
8.359035138914144847e-01
8.973991677692885194e-01
9.549496966434108947e-01
8.892624155318448187e-01
9.337571858789077694e-01
9.410918546737296886e-01
8.936859105128313052e-01
8.623660742517940125e-01
8.549998024421586740e-01
9.347649848286501140e-01
8.677132172404410371e-01
9.768063592663281947e-01
9.365583421690955035e-01
8.995946800336235283e-01
8.773470359360182602e-01
6.129563967142773739e-01
4.191024738306538544e-01
3.094183451782976935e-01
6.900998917248991615e-01
7.921906889877569080e-01
8.224519546054551711e-01
8.708989430538516263e-01
7.391985206766648053e-01
3.225632979208896689e-01
6.563717320741859762e-01
7.402471522564270101e-01
7.953244278117810317e-01
8.521569112834450621e-01
9.429008754325050035e-01
9.065170352357381223e-01
9.251434504117784785e-01
9.397113946120982941e-01
8.806233226880640919e-01
8.430828800043033144e-01
8.232854952949083538e-01
8.601275556103523678e-01
7.098905684986439590e-01
8.659549791703573529e-01
9.232423130737678063e-01
8.828344826872528417e-01
8.625620295115640213e-01
7.830521886740672288e-01
5.185725948416305409e-01
2.600271270581063776e-01
4.866079719637191325e-01
7.322506816200673452e-01
7.907383368646861976e-01
8.567059233264049389e-01
8.610553275346738422e-01
2.679176451126280001e-01
3.246278023661249845e-01
6.568789601539481993e-01
7.449189017668484958e-01
7.941805189231133655e-01
8.748292925034235612e-01
9.726544626267745741e-01
9.165455625827820807e-01
9.430558095311631917e-01
8.651658793478327336e-01
8.207431236439118871e-01
7.954948496181626361e-01
8.105730988279109539e-01
7.139617202786058270e-01
7.321556423790328560e-01
8.741780071122562390e-01
8.527839554593094062e-01
8.381755552415471877e-01
8.523852264061825279e-01
6.454714361572315706e-01
2.124733924691788456e-01
2.766598026879681926e-01
6.208883683660976205e-01
7.458146663756487493e-01
8.284422047941988332e-01
9.180381128976211613e-01
3.852020204830522432e-01
3.078678370815166043e-01
6.212923235678429190e-01
7.017166498125583241e-01
7.365604473285956022e-01
7.840552421815032424e-01
9.352278790145323040e-01
8.937773872332382963e-01
9.415451386741064965e-01
8.363070382803192704e-01
7.859120180580587700e-01
7.613401747540399223e-01
7.707284940467086232e-01
7.360893959247630791e-01
7.041141403663451204e-01
8.263191737525193981e-01
8.172718990362783931e-01
8.094481177937643546e-01
7.905859746325024640e-01
7.269315199421504392e-01
1.880862041048332878e-01
1.748997039283116117e-01
4.390011544483022887e-01
6.528716115589048297e-01
7.832007274202960057e-01
8.983521718173376192e-01
7.450599827384014606e-01
4.375229220157203502e-01
6.207971795846186636e-01
6.742175485031688398e-01
6.904705640643628017e-01
7.046260961328263406e-01
7.640563660460359952e-01
8.066675790824507919e-01
8.426239654565715886e-01
7.595719697798861691e-01
7.144953415484758263e-01
7.002617476631473048e-01
7.148222133253112620e-01
7.236305451201439087e-01
7.160956933892848042e-01
7.963223019666059166e-01
7.846819665594549909e-01
7.816548256434212583e-01
7.014368773748785868e-01
8.284512292534712552e-01
2.235414156275505326e-01
1.498785503388593565e-01
2.904950537359203278e-01
4.338216027322976953e-01
6.974606971894370400e-01
8.480663447824363654e-01
8.616512798625259872e-01
6.018627008298802483e-01
6.083386742476418751e-01
6.436931492129295274e-01
6.580530447798476068e-01
6.733268984859211992e-01
6.690294972228181258e-01
5.404527736151552020e-01
4.889475451638625736e-01
5.643572323022121306e-01
5.731170345949155864e-01
5.798348076177406440e-01
6.137152035943688189e-01
6.875965291100398780e-01
7.653306743563180747e-01
7.595171215203936343e-01
7.480357050736947677e-01
7.489528306734842822e-01
6.489928784749572355e-01
8.080320609738846915e-01
2.722380863125611894e-01
1.406556905806824187e-01
2.012324189489430593e-01
2.655635761927681582e-01
5.320096939509124656e-01
7.914092115233830604e-01
9.113181663835326907e-01
5.243558727399342256e-01
4.734463748081204626e-01
5.328057021207085464e-01
6.060181299234933539e-01
6.786232086803891672e-01
7.331336261062750825e-01
7.094846711703221009e-01
3.565840685562857160e-01
4.103008687990448156e-01
4.411347434931855993e-01
4.553975360333952227e-01
5.082222136588552264e-01
6.575044127642483138e-01
7.766905228643401493e-01
7.050356352688962325e-01
6.833210920573703495e-01
6.865980396395046093e-01
5.381756507128916400e-01
7.973186583821979534e-01
4.984177442397386693e-01
1.291774081264832619e-01
1.460279968636203074e-01
1.862998947459169330e-01
3.763159970256276798e-01
7.670594394215962675e-01
8.803281376389142654e-01
5.040285298178185380e-01
2.931639297347227724e-01
3.384108531885306470e-01
4.767779617145497251e-01
6.617745742411538235e-01
7.696202778810494749e-01
7.858822775610642131e-01
4.912071049649616716e-01
3.624729082894537768e-01
3.777163949402855825e-01
4.059723652568858476e-01
4.882992317654902825e-01
7.115007719452426382e-01
8.167069828984009350e-01
7.023713889654609188e-01
5.632316447336703780e-01
5.297552177060106393e-01
4.972418978775973719e-01
8.137716016899185778e-01
7.226320690268326352e-01
1.260938148175417273e-01
1.169933582142657219e-01
1.415297051408699880e-01
2.903373346219673690e-01
7.583301768797721110e-01
8.274570207724658566e-01
5.175103598119411563e-01
1.925121068385141077e-01
2.010471738178754020e-01
2.927212286242538153e-01
5.725330433697674026e-01
7.678078527950455978e-01
8.084608056855847602e-01
6.474237276577530231e-01
3.370503232816013384e-01
3.308777794132657379e-01
3.848942521203336242e-01
5.105856306276391754e-01
7.730911846959318545e-01
8.663996994792584339e-01
7.537208436051842098e-01
4.229727044873881070e-01
3.240734550474537734e-01
5.431633139927061205e-01
8.489679515193131465e-01
8.659971084759117144e-01
2.211579310311266866e-01
1.038624204905991139e-01
1.177404832828276154e-01
2.495940311336767581e-01
7.598207064254797194e-01
8.389337422022504764e-01
7.576315139768048379e-01
1.533478941680355978e-01
1.527812799747491901e-01
1.859944417864744237e-01
3.584464793774680413e-01
6.879557051803558698e-01
8.068813332241279168e-01
7.446838202048786659e-01
3.119870013490691485e-01
2.723251902071390784e-01
3.478846780451128606e-01
5.250105691961751697e-01
7.945557879081865948e-01
8.900136819621369266e-01
7.792479402750609463e-01
3.151872263687136022e-01
2.244627528433281727e-01
6.471211551387084926e-01
8.785558300285973843e-01
9.072747550521464976e-01
3.219916539444083736e-01
1.094893871077230185e-01
1.106374182088016300e-01
2.253392480198319614e-01
7.633039623494882742e-01
8.487924132773199126e-01
8.374995446130979460e-01
2.424689206520350970e-01
1.683076536125329703e-01
1.743115109837608812e-01
2.426926869142810583e-01
5.551618959630164607e-01
7.859830533508737060e-01
7.833620936284428904e-01
3.694400743711749868e-01
2.130704454493765054e-01
2.848781607864707688e-01
5.165954806077880379e-01
8.091662986156946680e-01
8.963618164708232472e-01
7.736152460416882981e-01
2.204502489392436426e-01
1.593288584970735389e-01
7.304931586005263267e-01
8.805040967424244691e-01
8.930614636143094920e-01
4.446674406723566397e-01
1.416401659432282023e-01
1.233849188235302125e-01
2.110258500943802407e-01
7.559971426893770108e-01
8.497824670067201103e-01
8.658579589712794844e-01
7.118668821920758338e-01
3.033997317182199338e-01
2.186678821697029818e-01
2.359159322969229255e-01
4.719082497189923120e-01
7.711380631048114775e-01
8.215951957853113718e-01
5.617689337729856458e-01
1.690475011643968184e-01
1.978992577778111439e-01
4.474385073570889548e-01
8.089192083845099246e-01
9.061898185818890727e-01
7.443068102442331746e-01
1.257397729472764791e-01
1.107245055888932961e-01
7.385331680253779396e-01
8.656401518920957550e-01
8.789061968627687182e-01
6.068521180579603547e-01
2.067752406575993629e-01
1.534805086182902123e-01
1.974287743868863021e-01
7.461688015013901998e-01
8.495243757448867061e-01
8.774271304274714467e-01
8.623491513062850888e-01
6.738982721841044743e-01
3.284998236252866244e-01
2.634027278940779260e-01
4.306148622842723706e-01
7.721413617756078818e-01
8.655265195280456014e-01
7.515169887984458619e-01
1.811713253660623135e-01
1.186287753697042452e-01
2.649419522851242936e-01
7.038697158409433774e-01
9.080591305353613585e-01
5.456215577918592796e-01
5.443043119022353271e-02
7.009760453081213816e-02
7.215853293621671272e-01
8.435433333903711306e-01
8.627642887166144803e-01
7.667791396311790519e-01
3.851562870027732677e-01
1.857479586756727030e-01
1.889387760520988557e-01
7.003890775145983350e-01
8.473020738211092251e-01
8.816414486173467235e-01
8.830553882654627040e-01
8.556231792813970838e-01
5.732664281151622632e-01
3.031112259439227019e-01
4.002046878385202011e-01
7.898909214665995604e-01
9.021548347719389183e-01
8.342040454060584143e-01
2.189610784675804223e-01
6.152719577488141578e-02
1.126785090783521404e-01
3.397041294093495756e-01
7.810083558617889610e-01
1.190436195713266698e-01
2.650878360291837599e-02
3.947336140660397813e-02
7.093427481173510962e-01
8.073415474591871810e-01
8.449472609258713574e-01
8.280207465952633683e-01
6.664775040646748749e-01
2.420889871088921785e-01
1.800460969503967223e-01
4.029958297531619493e-01
8.295844826319573873e-01
8.811451597466779528e-01
8.843989671539792541e-01
8.841223691733194334e-01
8.304125371728678928e-01
3.328264427648890411e-01
3.988779998960036988e-01
8.134950519660252288e-01
9.314173264275540376e-01
8.530300580330996141e-01
1.748559625548817553e-01
4.178987068639028468e-02
5.709243481592155001e-02
8.961756470357679083e-02
2.643186723470173360e-01
5.342704481708841074e-02
1.987324826299288402e-02
1.990091559628515833e-02
7.161149354808088452e-01
7.736528544836853705e-01
8.293797305944398124e-01
8.536680034139324524e-01
8.659808077689178374e-01
5.711055243329121733e-01
1.867325617954810890e-01
2.356103063541165610e-01
6.599293614816472697e-01
8.634006965569410719e-01
8.781055921934005637e-01
8.892181552051880988e-01
9.123045051068270350e-01
4.352255471644643769e-01
4.238894284319215666e-01
7.754317528353262823e-01
9.564087541808776738e-01
8.803950103647175673e-01
1.845081435897146238e-01
4.885616320322165584e-02
4.948138593314983097e-02
5.938663083767286438e-02
6.231846942712997162e-02
8.077951528416495164e-02
3.018589157140448911e-02
1.574948878914646591e-02
7.544432488078923749e-01
7.214644808912340501e-01
8.144259417364002607e-01
8.767771064388710789e-01
9.176557620153297234e-01
9.475351120305642860e-01
4.653975419387788026e-01
1.895100209718667550e-01
1.635919161507541630e-01
4.686576546579310776e-01
8.452747037861891855e-01
8.998407192201393068e-01
9.367307130080457789e-01
7.745691588016849760e-01
5.733273904637664620e-01
7.217459851680708693e-01
9.789085607661719424e-01
9.121116304680758624e-01
3.081691051569085960e-01
5.125902885082298660e-02
4.349531650900392843e-02
9.602412025860675160e-02
6.073658818100878820e-01
3.609490346840475428e-01
5.904797379110372779e-02
2.905288873948153744e-02
8.311055141257980283e-01
3.451570935353451275e-01
5.788070134223020080e-01
9.063597857504951394e-01
9.350183634668782773e-01
9.552773137054232366e-01
9.331175130838293974e-01
1.466109633290848813e-01
3.661150860566809301e-02
1.887085933006768176e-02
7.968076641485013489e-01
9.292794358616951467e-01
9.600271758382585841e-01
8.631094433942978483e-01
6.350665285027831120e-01
4.433289811716392137e-01
6.074815089926226541e-01
8.852820375679071319e-01
4.068697089388044197e-01
4.991146060308319921e-02
3.035611159567896261e-02
2.286097492409172593e-01
9.201009956138731516e-01
7.067894296838791446e-01
1.393646116767928433e-01
5.355683162027453925e-02
9.138216231627502850e-01
5.606549958943832235e-02
1.049891849714064129e-01
8.814158156284881418e-01
9.459148495416841440e-01
9.495920429922106720e-01
9.459791078744116399e-01
6.250543840004283425e-01
5.677112967413559808e-02
5.291292226331657106e-02
8.031356907143600843e-01
9.376292442887976808e-01
9.521276924321060431e-01
9.210323024473333620e-01
6.486972297169603108e-01
2.016477918021261362e-01
1.589955516895939502e-01
7.392126558331953978e-01
4.437864098524093581e-01
6.185245925986553039e-02
1.635902068347613522e-02
3.478517917915167068e-01
9.374443570543514737e-01
8.542967883900843828e-01
3.651082971945918687e-01
8.299701932182217134e-02
7.106421263407775024e-01
3.034432420778315070e-02
4.258234120968350245e-02
1.268243152901090132e-01
9.241650073018641276e-01
9.455555805386667290e-01
9.340209964590554526e-01
8.964104223930092763e-01
4.977157038309198422e-01
2.296851202341834153e-01
7.289763008394740673e-01
8.976725258840561050e-01
9.213037955983549576e-01
9.185185789506272735e-01
7.249643689983100714e-01
1.206377275382148617e-01
1.030458855904283211e-01
5.403158482923126060e-01
5.762826303218427926e-01
1.317118149877690714e-01
2.434694563082421756e-02
1.063220198636577046e-01
8.274169827339467043e-01
9.073943206005191664e-01
5.797551011322102932e-01
1.315600759181998758e-01
5.716988883703894020e-01
8.925341823034819988e-02
3.595599056659633946e-02
4.243006540598087684e-02
1.676530861540421191e-01
9.202752986224143061e-01
9.240061514579666069e-01
8.889257144419786538e-01
7.393488235572370781e-01
4.161186691125625114e-01
5.189834682453071668e-01
7.876857798316238002e-01
8.753363601565734564e-01
8.951600383231590463e-01
7.703121817294084073e-01
9.866651741833398770e-02
8.532869824540663395e-02
4.003248313491796218e-01
7.135671129272372903e-01
4.082870644759551415e-01
3.728448906800872070e-02
1.816336079448332974e-02
9.279090846145972293e-02
6.303320607231430728e-01
6.382913670738864509e-01
1.995870824652175302e-01
5.393319545343568944e-01
2.343195482792722051e-01
6.713298829708888582e-02
3.659250101928647469e-02
4.998370100994187909e-02
3.609351873439425318e-01
9.033266137778858118e-01
8.724515987927017324e-01
7.724583025143254567e-01
3.895713227100492948e-01
2.152582674644103744e-01
2.455101458293888206e-01
7.054336654132168372e-01
8.755293391776421963e-01
8.656082848651431849e-01
1.082007141493565860e-01
6.998311115323950504e-02
2.483427222579213944e-01
7.553615863718279311e-01
5.847401446295743543e-01
3.135206904641835851e-02
4.209889674072909115e-03
2.015186810775454126e-02
4.868096340404940575e-02
1.860808516513449973e-01
1.992093850110224218e-01
5.095388891905654472e-01
5.745225028297771264e-01
1.886500579371024611e-01
4.710566946061605503e-02
4.671234070857348264e-02
1.066725335742840508e-01
8.517514972711289767e-01
8.534617618366823200e-01
7.518118363763856005e-01
2.673325658294354312e-01
8.202130365709026094e-02
4.718530650209449423e-02
2.965702329070158405e-01
9.181550832747971125e-01
9.364617935682387762e-01
1.443517037902911637e-01
5.508822422140102759e-02
1.020722250781057328e-01
4.518303850517557119e-01
3.801571490606022174e-01
3.474396648644739738e-02
1.166348406965082157e-02
1.497491300263329404e-02
2.887266326580533587e-02
7.996571336597500801e-02
4.693689343815965476e-01
4.452682185637084067e-01
7.761947767635669626e-01
6.991944711769053633e-01
9.594035142696480389e-02
5.475191394418948976e-02
7.667429135542279395e-02
6.545089146318209261e-01
8.405093324124770504e-01
7.134358938243418047e-01
1.665555916129067837e-01
4.271119696709914371e-02
4.759398753369354501e-02
1.247726832774520983e-01
8.383510023122656696e-01
8.820517835942829343e-01
1.855726999275548739e-01
4.123807733866394903e-02
5.270656992124388152e-02
1.202680206398748092e-01
1.570394709528664945e-01
5.304514855747909097e-02
2.598064193786182169e-02
1.565394927418732943e-02
2.387442313053076207e-02
4.480253478200766498e-02
2.474899870470192165e-01
4.147358427928992120e-01
8.364620514577577604e-01
8.661503821699986228e-01
5.308228706702100563e-01
7.293657182672000361e-02
7.157833540914577963e-02
2.838872022666201200e-01
8.446392977112043843e-01
6.887661705501821885e-01
1.108585887612186516e-01
4.751999568637741561e-02
6.062703009656399133e-02
1.241131360861855298e-01
7.149545315134072654e-01
7.950406918650466670e-01
1.934008338592280996e-01
2.968485586377101609e-02
3.734246780447817576e-02
6.937936248406806339e-02
1.177753576423514609e-01
9.438098839858669042e-02
5.206692715519299630e-02
2.535198857940557798e-02
1.915315178524998330e-02
3.607776511471440933e-02
1.216657805340038701e-01
5.124468386847520485e-01
8.696391999460884037e-01
8.881089317720078924e-01
8.426097194707911076e-01
9.515797082785062977e-02
8.129581746508333928e-02
1.546319104671608213e-01
8.573904733471229278e-01
6.878440455320640190e-01
9.634261697057118490e-02
5.273176451467521952e-02
6.355480528325888057e-02
1.311941169119038020e-01
6.200619189964589051e-01
6.412244382987247748e-01
1.700187565969541736e-01
2.127482870023349182e-02
3.456914870268684020e-02
6.149999524805835338e-02
1.869021361946751059e-01
4.168913855028550941e-01
1.518687346459651755e-01
5.436232829537149258e-02
1.750619695493595834e-02
6.466502326877321405e-02
1.196282284220317182e-01
4.205684272497137166e-01
9.128194794088599906e-01
8.916422693958303558e-01
8.565373545785383014e-01
1.061275243196349444e-01
8.845920642735373429e-02
1.552249524171375739e-01
8.415330227842581223e-01
6.878525823201536715e-01
1.085672287048279061e-01
5.134340083578879665e-02
6.174259375154446394e-02
1.332864872999008909e-01
4.822012463548366878e-01
4.603616070532182136e-01
1.526699099203847054e-01
2.055763887377089205e-02
4.191224400459321597e-02
8.155059541792958333e-02
4.424046295207985646e-01
7.652927272501479639e-01
5.727980462233110970e-01
1.576216313731983454e-01
3.600824732765026820e-02
9.017181865025890308e-02
1.093915425783619083e-01
4.148526804368458665e-01
9.353668272438632192e-01
8.949836714691014050e-01
8.341053889133123178e-01
9.755542820413726224e-02
9.186567610711812715e-02
1.716948580733161922e-01
7.977345415193234368e-01
6.860082975114593085e-01
1.114283495045546163e-01
4.878718930604325488e-02
6.126195948982403328e-02
1.378905665147235338e-01
3.555552780379765965e-01
3.476561654603760321e-01
1.637227245974018086e-01
3.141225416896847866e-02
6.159447929017923540e-02
1.604503957115449297e-01
6.158093312474507419e-01
8.012368024609685113e-01
7.428133848884543866e-01
2.517639429745464064e-01
7.271891230292513997e-02
1.023720437670279509e-01
9.717044411138783810e-02
5.148259760532160056e-01
9.019674283747486365e-01
9.000978753802680865e-01
7.841331220440043159e-01
8.118158691599228205e-02
9.202739624057719448e-02
1.940370795980071728e-01
7.603802838116571206e-01
7.083421829314816565e-01
1.146846805744401454e-01
5.071568393922281509e-02
6.877485060776326875e-02
1.505090303224155268e-01
2.965718670591030448e-01
3.282236511662128264e-01
2.694072111145099924e-01
6.829678348600881632e-02
1.144300530785178766e-01
3.435970826508077947e-01
6.776330538232143708e-01
7.246074738518294422e-01
6.047355352946889306e-01
4.148150800628756102e-02
9.322423315449149261e-02
1.023772998267263867e-01
8.668582586572767812e-02
6.332821005116074931e-01
8.580657616921871789e-01
9.020074268719900923e-01
4.834540544604953305e-01
6.681456307572583575e-02
9.069995889869914008e-02
2.237743233994780312e-01
7.276790227859153415e-01
7.501968521722263139e-01
1.501597352724929058e-01
6.095447745079789204e-02
8.913428103845409678e-02
1.962808252912164042e-01
3.305344158158495804e-01
4.122521490994207061e-01
7.203094792872483110e-01
2.671004799523876150e-01
2.860954717385331691e-01
5.245834462586229652e-01
6.583597452649702086e-01
5.627222786591723480e-01
2.333069722267593349e-01
8.103445048615732019e-03
9.216283135624754597e-02
9.677764721753476240e-02
8.159310483385422141e-02
7.096291550456456099e-01
7.704495950960916772e-01
8.901415042314889670e-01
2.274521447241275585e-01
6.391513257315108165e-02
9.730923650957656879e-02
2.553678449547442941e-01
6.733979791751752986e-01
7.788503632647381103e-01
6.203415209697225041e-01
1.380593171743611236e-01
2.028506703385178911e-01
4.245292208610380591e-01
5.263861050164025945e-01
5.630204334011451595e-01
8.935474508783753933e-01
6.532978017701560614e-01
5.326406190898883564e-01
5.941260808898800594e-01
6.346185515159212809e-01
4.717934976345439235e-01
9.852818059817206042e-02
4.154555218247522365e-03
8.734157514301196801e-02
9.853530765085410925e-02
1.069153342218532865e-01
7.558298530407241422e-01
7.346162094208977811e-01
8.396552197746335322e-01
4.830483827399067454e-01
2.745223988457264896e-01
2.067893406239567078e-01
3.107620484794604843e-01
5.868380488079824042e-01
8.112794891168317868e-01
9.406121480304117100e-01
8.153091898925083347e-01
7.608210852557325543e-01
7.561656987318237100e-01
7.601655459559111261e-01
6.684935037366738220e-01
8.216809696427707088e-01
6.216398612617343167e-01
5.293388827554381670e-01
6.466458974130016024e-01
6.860647702881160770e-01
5.692635439934785602e-01
1.408576244862494442e-01
1.953048787372766142e-03
1.094035327666800922e-01
3.835696599016427677e-01
5.163362433487291847e-01
8.533926256385220288e-01
7.263615544735773089e-01
5.517538554144476581e-01
7.720501231205045833e-01
8.231690955942905230e-01
6.509782049956699401e-01
4.253334143530221323e-01
5.468667691181203772e-01
8.350225278108199811e-01
9.543369315948813103e-01
9.612463048787770470e-01
9.429901263192574934e-01
9.287999792571187685e-01
9.079544628937681328e-01
7.656162702860916935e-01
1.517694172508214090e-01
6.681781120708460420e-02
3.075844240137154406e-01
7.167963294162039700e-01
7.828654696392579604e-01
7.634363397557705211e-01
6.528578186632585378e-01
3.372556870443835231e-02
5.227095406960901025e-01
9.191215912049638392e-01
8.177419159202908849e-01
8.754283216384073363e-01
5.240259334145677128e-01
1.393419932638775283e-01
8.345345275698448084e-01
8.930365420234531726e-01
8.183568901040576549e-01
6.534417384806094908e-01
6.405581018474819643e-01
7.962767673396849988e-01
9.279340672018788760e-01
9.639646966877937206e-01
9.627262713488198287e-01
9.444263433586070899e-01
9.194933115528550749e-01
4.838182214152317306e-01
6.692809916193526165e-02
2.438668016176027617e-02
1.095771369253719235e-01
7.368439814838380064e-01
8.602979343531772516e-01
8.977275311298670291e-01
9.311325840015987065e-01
7.548982034137294850e-01
9.456176153023936326e-01
9.201845962969013026e-01
8.627816851494285455e-01
7.828467810424922790e-01
1.421146092280475282e-01
7.663302319178554034e-02
8.485476791022817933e-01
9.176500652636526700e-01
8.506949370886917050e-01
7.197335972746490285e-01
5.293740048169088830e-01
6.641948854034298577e-01
9.136362202857121195e-01
9.634723570793026770e-01
9.644121340025137989e-01
9.417887558158771766e-01
9.124703807710360381e-01
3.903602796120207441e-01
7.484410346431734362e-02
3.491954334303332130e-02
4.702382037663943581e-02
7.374803648179601989e-01
9.166393978028092304e-01
9.529482493032380708e-01
9.670330521539057811e-01
9.783906187958919531e-01
9.651856444362200138e-01
9.178689816678842206e-01
8.888484565286272066e-01
4.212636021146789478e-01
7.780054638297186076e-02
1.081374425843207310e-01
8.728676934824649569e-01
9.393435944125617665e-01
8.856944892188157725e-01
7.664909879627833655e-01
3.477291902846388894e-01
5.133609959335092565e-01
9.045144359264791767e-01
9.699862478789148534e-01
9.693611644993811449e-01
9.419309642895222767e-01
9.160161025808217783e-01
4.631654060874388912e-01
8.853903592367359798e-02
3.614499000839501569e-02
2.710556470337224799e-02
7.933413631931939269e-01
9.564832732938730597e-01
9.727703922626572686e-01
9.747645127266223453e-01
9.847576826786095250e-01
9.800222061029872922e-01
9.399702252024112470e-01
9.111306727603208921e-01
2.067922062531060423e-01
8.667039425884674742e-02
1.313028956626028088e-01
8.247933701672266471e-01
9.649846228247280777e-01
9.138025084179458579e-01
8.244873490902513424e-01
2.778914555050807644e-01
4.314986422150799417e-01
8.974419270392581804e-01
9.803911633405512083e-01
9.775586194621741498e-01
9.447881442742271929e-01
9.236454336067724258e-01
6.817538406891642255e-01
1.370386368099131280e-01
3.828158085526603416e-02
6.727630832067118399e-03
7.801802064164962136e-01
9.868812550918172333e-01
9.804423444660017584e-01
9.806369843948942178e-01
9.931339774827682154e-01
9.982647441201996097e-01
9.782174555636363733e-01
9.547962163862192542e-01
2.085862443868873317e-01
1.089796758894460288e-01
1.179349915949068905e-01
2.696862181532411751e-01
9.715385669064561247e-01
9.342222534862774097e-01
8.793089775765610128e-01
5.031978477760388202e-01
4.564941414455758739e-01
8.930315568161130146e-01
9.854697240265098968e-01
9.918060114847524478e-01
9.534383614381335414e-01
9.375294855327152010e-01
8.837980769459888863e-01
2.948478255598839248e-01
5.170395964805066247e-02
1.748275272035202180e-02
1.930391506607304422e-02
9.830221918706421036e-01
9.824495098381028635e-01
9.816056576750112894e-01
9.939031831258720029e-01
9.692253947857378815e-01
9.532306358460019835e-01
9.554527207352384588e-01
2.683371013627674495e-01
1.180455309221561111e-01
9.963018612547798469e-02
1.017828647403993675e-01
4.470099506018859192e-01
9.583410088635042623e-01
9.219935145764038831e-01
7.941993104723961139e-01
5.502864974852459401e-01
6.799053858023988983e-01
9.341342849089991907e-01
9.830680180233852816e-01
9.796214010940385020e-01
9.652529417317640137e-01
9.612364232015763177e-01
8.330716955029755511e-01
1.177491125114368958e-01
2.840465331414247091e-02
1.286322194635703547e-02
1.507667275842550225e-02
9.030412180219670182e-01
9.775112785138208027e-01
9.849287798780151926e-01
9.525625442701489698e-01
9.350367023165729874e-01
9.248316875796804837e-01
4.324726604818189823e-01
1.192409759300927935e-01
9.265805266528800987e-02
8.347604249433526746e-02
9.515832155423319116e-02
9.833951643931941877e-01
9.545208784207952490e-01
8.953877927449022112e-01
5.062624314614924126e-01
2.143648156002099514e-01
5.732570619232648657e-01
9.398238773795063450e-01
9.980849730527813213e-01
9.843108698362306175e-01
9.835163719490608303e-01
9.812087709194404761e-01
8.318225556413142430e-01
8.651155075570778064e-02
1.512530527291815370e-02
2.825083069501136551e-03
4.603585291886680420e-02
9.050485261288914174e-01
9.771357985919397748e-01
9.588851988653728231e-01
9.488839837178303371e-01
9.482736178719159970e-01
7.258799943693516887e-01
1.790444172859879668e-01
1.151696035050578937e-01
9.948869182615412143e-02
1.266946073994976163e-01
9.431675220623435552e-01
9.784811253191671998e-01
9.233983900519806554e-01
4.670855018985463070e-01
1.008242713880888319e-01
7.922968732149753002e-02
8.385040760620916522e-01
9.762637147389550130e-01
9.797979793095918932e-01
9.844228420117709932e-01
9.853324215433577615e-01
9.751897323107456828e-01
8.924533316455118825e-01
5.411524156625031196e-02
6.741591882184734888e-03
1.003470413311997531e-02
2.016370733299051587e-01
9.641219174937261105e-01
9.637861557200996243e-01
9.585468595615981302e-01
9.576584828576336639e-01
8.522098915311695499e-01
3.850707767635037637e-01
1.314893167106120364e-01
1.094185986576276803e-01
1.375264414952800940e-01
9.086468034262117355e-01
9.554788629271805389e-01
9.311245789373246984e-01
7.597237329139665540e-01
5.531178644448586645e-02
3.350147809847663777e-02
2.744504677957012029e-01
9.454021673985503194e-01
9.751092349610134269e-01
9.830313213983784548e-01
9.830773276846065389e-01
9.836925478538516288e-01
9.792576947175957169e-01
8.881848217376234755e-01
3.133996165466983869e-02
6.408033028037981270e-03
5.326322612244760446e-02
9.361972966162824816e-01
9.684659559872105250e-01
9.681335166581588325e-01
9.674093256761044923e-01
9.150008850134140337e-01
8.252080670334727142e-01
3.935324624049819642e-01
1.828879312255337897e-01
3.800429453099076760e-01
9.196204945502939321e-01
9.450716184935672448e-01
9.465602310078856663e-01
9.799736182140049712e-01
6.864276927863133260e-02
2.974025241323014629e-02
7.235678509392810820e-02
9.382509840171547877e-01
9.767788925756735186e-01
9.849425575797393639e-01
9.862662203509731107e-01
9.897710368475971521e-01
9.913928521276688111e-01
9.855196482740966601e-01
9.296563877107477669e-01
5.367986736523101127e-02
1.046175287913863605e-01
9.227677934340924315e-01
9.668140115719919825e-01
9.708038929363196345e-01
9.780558259631813023e-01
