1.676146062817345494e-07
2.356708511806095352e-07
8.717578827791342688e-08
9.376310835944192643e-07
9.999998051035189350e-01
9.999997057007111723e-01
8.745431264875349113e-07
0.000000000000000000e+00
0.000000000000000000e+00
1.636848660177589696e-09
4.218613911829112662e-09
9.999998012164551531e-01
1.000000000000000000e+00
1.000000000000000000e+00
9.999959158562017336e-01
2.165417694314565971e-08
1.487829140906529066e-09
6.380342379433743138e-10
7.383682838869735088e-01
1.000000000000000000e+00
1.000000000000000000e+00
1.000000000000000000e+00
1.000000000000000000e+00
1.000000000000000000e+00
1.000000000000000000e+00
5.700607722621426898e-01
3.238140518330600040e-08
5.520686142477507325e-09
3.754453484058513398e-08
9.129537540275644552e-08
9.999995433854522719e-01
9.999999977487993297e-01
1.398906382667231565e-09
0.000000000000000000e+00
0.000000000000000000e+00
2.221213773304251970e-10
0.000000000000000000e+00
9.907657633457430668e-01
1.000000000000000000e+00
9.999999772023646649e-01
1.885424898090007995e-08
3.349641349363767457e-09
7.145124563125383119e-09
0.000000000000000000e+00
4.383620238304201666e-01
1.000000000000000000e+00
1.000000000000000000e+00
1.000000000000000000e+00
9.999999962081190796e-01
7.208426795108354350e-06
8.933066861233151054e-09
0.000000000000000000e+00
4.529704854401655263e-08
3.951783908710916792e-09
1.435503380401420926e-08
1.047406341717047160e-08
9.999999412216853401e-01
1.000000000000000000e+00
0.000000000000000000e+00
0.000000000000000000e+00
1.709588307974382338e-09
5.788023961608271441e-10
0.000000000000000000e+00
9.997974561214577616e-01
1.000000000000000000e+00
9.979987498384930156e-01
0.000000000000000000e+00
0.000000000000000000e+00
3.821579894190624862e-09
8.529880265134561356e-09
9.999999795144899339e-01
1.000000000000000000e+00
9.999999889825362809e-01
9.997368503421221186e-01
0.000000000000000000e+00
0.000000000000000000e+00
0.000000000000000000e+00
4.345663838240732740e-10
1.338844954483304017e-08
1.858636437692849887e-08
3.260564603190619750e-10
3.082362261031133811e-09
9.993885229415176985e-01
1.000000000000000000e+00
9.998422860601106077e-01
2.128116882600649684e-01
6.576584636187617905e-01
1.528069048063012414e-01
9.999969453158318311e-01
9.999999999653864657e-01
9.999999985450384044e-01
8.774318197593542791e-04
0.000000000000000000e+00
0.000000000000000000e+00
2.779965874663635312e-08
9.999999930876938281e-01
1.000000000000000000e+00
1.000000000000000000e+00
9.999921238961265724e-01
0.000000000000000000e+00
0.000000000000000000e+00
0.000000000000000000e+00
0.000000000000000000e+00
3.204492022134644325e-05
1.367222145142380238e-07
2.965654267507655873e-08
1.992025937429016678e-09
1.812987446339837649e-07
9.998000636659182261e-01
1.000000000000000000e+00
9.999999988570890119e-01
1.000000000000000000e+00
1.000000000000000000e+00
1.000000000000000000e+00
1.000000000000000000e+00
1.000000000000000000e+00
9.999999820395159000e-01
9.999989758368225123e-01
7.163309189192152728e-08
9.320918150007678998e-05
9.999999988978215404e-01
1.000000000000000000e+00
1.000000000000000000e+00
1.000000000000000000e+00
8.667895420295051694e-09
0.000000000000000000e+00
0.000000000000000000e+00
0.000000000000000000e+00
9.980350703900373599e-01
1.000000000000000000e+00
9.998457778189578926e-01
3.342738761559835847e-01
4.084501238353590268e-03
3.458832726852393468e-05
9.999999182449045287e-01
1.000000000000000000e+00
9.999999811175931397e-01
9.999999987191833251e-01
1.000000000000000000e+00
1.000000000000000000e+00
1.000000000000000000e+00
1.000000000000000000e+00
9.999999413978868379e-01
9.999998910796018547e-01
9.999998631171556074e-01
9.999999936978830606e-01
1.000000000000000000e+00
1.000000000000000000e+00
1.000000000000000000e+00
9.999999995607727898e-01
0.000000000000000000e+00
0.000000000000000000e+00
0.000000000000000000e+00
9.999399861908547793e-01
1.000000000000000000e+00
1.000000000000000000e+00
1.000000000000000000e+00
1.000000000000000000e+00
1.000000000000000000e+00
9.999999986131847818e-01
9.999997402099979338e-01
9.999999984317887725e-01
9.999999787045137367e-01
9.999999955490052050e-01
1.000000000000000000e+00
1.000000000000000000e+00
1.000000000000000000e+00
1.000000000000000000e+00
9.999996532017004780e-01
9.999969048827161977e-01
9.999999515009942996e-01
1.000000000000000000e+00
1.000000000000000000e+00
1.000000000000000000e+00
1.000000000000000000e+00
9.999559710101000309e-01
1.066225055012364637e-09
0.000000000000000000e+00
9.993529916738534968e-01
1.000000000000000000e+00
9.999999998364025311e-01
9.999999986771225258e-01
9.999999982269609511e-01
9.999999913533352824e-01
9.999999988761739678e-01
9.999999867753539551e-01
9.999840397542278936e-01
9.999997947999724746e-01
9.999999908489584088e-01
9.999999962515676577e-01
9.999999997273388841e-01
1.000000000000000000e+00
1.000000000000000000e+00
9.999945554429323646e-01
9.994196451110415325e-01
9.999965567574449210e-01
9.999999543828681503e-01
1.000000000000000000e+00
1.000000000000000000e+00
9.999999880477644654e-01
9.999992009748722710e-01
8.869642682573060100e-01
3.980821914107694570e-08
3.725663254739707595e-06
1.000000000000000000e+00
1.000000000000000000e+00
1.000000000000000000e+00
1.000000000000000000e+00
9.999999974877890052e-01
9.999999609226239983e-01
9.999999684372149478e-01
9.994909508394043129e-01
5.600836516822853252e-06
9.971150583549263091e-01
9.999999721655674634e-01
9.999999886950146077e-01
1.000000000000000000e+00
9.999934899260934928e-01
9.586417421610321510e-01
1.776942628020154228e-07
4.994667301735873306e-09
8.659653971085694507e-04
9.999999189414310319e-01
1.000000000000000000e+00
9.999999490897263366e-01
9.999925464548932164e-01
9.967610964059350209e-01
1.095077110809186552e-03
7.609950261513803066e-07
9.927001511980489967e-01
1.000000000000000000e+00
1.000000000000000000e+00
1.000000000000000000e+00
9.999999936528218836e-01
9.999999993571714318e-01
9.999999958821000900e-01
9.999951684332714086e-01
8.567452965167609060e-07
1.652922746718839170e-09
1.179476578667992892e-05
9.999967964417919575e-01
9.999999631662673805e-01
8.579308310130058235e-01
3.921696609326821607e-08
4.203565171764486244e-09
1.129200801988928357e-08
1.259285219954077864e-07
1.624673366044858795e-07
1.665622086104347476e-07
1.584283707672420687e-09
8.801560066604008893e-08
1.588370383123805607e-09
1.438305089189157442e-05
2.648536146387960327e-06
1.573108813860007286e-06
6.017176061069600536e-07
8.386727834072986096e-03
9.999490650382608647e-01
9.998831681678460592e-01
9.896692207345169079e-01
9.999999874458933569e-01
9.999999835913295776e-01
1.205521284144769005e-06
4.712918954247576682e-11
0.000000000000000000e+00
0.000000000000000000e+00
9.999972013837901130e-01
4.899901591916838451e-06
8.981165497522838217e-09
5.074775999363495781e-09
0.000000000000000000e+00
3.647828935746906992e-09
2.877444679348457650e-07
5.162750405648206492e-07
8.518221702105307113e-09
5.441458406821841154e-11
1.814152332307837450e-09
3.593297761607503862e-08
8.509430428266150513e-07
1.516114072559969202e-04
2.302618156755550363e-04
4.108490778754659638e-09
3.415755186135182302e-09
3.661839228703190826e-09
1.300867366659414000e-08
7.685574526861701571e-08
9.999999999029177689e-01
4.062963883921280606e-02
1.225288073670784264e-08
6.860597938023070174e-09
0.000000000000000000e+00
1.075131397362047139e-08
4.663485073722025754e-04
1.768780917805823026e-07
8.514951651201460769e-09
1.992811808798707378e-09
0.000000000000000000e+00
1.107015204137347205e-09
5.578813329001494481e-08
4.314720606862826572e-08
8.326608753957593269e-08
0.000000000000000000e+00
0.000000000000000000e+00
7.288680785902680058e-09
2.069944872236356507e-07
1.029955209328782031e-05
4.512482070284179144e-04
1.650080020658101834e-09
0.000000000000000000e+00
9.286954003816005128e-09
2.627052636703289572e-09
1.948732846000722596e-09
9.991378385734621670e-01
1.377160672942532293e-07
1.914509055458020108e-09
1.147261732557139249e-10
0.000000000000000000e+00
5.217593091160540483e-09
7.453712613132606785e-05
1.332917997883776747e-05
2.300039524957402374e-08
0.000000000000000000e+00
8.168744032318948965e-10
3.365970154374111305e-08
4.371385265507048321e-07
3.815618030952331442e-07
2.080148395285052530e-07
0.000000000000000000e+00
0.000000000000000000e+00
3.430198632605466213e-09
6.676249975726303904e-07
2.241672760987233894e-04
1.380863651851876102e-05
0.000000000000000000e+00
0.000000000000000000e+00
2.652436276393181888e-09
8.713999041316297639e-09
6.844548315246220511e-08
6.430949473503718547e-06
1.230058836349412583e-05
1.918003144750749140e-04
3.496360597545103197e-09
0.000000000000000000e+00
2.608769528858018556e-07
1.091160384993747172e-02
9.997876422274838415e-01
1.858201538020575194e-01
9.363676227002052810e-08
1.056616630935065530e-07
1.934259230885013504e-07
6.624692402903001114e-05
4.668226481372182326e-06
1.076328253312333678e-07
2.885498846143940057e-09
0.000000000000000000e+00
1.530687879779953787e-08
1.788005224316592423e-05
1.473969360886020938e-07
7.935051244466890820e-08
0.000000000000000000e+00
0.000000000000000000e+00
1.158420834002104606e-08
1.704342859442984330e-07
8.684674690527055376e-07
6.937266366296031048e-06
9.999692901878135531e-01
1.000000000000000000e+00
9.999999991885455408e-01
6.130034143639106258e-08
7.252762900491902030e-07
6.364821571189098785e-05
9.999999904166122500e-01
1.000000000000000000e+00
1.000000000000000000e+00
1.000000000000000000e+00
9.999999938601745741e-01
3.887131846757207912e-04
3.076958996683421601e-06
1.136805630439122529e-07
0.000000000000000000e+00
9.999938579453658827e-01
9.999840373052051312e-01
5.669117227446001794e-07
2.451326347245400431e-08
2.904165081408724064e-09
0.000000000000000000e+00
0.000000000000000000e+00
4.921614071223047843e-06
8.384009691488180094e-01
2.282296414959733566e-02
4.588407134827172885e-05
9.999439968026624381e-01
9.999999999554612939e-01
9.999999983703626860e-01
9.999999945162881820e-01
3.718230714973208311e-06
2.362763676618281461e-04
9.999999894458457828e-01
9.999999925532715439e-01
9.999999940791600705e-01
9.999999942011740250e-01
9.999999982326325254e-01
8.238543409859849195e-08
1.492323963208452573e-07
7.356328895386313726e-09
3.771112539213473697e-05
9.999999838299377108e-01
9.999999747404854089e-01
9.785018140552011190e-02
7.299628806194629855e-09
8.881403409825938503e-10
0.000000000000000000e+00
0.000000000000000000e+00
9.999999973856191771e-01
1.000000000000000000e+00
9.999999608014846775e-01
4.479799395394368526e-05
9.999488782290086863e-01
9.999998913909772247e-01
9.999999426411743109e-01
9.999999949519146059e-01
1.183010129852784306e-03
2.568697044786428033e-04
9.999839502720506701e-01
9.999992521379319488e-01
9.999999852590043536e-01
9.999998078673816293e-01
9.999916009182042709e-01
8.760975750607794393e-07
4.530862472849719771e-09
6.655366217069557644e-09
9.998576511193648653e-01
1.000000000000000000e+00
9.999999910118141377e-01
1.164564643332031552e-01
1.257964163353756220e-08
7.177121135253540077e-10
0.000000000000000000e+00
9.999814543313481074e-01
9.999999993366259776e-01
9.999999997512433181e-01
9.999994968843447518e-01
6.516154945367318707e-07
9.999091163470290589e-01
9.999999230492171431e-01
9.999999612025640694e-01
9.999999424729028030e-01
9.999998453963845346e-01
1.234573095391928825e-04
5.040425007313965693e-04
9.999879100321497072e-01
9.999972943198296438e-01
9.999999164829415088e-01
9.999950201400842342e-01
3.994556582756666997e-05
2.164325491872588891e-07
6.911960454605344667e-04
9.999999746347433272e-01
9.999999879506207279e-01
9.999991522316060699e-01
9.999963152829989266e-01
4.546571198018850568e-03
2.199152420511627159e-09
9.567623183538713771e-01
1.000000000000000000e+00
9.999999966469358403e-01
9.999999836155509803e-01
5.633283305222653858e-01
2.239368567345217288e-06
9.985875625855497040e-01
9.999987629563469316e-01
9.999998301548401747e-01
9.999999975466801194e-01
9.999993933736701646e-01
2.801706292787831864e-06
8.888211938026438209e-06
9.999228478031222389e-01
9.999993911668169089e-01
9.999996980166608873e-01
9.999997355257154164e-01
9.986690996519428376e-01
8.951618632430572266e-04
9.932481632033874908e-01
9.999999975601955304e-01
9.999999997237928318e-01
9.999988464405897837e-01
9.999994377865011330e-01
5.253818830712502419e-04
9.581323268423302952e-02
1.000000000000000000e+00
9.999999992222944334e-01
9.999999758185754706e-01
9.999916509749172677e-01
4.440285827357448765e-06
4.625107413795151948e-07
3.037408258662974495e-02
9.999978892122513008e-01
9.999998564039387361e-01
9.999999986555224707e-01
9.999990945129989539e-01
1.418396864699093711e-05
3.175356017373473480e-06
6.064708351964865907e-01
9.997100816508239784e-01
9.999999342146936865e-01
9.999999836841712009e-01
9.999958753669009326e-01
9.999799339996051639e-01
9.999999938501268337e-01
9.999999587487597985e-01
9.999997952066188578e-01
9.999983193153586525e-01
9.999583920618297928e-01
1.192907075813873946e-04
9.869778220590081919e-01
1.000000000000000000e+00
9.999999885418237033e-01
9.999994497040651797e-01
9.168075280817613582e-01
1.004545171455193175e-08
2.596867135316895747e-07
5.740244780282872201e-04
9.999817519813799516e-01
9.999967416781709861e-01
1.000000000000000000e+00
9.999945081036687444e-01
2.435964135709089371e-07
6.585009172281729593e-07
9.614511223099879763e-07
9.998814169636672800e-01
9.999761400197378913e-01
9.999771500145807623e-01
9.999954836779560985e-01
9.999988952595623148e-01
9.999999744709989757e-01
9.999999913931366669e-01
9.999998793596741598e-01
9.999948410519542419e-01
3.955937865237603380e-05
3.411054607864991658e-07
1.336671810643138441e-04
9.999999969101270869e-01
9.999999990062157229e-01
9.999996132115843706e-01
2.336557530364851223e-04
1.742986203607269536e-09
3.025873652672755907e-08
9.265854394526977348e-05
9.999531941462553863e-01
9.999988784018082333e-01
9.999999333584377315e-01
9.999683858425385541e-01
4.272202915036302679e-05
6.518897004008991359e-06
6.464426108485152037e-07
2.313743404543897346e-04
9.999693949271168947e-01
9.999959501479166457e-01
9.999501357611455532e-01
9.710060430080608151e-01
9.999891544075107941e-01
9.999998699380512335e-01
9.365290487467778924e-01
4.703523549305850299e-04
2.083444191998882176e-04
1.631539151555486961e-06
1.855472801666146468e-08
5.718686996843115241e-06
9.999999981423551842e-01
9.999959463980701013e-01
3.584993719851781863e-02
1.059444910773775013e-06
3.664921701875502254e-07
2.290586231233448473e-08
6.623598346447900909e-01
9.999981372663078183e-01
9.999950069653925633e-01
9.999929506567118986e-01
4.905861314572971507e-05
3.435581362379092270e-06
1.398827338040659696e-05
4.398744930947374177e-01
9.999982715207663686e-01
9.999957076917284082e-01
2.709689894678969369e-01
6.075833621617220426e-06
8.213094208540026031e-01
9.052322375784082904e-05
1.733480256806857624e-05
9.542539782302772992e-06
1.747576505644630040e-07
6.581151238301052156e-08
0.000000000000000000e+00
0.000000000000000000e+00
9.994787259669124513e-01
9.999999877320567832e-01
3.068832925893857314e-03
2.453188711134781974e-05
1.093393940938651850e-04
1.354820148466295837e-02
3.823826749480672976e-05
9.999998234354692261e-01
9.999854037456242795e-01
1.138885142777643403e-04
4.318929860095736492e-05
1.954748263252023880e-04
5.815016564161275096e-04
2.912002638883254475e-04
9.999987883026352220e-01
9.999999535796436634e-01
4.309902441283878227e-01
4.608615415991840696e-08
5.353134521202009325e-07
3.215800485891342158e-05
1.918424687174301173e-06
6.240306484027054877e-07
5.716044584548388336e-07
6.518826537209775834e-08
0.000000000000000000e+00
0.000000000000000000e+00
4.920089744261935683e-01
9.999999724901762477e-01
9.999999710776696915e-01
9.999999753383320700e-01
9.979782808428599994e-01
9.919777160267471139e-01
9.122109184428214279e-01
9.999368569110511640e-01
1.986662554429615067e-05
2.806200098506235821e-02
2.307084254677869794e-05
7.406943500694392057e-02
9.999634860298988182e-01
9.999927328843517538e-01
9.998663506466634043e-01
9.999999682364181242e-01
9.999998049329786864e-01
6.160732493123938378e-09
7.901518678780824430e-09
7.866851465161122162e-09
4.356651816347603536e-06
9.999928517370937353e-01
9.992595823480174833e-01
5.207423284752508809e-06
4.322558446035356164e-06
7.483788445245099298e-07
9.996543443724291711e-01
9.999999967746198148e-01
9.999998501365544579e-01
9.999996821228630539e-01
9.999992003269869700e-01
9.999732858394461132e-01
9.999942414952698311e-01
9.999625020932432218e-01
9.999974495425961729e-01
5.409954079828298537e-08
2.911081419864625097e-04
4.183081934576824844e-04
9.936572048702739801e-01
9.589751915743475186e-01
9.997178570693219246e-01
9.999998070425718533e-01
9.999875080673584771e-01
6.383736329504118533e-03
0.000000000000000000e+00
1.698900396600736546e-05
9.970559986638566352e-01
9.999999929958623968e-01
9.999305191334476595e-01
9.982651800358710581e-01
1.247536241985201452e-03
9.991119639689000076e-01
9.999991249569807339e-01
9.999999197043779597e-01
9.999999514807423884e-01
9.999999127570090574e-01
9.999996954433157947e-01
9.999996710244140052e-01
9.999994753926985114e-01
9.999998350946073256e-01
9.999992048451497029e-01
8.848676508832641063e-02
4.168313443762170546e-06
1.384808360993382802e-02
5.508516861373752711e-05
2.271844169020445828e-04
9.993207243141262186e-01
9.999955298680507365e-01
9.999891728772160038e-01
9.997377317339648517e-01
9.999893046320779133e-01
9.982849446417202399e-01
9.994928950406698487e-01
9.999988539412417721e-01
9.898902059297929323e-01
9.999659221896058936e-01
9.947659768833849725e-01
9.999993654318309888e-01
9.999994426911471557e-01
9.999992748989441349e-01
9.999996900125139865e-01
9.999999100997328805e-01
9.999628642942449686e-01
9.999990562418438200e-01
9.999942027089768759e-01
9.999998292499443497e-01
9.999999061450831617e-01
9.999938197938005313e-01
3.535656558904427273e-04
1.749256490166450971e-05
4.324999503820467495e-04
3.028394278854911500e-04
9.995789330472757417e-01
9.999686532793105043e-01
9.999949090645704475e-01
9.999359357267317838e-01
9.999995681944942039e-01
9.998240742664225023e-01
9.999440896826344849e-01
9.981194319994699526e-01
9.999612721372451718e-01
9.997952520977689828e-01
9.999063963710645986e-01
9.999999817270750491e-01
9.999997007715514252e-01
9.999999505269230315e-01
9.999999730634412387e-01
9.999997181141168090e-01
8.104062329147435628e-01
9.999995231710372412e-01
9.999995892713563483e-01
9.999998874322583164e-01
9.999999806855129902e-01
9.999998187336071043e-01
3.475132723759548846e-04
5.940626296253735856e-05
7.068464203226187124e-05
3.460184086328767315e-03
9.999675291180397663e-01
9.999909176199092142e-01
9.999735669471716548e-01
9.999881473440527246e-01
9.999439401538567918e-01
9.999950887384617682e-01
9.996521037837315937e-01
9.961543659443118370e-01
9.433499044991640325e-03
9.995968487720480189e-01
9.999991994782576610e-01
9.999999683924309934e-01
9.999998968075839434e-01
9.999994508923112368e-01
9.999970303124019466e-01
9.999791554433608010e-01
8.260496610066184187e-03
9.999671638865712531e-01
9.999953195526068983e-01
1.000000000000000000e+00
9.999999909735259873e-01
9.999979400213070413e-01
4.368651968346268927e-03
1.253578958237399894e-04
2.614988759443196103e-04
1.162290954851670083e-01
9.988640299604838457e-01
9.999969876371948008e-01
9.999984769400294127e-01
9.999984072274326063e-01
9.999693686918668112e-01
9.747825251348357645e-01
9.974960593753847693e-01
2.166237695187443421e-04
2.749534095458899992e-03
9.997971321152971935e-01
9.999928395963804117e-01
9.999998675663279712e-01
9.999997020105447776e-01
9.999980509183811206e-01
9.999991093769644568e-01
9.999837412388838942e-01
6.097032878840092339e-03
9.857968626682634961e-01
9.999978260689867948e-01
1.000000000000000000e+00
9.999999999261565131e-01
9.999995136251308425e-01
8.264213786540428042e-02
2.833292531925287096e-06
3.940632066363734289e-04
8.108084849684771278e-02
9.999998786777679616e-01
9.999986700381411353e-01
9.999998692748225393e-01
9.999992392649073025e-01
9.999741368643592088e-01
9.807945734455066900e-01
9.680708307244232369e-01
8.793362422043647930e-01
9.285715355478854410e-04
9.996693421758789944e-01
9.999910723157892090e-01
9.999999178510495801e-01
9.999995507572898568e-01
9.999962786269995796e-01
9.999866129206537169e-01
9.999888427860524898e-01
2.948205828484372110e-04
9.999754082423932822e-01
9.999903034367807475e-01
1.000000000000000000e+00
9.999999996317491258e-01
9.999996185463496667e-01
9.999568593002177153e-01
6.233688846143857704e-04
3.226575015817506999e-04
9.995176621259326266e-01
9.999714199184057684e-01
9.999994065374075980e-01
9.999984682493585630e-01
9.999996415066703115e-01
9.998245454641540020e-01
9.997561899825631038e-01
8.576598168881990336e-01
8.843214767512129759e-01
9.997991421343340734e-01
9.999863705496032651e-01
9.999961047016686644e-01
9.999999338428422480e-01
9.999999025307547695e-01
9.999985055938751533e-01
9.999965605237925992e-01
9.999988554986839473e-01
3.130066034971588267e-05
9.999960553683382436e-01
9.999335389556650577e-01
9.999999998654462985e-01
9.999999823221333850e-01
9.999998439062054434e-01
9.999823146604811530e-01
8.190210113078751075e-02
9.352620194437228918e-01
9.999644509549794336e-01
9.999998277543749037e-01
9.999996242516024925e-01
9.999988777322953437e-01
9.999998114592553167e-01
9.999806820993721868e-01
9.999676517569998646e-01
9.964592431088837854e-01
9.682652334679350270e-01
8.536900222054659704e-01
9.994321845176216135e-01
9.999851451504295774e-01
9.999999871762769166e-01
9.999999773792785929e-01
9.999999227168845373e-01
9.999992443120322427e-01
9.999998997135124412e-01
1.818493357917377992e-05
9.996076074179757187e-01
9.999976971522472891e-01
9.999990136469654178e-01
9.999999896054639903e-01
9.999983887655883308e-01
9.999479150869660105e-01
9.980195882746897285e-01
9.975898310383033429e-01
9.268029832277768776e-01
9.999984692595316194e-01
9.999986255570109117e-01
9.999998494640931490e-01
9.999990775728641035e-01
9.998805585682412067e-01
9.999829869651908343e-01
9.880007300328775832e-01
9.955611091465513818e-01
9.995998333066847819e-01
9.994611670556405869e-01
9.999980940019594922e-01
9.999999888808697168e-01
9.999997206037796182e-01
9.999996646326962946e-01
9.999992064823531868e-01
9.999995736972165927e-01
1.515946173852999464e-05
9.999973302130915620e-01
9.999997626687556762e-01
9.999998286377891343e-01
9.999999808887508612e-01
9.999994609956863734e-01
9.999726043709084022e-01
9.929381261371634793e-01
9.917627889978148925e-01
4.845702353662491996e-05
9.818432665467192733e-01
9.999868473232463861e-01
9.999936264112461171e-01
9.999997331980401416e-01
9.999996057771786129e-01
9.995359167377038112e-01
9.991647572546160649e-01
9.909436210694448910e-01
9.995145385627008938e-01
9.999824789452169682e-01
9.999986573170069892e-01
9.999999760662616755e-01
9.999970560862105895e-01
9.999998003462960972e-01
9.999998232328173309e-01
9.999998926011677280e-01
9.999979921810968619e-01
1.415965560153913810e-02
9.578525515937819090e-01
9.863329414819776986e-01
8.833375564643345390e-01
8.881353524382239462e-01
9.999009265877782937e-01
9.955300006250562550e-01
3.740424605275755304e-03
1.593636350852700461e-06
7.003902534302402525e-08
9.308184022715489947e-01
9.999933468882769017e-01
9.999994536912988341e-01
9.999999913495224435e-01
9.999690836968717633e-01
9.999856060195170260e-01
9.986972121830920424e-01
9.997317454005414383e-01
9.973896163123485703e-01
9.999886930530502704e-01
9.999998757386777681e-01
9.999176357184030861e-01
9.999994813141253047e-01
9.999999264833052681e-01
9.999984074578687210e-01
9.999987566736349143e-01
7.675794239149593447e-08
5.037066885672004981e-10
3.091477081060833885e-09
5.953804384691799294e-08
1.222349353608201587e-05
9.999907709079165485e-01
9.999706001725473525e-01
1.477853742616302172e-05
9.020729766136938191e-07
6.910336662381682726e-08
4.817600454055080222e-07
9.984687738452920902e-01
9.999661319784761693e-01
9.999998285210609517e-01
9.999999903377144728e-01
9.999999276196152032e-01
9.999994783643385565e-01
9.992310172324296857e-01
9.996573235991235151e-01
9.999411371370288126e-01
9.999994345132736662e-01
9.991852619720306139e-01
9.999966832621023372e-01
9.999992256700702686e-01
9.999989912968508809e-01
9.999989920367178264e-01
7.402132613526601090e-07
4.915932988051229440e-08
0.000000000000000000e+00
4.129981671755526874e-07
2.035642850982685451e-05
9.999970997369261871e-01
9.999974512070985977e-01
9.971901793668058733e-01
2.184139229788326580e-08
1.596041424720220965e-07
1.325489850209532424e-07
9.979791446187821213e-01
9.998926813760646848e-01
9.999999629712097438e-01
1.000000000000000000e+00
9.999960023943702536e-01
9.979108068089641570e-01
9.163741808646381770e-01
9.782918142886173341e-01
1.881495611575839388e-01
9.999999979095605118e-01
9.997135696553618445e-01
9.999999309006886161e-01
9.999996893107888640e-01
9.999990392655093707e-01
9.999997010681725973e-01
1.137022544537389292e-05
2.680476622055184733e-07
1.141853836192424863e-09
1.383169073732517576e-06
2.259953202355348932e-03
9.999979919721293520e-01
9.999953648823991514e-01
9.999999728450705838e-01
1.072922908798545197e-06
2.500655910009628078e-09
3.528763592069881550e-06
9.991596925320104239e-01
9.999937746065675759e-01
9.999996249918225999e-01
9.999999964923252938e-01
4.139460184868557283e-03
1.158932371959655631e-05
1.665759046774895101e-03
5.690637173873264337e-07
5.781362512423725422e-09
9.967157110548988674e-01
9.999999141944132530e-01
9.999990547694039833e-01
9.999995451130569979e-01
9.999999616566850325e-01
9.999998410181099029e-01
9.996742926995788592e-01
6.423451595724299149e-08
3.376415154816968749e-09
4.323303460587028586e-06
9.999590480513009805e-01
9.999413115859616674e-01
9.999999222062153637e-01
9.999998719253470059e-01
5.679789885587604065e-05
1.657294077836548844e-05
9.984984426728417128e-01
9.995975410610782319e-01
9.999996459489086664e-01
9.999993937829606550e-01
4.149820493849831933e-03
1.118203765350335150e-08
5.742823062930310698e-09
7.848275228460690021e-07
2.039768083286309724e-05
1.441822497866694026e-09
5.647686786171501883e-03
9.999999867454567593e-01
9.999997716809824189e-01
9.999754155784646992e-01
9.999450445444171276e-01
9.999999880446435174e-01
1.000000000000000000e+00
5.059157501639909677e-05
2.050843713206956389e-06
8.762718393482147108e-04
9.999969466441397392e-01
9.999998654138990695e-01
9.999995282435198973e-01
9.999999975746548531e-01
3.161635445932599320e-03
9.834666548748088877e-01
9.999987794511789874e-01
9.999991802177669031e-01
9.999511247074263087e-01
9.999942879950353136e-01
3.238835253661376539e-04
1.781221923836061474e-08
5.435606476757461557e-09
1.449689549338533325e-08
5.768824454193665316e-06
2.346974433408240703e-06
2.676668981166928085e-01
9.904103212137361778e-01
9.559058669397706431e-01
9.998910851918383358e-01
3.180942439069205877e-04
9.999980117412358149e-01
9.999999832653224674e-01
9.999850910720798902e-01
6.714341037993061360e-03
4.325075160199571222e-04
9.999417769283118762e-01
9.999857139467249745e-01
9.999979264936971202e-01
9.999999780526317439e-01
2.488797437486812026e-03
3.086618658650369315e-02
9.999987442821138828e-01
9.999986340594000378e-01
9.999994321209894066e-01
9.999984775320748254e-01
2.373599905096958590e-04
4.677960167195174779e-07
1.012137990622903871e-07
9.146157219278180357e-07
3.667368476700245527e-04
9.996732259629131923e-01
9.999983191166545993e-01
9.871817523815081447e-08
1.594429777234578842e-07
1.063559904350843480e-06
1.770973029685946382e-05
9.999938023781601570e-01
9.999998287557311238e-01
9.999999989835502978e-01
2.218347842694071200e-06
5.356603544611425975e-08
6.099694876416924399e-03
9.999874900296272795e-01
9.999998742244934347e-01
9.999999897711006058e-01
6.976621213262207064e-03
1.446110232151715316e-02
9.872792779297298593e-03
9.999999801118242271e-01
9.999922297971746143e-01
9.999965573993848666e-01
2.512052021167243167e-03
4.075790602228004550e-07
3.294907527880573213e-07
9.838030021354915444e-01
9.999966083512753512e-01
9.999999955746966540e-01
9.999999579994698351e-01
3.887626319330060919e-06
2.002498299873487178e-07
1.663593944001226288e-07
1.685678304778307956e-06
9.979483414144535436e-01
9.999958196715738046e-01
9.999995232176932536e-01
0.000000000000000000e+00
8.547294746140818161e-08
1.182023044467317418e-05
9.852215901839704859e-01
9.999999471889918778e-01
9.999999610175412945e-01
2.794413821860941972e-04
9.442576230371251559e-08
5.859407254434882575e-05
9.999825391510424044e-01
9.999990553355500023e-01
9.999792302018328805e-01
9.998367847601948855e-01
1.819780443352855698e-05
2.593625086267835008e-04
9.981685449414365863e-01
9.999999264879755323e-01
9.999996658633683033e-01
9.999976017831266883e-01
9.947463218538952212e-01
4.424874346010576992e-07
3.114652986750304693e-11
0.000000000000000000e+00
9.569254961452330344e-01
9.999999755199903140e-01
6.451939893278139104e-01
6.677830802865604415e-09
6.894162472581200625e-08
1.439540756565823489e-06
2.830164991292003483e-04
9.999999458602428781e-01
9.999999897446888442e-01
2.307658243296865763e-06
1.081162164927179565e-07
1.032005241906994771e-03
9.999211929824952660e-01
9.999982093565139563e-01
9.999910472018884722e-01
9.996926641681388448e-01
6.173551655550086519e-08
1.825724439272374854e-06
9.570326383671151627e-01
9.999827573537205527e-01
9.999999555266706475e-01
9.999868740501998143e-01
9.999841297760863057e-01
7.701658077700781480e-01
1.792395680224983844e-10
1.230550070076400135e-08
9.999514365705804986e-01
9.999995779254801098e-01
9.982607635934411805e-01
0.000000000000000000e+00
1.688686916200409154e-09
1.525595825213087204e-08
1.514298332633712697e-04
9.999999998433440895e-01
9.999999571329371006e-01
1.714062839840263658e-08
3.182711201517896973e-08
9.159781697520114702e-08
4.195836910519593413e-03
9.999995772663615723e-01
9.999788584219763132e-01
1.794373521780934675e-05
3.463032590451767940e-09
3.386130327948540994e-09
1.342978007930677838e-05
5.844651688782855903e-01
9.999996304581506568e-01
9.999991267304297882e-01
9.999973893956215498e-01
9.999998455965450894e-01
9.999804206283831043e-01
9.834852438040898592e-01
9.999839036666540171e-01
9.999984735414563231e-01
9.999965086294930749e-01
5.830627360287706716e-08
1.190434498013762602e-08
2.799372123535977704e-08
7.725802980162274245e-05
1.000000000000000000e+00
9.999864384163429376e-01
4.671420282991197830e-08
1.011969321654855260e-08
5.011775047937238391e-06
3.006435652581467824e-04
9.999619891232773838e-01
9.993551000749563151e-01
6.145100029433049871e-07
7.657013428868419391e-09
6.321311909903840740e-08
1.433268334914534294e-08
3.093491891220044024e-04
9.999428562842173074e-01
9.999999010494634577e-01
9.999931487714516232e-01
9.997470742399934274e-01
1.000000000000000000e+00
1.000000000000000000e+00
9.996484537962925243e-01
9.999999965914251332e-01
9.999998863505982216e-01
9.999845186372320338e-01
3.286512307665509367e-05
3.911472386225298209e-06
8.168130257382381909e-02
9.999947356638447804e-01
2.618100263951794378e-07
2.378177826512209287e-09
1.645205292248778441e-08
2.547598221261077565e-08
9.914266490921297414e-01
9.998587990164673478e-01
4.056331433242088731e-03
3.582175841531714130e-09
7.536675189233317465e-10
3.201336980255575151e-10
9.231932344245486118e-08
2.082799302459597060e-04
3.798008566451300649e-04
2.599404200827874116e-04
5.731381548502842166e-09
1.236060290146401683e-08
1.120129304884569802e-04
9.999994732930364005e-01
1.899405854464619563e-03
9.999999963379159196e-01
9.999998507343159648e-01
1.000000000000000000e+00
9.852372020775681527e-01
9.936441104609242125e-03
9.999999704671627132e-01
9.999845718451162435e-01
2.801029547737470698e-07
3.344031225874677797e-09
1.163111387513472452e-09
5.568289935266607991e-06
9.448945602877318424e-04
1.000000000000000000e+00
6.777905686523262585e-03
0.000000000000000000e+00
0.000000000000000000e+00
8.843186524530800152e-08
7.173308085924511048e-07
4.899513885353750688e-03
3.582865452702666681e-02
0.000000000000000000e+00
4.093461389877394954e-08
1.795945831516766916e-07
6.612234107980185348e-08
2.342351980513278158e-04
4.736372254711469133e-08
4.050542974018264407e-06
3.364042892978830017e-03
9.999850319465825033e-01
9.427216993823029911e-01
9.999371114201748290e-01
9.999995858738265353e-01
9.997999175993235177e-01
8.178660932974533800e-09
6.505209840521038822e-08
4.386564510068056935e-09
3.178817590840711006e-03
9.999997459532395938e-01
9.999999997852000444e-01
5.968992009771327754e-06
3.453529375549403243e-08
1.290923715179992051e-08
4.890327836662982080e-08
9.356967998011819559e-04
9.998982447620812231e-01
8.067724253722445837e-01
3.644055087837851057e-08
6.279760836120585642e-09
1.803738078381490398e-07
5.184457348827291944e-06
2.332987238425540734e-05
7.541008658770407119e-06
5.803876492042244142e-08
2.929694049292855796e-09
1.014068862755957081e-07
2.348967521718084202e-07
9.243640301694574513e-01
9.997896410310809223e-01
9.998067613885465166e-01
7.345347235336644995e-09
1.895693217640342366e-09
9.999979061943501391e-01
9.999999995606837500e-01
9.999999842959665930e-01
9.999999657558953370e-01
9.998605933062446605e-01
4.647590308279137352e-07
2.669675653023613235e-09
1.252550945690073152e-07
5.157737288218536831e-01
9.999851188044780459e-01
9.844410743894639326e-01
5.157241647458824879e-05
1.767285827695297313e-06
1.438984248724802006e-06
4.588932299333531046e-04
3.158792703949931551e-04
0.000000000000000000e+00
0.000000000000000000e+00
9.350043371017156314e-09
1.128409979024537076e-09
6.909901660901455232e-07
9.999998857087031290e-01
9.997696192611510435e-01
1.861390786138945918e-03
4.668555180218816684e-06
9.697793144321218417e-01
9.999998207620915958e-01
9.999999567491157926e-01
9.999991554402861693e-01
9.999948972499445032e-01
9.999992813345428555e-01
2.870485027567313408e-05
2.485567671540368808e-07
3.167198831911947129e-05
1.338479205386110087e-02
1.805924626223166102e-02
1.710760995084304459e-01
8.617796639784094080e-05
6.014721641618797588e-04
2.278349975169248996e-03
7.103382849682098922e-05
9.231203150900127996e-01
1.398922822849815982e-07
1.713064982097211835e-06
9.202377158104906453e-09
5.808715254221495337e-07
2.195307576171460569e-06
9.999880158691654142e-01
9.998443858673939921e-01
8.083406126367490563e-01
2.603408957513420963e-04
9.691380959432204234e-01
9.999970984912469607e-01
9.999975661255676718e-01
9.999990596491304951e-01
9.998135627274724602e-01
9.994696507520997031e-01
9.998910442020085831e-01
9.894699410871852230e-01
9.999617798299296201e-01
9.999668526763462184e-01
9.775289927001981072e-01
9.999574539798984363e-01
9.402418540398307378e-01
9.997635354574961886e-01
9.999806616204596210e-01
9.999933291800209290e-01
9.999984902468689318e-01
9.901669223773186257e-01
2.659621708102904223e-07
4.450651048339317901e-06
5.586090946581465836e-06
5.175202643249698508e-07
9.999714459252945220e-01
9.985016936064614601e-01
9.997646948634015818e-01
9.890413944614477870e-01
9.999248999665396598e-01
9.999999945528293965e-01
9.997068738118435327e-01
9.999261334684736990e-01
9.999988223654213693e-01
9.999507597583976448e-01
9.992755453064331439e-01
9.999943398781646620e-01
9.995002445353682319e-01
9.999146204308639874e-01
9.629440116969251173e-01
9.885387895031988448e-01
9.999637568240510310e-01
9.995770913278108072e-01
9.999734283323005180e-01
9.981148252578638802e-01
9.990864874677704011e-01
9.999873192416915968e-01
9.999961404252227792e-01
9.176023307740253099e-01
9.973042202046488169e-01
2.651139027970563517e-07
2.839378627288438744e-09
8.272947209782567624e-05
8.099577005853590972e-01
9.997938744871862626e-01
9.999950718921626347e-01
9.999991512040569130e-01
9.998565642590337976e-01
9.915060747420243459e-01
9.999971381039253204e-01
9.999781943948089502e-01
9.999852252001860675e-01
9.999999896110890463e-01
9.998658727302319749e-01
9.998219931152986240e-01
9.999949228285711644e-01
9.310633959528289427e-01
5.428799900890360908e-01
5.726727607371348174e-06
6.444754263789119089e-06
3.343499885962119417e-03
7.174838527384738967e-04
9.998700235140842718e-01
9.999951224625795998e-01
9.891683397910948639e-01
8.210473061708398895e-05
1.764047939341922741e-08
2.206754394578418788e-05
6.409920985118455467e-06
6.059590154799686422e-04
9.940416765616993944e-01
9.999668113060816710e-01
9.867873649656909094e-03
9.997273722028988674e-01
5.168457545967632648e-03
9.999887564584294397e-01
9.999996579626780902e-01
9.999999345880022927e-01
9.999999394861528446e-01
9.999922819297898391e-01
9.995995211880429610e-01
9.986729640578954070e-01
9.611432875945568055e-01
3.363861172491498772e-06
2.816342704624443535e-07
1.348696561257334505e-07
4.374630778291081767e-03
2.084100622523414950e-03
9.982476514059515083e-01
9.999611819827893822e-01
9.968434705853757016e-01
9.990172335289660976e-01
9.907563335758899962e-08
1.697829256438503615e-07
2.617002493392171520e-04
1.915852284062888669e-02
8.652583788920666930e-01
9.999998662469389288e-01
9.982309603952829180e-01
9.993570839252737814e-01
8.082887673048237340e-03
8.708235712635986614e-01
9.999072237721889911e-01
9.999999048236937194e-01
9.999998218381274118e-01
9.999997257705568465e-01
9.999871445293978534e-01
9.957345465824463115e-01
4.291600302248331522e-04
1.672465573451611314e-06
1.319720932187018688e-06
1.560218751387315800e-03
8.489850813818756482e-04
2.255670528086496651e-01
9.626369686531138781e-01
9.999761512395746177e-01
9.999925775151712326e-01
9.993307465173784099e-01
2.713468082135307149e-06
4.611974706156305950e-05
3.071275812411593600e-02
9.999759899251915440e-01
9.940179611992721043e-01
9.999980571514960337e-01
9.997961975356246533e-01
4.202464663538652212e-05
7.364446186088035304e-05
2.621017718317904949e-03
9.999991475786385031e-01
9.999999961495763534e-01
9.999999610194039157e-01
9.999996276593428046e-01
9.999998563115086725e-01
9.997387110679675226e-01
2.954627711768034737e-02
6.380944547750264666e-08
3.250546844879254014e-07
3.279345953456518813e-05
9.997100172946512542e-01
9.989367291241285640e-01
9.876707651536222876e-01
9.999955513379752414e-01
9.999938811012342166e-01
9.998873595089788902e-01
2.539936346110062559e-06
1.996751970481988654e-05
4.181476324859259309e-05
9.943228435594527737e-01
9.999738788824260594e-01
9.999995843061481038e-01
9.968142641882612454e-01
4.327854480009026700e-02
1.215472442125183754e-05
2.319716887757864929e-03
9.993634887769959896e-01
9.999999877573785279e-01
9.999999989911173559e-01
9.999991238102745594e-01
9.999995210973351423e-01
9.999988868849396528e-01
9.820959767831205500e-01
0.000000000000000000e+00
2.109929421378418037e-05
9.997029839856771405e-01
9.281404175947670643e-01
2.177317653565153527e-02
3.072803938817490581e-03
9.993109929385192158e-01
9.999997320052116390e-01
9.999883624525146564e-01
9.247455862583397497e-06
1.319699177561092881e-05
4.110193983295938429e-03
9.999628701154809063e-01
9.980424236025997597e-01
9.999991051472512105e-01
9.997667944934874873e-01
1.660172717458378137e-05
2.203736659581623941e-04
7.606691024589693189e-04
6.926892760574284713e-01
9.999984806225375999e-01
9.999959790184109742e-01
9.999999179556460227e-01
9.999989704470578777e-01
9.999983777209618951e-01
9.999084018983099842e-01
5.058401481373623332e-01
6.730280698840552210e-03
3.427535697123100999e-04
2.904640344023427453e-02
2.719223591350393847e-05
5.274106752657040653e-01
9.999984271856876550e-01
9.998621231534291498e-01
9.999840986511850938e-01
2.023134935929534743e-06
8.199376627013137131e-05
3.949857744375136377e-03
9.994975401054869701e-01
9.999594238578392025e-01
9.999997141314697080e-01
9.876926042385900661e-01
4.548454898348837545e-05
1.375668330023819934e-03
4.138987217996083104e-04
3.149809698826175472e-04
9.990865953666239196e-01
9.999993182546951243e-01
9.998990571642888403e-01
9.999944754996499263e-01
9.994269708216829695e-01
9.998571665814779408e-01
6.532647031362848189e-01
4.219463068020767842e-06
3.414892675209512426e-04
1.554900528773998951e-06
1.772472781412020180e-05
5.452283006548086985e-04
9.189509791429042451e-01
9.999685690522371884e-01
9.999150225095944089e-01
1.329259750109992548e-06
1.807388713200547118e-05
1.382292733594319865e-03
8.283109286881626954e-01
9.999738567813760692e-01
9.995476144221577819e-01
8.708625393753619340e-03
7.377292034736251773e-03
1.670761058568650398e-02
1.769209413078797670e-04
3.647154825216376026e-04
3.785778295569741160e-04
9.986017125633257496e-01
9.997248975860044684e-01
9.999955216183061824e-01
9.999597394541235307e-01
9.464650994993730748e-01
1.059117281785788758e-03
5.072122688453402134e-08
1.006423260970965537e-05
9.233046815540939635e-07
5.175387024094025925e-07
1.037135660372058777e-04
9.494432718653819103e-01
9.999996244357536312e-01
9.999872667156279871e-01
1.639204704986412938e-07
9.249476115486652975e-04
5.222061703750228810e-05
9.989951880101576309e-01
9.999987977703780340e-01
1.092721791474434687e-04
6.618116932723669193e-04
9.407781867652854554e-03
1.289156289428168621e-04
1.892020598933750043e-04
5.485151462930159660e-04
1.121634900067485821e-06
8.718042839954378147e-08
5.041283404308225524e-01
9.999985522679707417e-01
3.563664171437631589e-01
3.249318247999374853e-02
1.692749176341994816e-02
3.835769396905442779e-06
1.129843123186557085e-07
1.347494501691720430e-07
1.022720377834688878e-07
8.336053416707259580e-04
9.597706560505829820e-01
9.998971558910447754e-01
9.999999996077039155e-01
9.782479569975025546e-01
2.280207159636450079e-04
1.004941879178295090e-02
9.475280229574567503e-01
9.997276677315343196e-01
7.019232828183959161e-03
1.834041397059563497e-02
4.242219351561241254e-03
2.902547258724031964e-01
7.085953747132945333e-05
2.311871049573420520e-03
4.804321085393699938e-05
4.736597722134469436e-07
3.863315310804171494e-05
1.406443264846890138e-03
2.632636378296376260e-03
4.601860183928294622e-03
9.215682960726365646e-04
8.489549404173635881e-07
7.594691281290104671e-09
4.465013501985866046e-08
3.568102709952099696e-08
1.544717040622754214e-03
9.999975041969940692e-01
9.999997832842094647e-01
9.999999997857895728e-01
9.991091187126487361e-01
9.996647278298580463e-01
9.951165370980668001e-01
9.999654199929669529e-01
9.999251767983460271e-01
9.999992783899959159e-01
9.998798710105837317e-01
5.902413924836767461e-05
9.891918538299321328e-01
9.957580578968564522e-01
9.999984421415382130e-01
9.999971047706375238e-01
9.998876065476040020e-01
1.233682645370075825e-01
3.125679114318626311e-04
4.323355965094551664e-04
9.500217326737166494e-05
3.031162257571616114e-05
1.648480161698196450e-05
0.000000000000000000e+00
1.528489930730181266e-07
2.622890987890888644e-07
4.114045108330405265e-02
9.999870464068153497e-01
9.999999964248423856e-01
9.999997980057174773e-01
9.999998538011098947e-01
9.999906373369946699e-01
9.999706499396738835e-01
9.999777971560391832e-01
9.999910370927737047e-01
9.999697835375084276e-01
1.628948131984282421e-05
5.864644748146126911e-05
6.298202122480931896e-05
1.565057611908357224e-02
9.999967095052824106e-01
9.999999999064540512e-01
9.999997509258248263e-01
9.999990769177226069e-01
9.998687893988065234e-01
3.787666143398026064e-05
1.535810073998771644e-05
1.406726136029094903e-06
5.470131772788063357e-06
4.898812477449188659e-10
1.539433669780093716e-06
5.188153390419234141e-06
8.263077143079922138e-02
9.999999717177834313e-01
1.000000000000000000e+00
9.999998949274643278e-01
9.999999880977945566e-01
9.999989907320944171e-01
9.999860699319368385e-01
9.999918010256316769e-01
9.999887853806782578e-01
9.998648721526488536e-01
6.377323434016848674e-05
1.758030726489727358e-06
2.078289573268029438e-05
9.183600138183711098e-03
9.999964630422619738e-01
9.999998264223054489e-01
9.999998828731876399e-01
9.999966412757482770e-01
9.999951238307738244e-01
1.107912830303643958e-01
3.925215427904336024e-08
1.174010219041141888e-06
2.644584650915191744e-07
1.244073214931987077e-07
6.166234384618481633e-03
4.555193837672857210e-03
1.447256769244750100e-07
1.444730646475674615e-03
9.999999313107530430e-01
9.999997028576086411e-01
9.999999974892351817e-01
9.999993394437189931e-01
9.999266488556699528e-01
9.973499802732062047e-01
9.947256998741101919e-01
9.850384080114844565e-01
2.495167053217319832e-03
1.351902995656199618e-04
1.809106821714747185e-04
9.937777306252901788e-01
9.999998625976050937e-01
9.999999583796523872e-01
9.999989342762450883e-01
9.999959675807117421e-01
9.999970571074124903e-01
9.999872113687542363e-01
9.402560089806831778e-01
5.156615201623366813e-09
4.970418685790110853e-07
2.750253233362691913e-07
2.647917776475782842e-06
9.577692383109532171e-05
2.859868742493159735e-08
9.466943471982118323e-08
8.667088537121905639e-06
9.999992081709534464e-01
9.999990500078597133e-01
9.999996011088249093e-01
1.435735196768028170e-05
4.359805940277620756e-05
1.644364657438519416e-04
9.824703962796237366e-01
3.045875351013349434e-03
3.580250321900281269e-03
2.357648860802923519e-04
9.996948790003105101e-01
2.290732089281627889e-05
1.724102483718146844e-03
9.999951302686587162e-01
9.999999980986270520e-01
9.999999861672093093e-01
9.999999981132478011e-01
9.943223841269757113e-01
1.859210808473370962e-04
3.945272517270705101e-08
4.923417240174460303e-09
3.807117895893559595e-08
1.386921186472305937e-07
1.561469790200916258e-09
5.755712219367198203e-08
8.173464034496108769e-09
1.030103760644798087e-07
1.499322744197888950e-04
8.343480402517008305e-08
1.118255165345818055e-07
2.820038351754143813e-07
3.287989813805605754e-04
1.069576829887977599e-03
9.998549007171064762e-01
9.999998141168654486e-01
9.967026862096270163e-04
1.477476633144053942e-08
2.763819801261312392e-08
6.666016148029861538e-08
5.037461154568171869e-06
9.416187614491983160e-01
9.999999140463805558e-01
9.999999721614729609e-01
9.999999251126033828e-01
4.480312685494798817e-06
0.000000000000000000e+00
1.196563978283786881e-08
2.184623597890563872e-10
1.789613738874976980e-09
1.314998153786157304e-07
1.042395957931607111e-07
4.805181935037143741e-08
3.288535007022365173e-10
1.911658127657977151e-05
1.465098455745138871e-06
6.287897345993048273e-06
8.425485513175370037e-07
1.221121910341058103e-03
9.999892858451909783e-01
9.999989276360536916e-01
1.000000000000000000e+00
1.000000000000000000e+00
1.206265895352416150e-08
2.304517248714486646e-09
2.149001598018721545e-08
1.806431863582258222e-07
8.669172412698540897e-07
5.193707356329614330e-06
9.996807368317934817e-01
9.999794137430264573e-01
1.600359608928719083e-06
0.000000000000000000e+00
1.215827829950681196e-09
5.084090490229051232e-07
1.861143603284556108e-07
2.351095310223663136e-07
7.828856609483380058e-07
5.645613544506031603e-09
1.324862150649169542e-08
1.597119521168016933e-06
6.828413918892141272e-06
9.994254132925691758e-01
9.991847728025009534e-01
9.996296587126272115e-01
9.464909676384645532e-05
1.006094497954439313e-03
9.968341718782642857e-01
9.999999893219660985e-01
3.378181270407920731e-07
2.475776866685525647e-08
2.057048752480643498e-08
1.401122914074919348e-07
1.175401054157913638e-06
2.977047976841803375e-07
2.474299529671168396e-01
0.000000000000000000e+00
1.483390384589915157e-06
9.422458500623145437e-09
2.100220557594348235e-10
4.269180474542949743e-07
1.488057361743698832e-05
8.842086888567601832e-01
9.873820415374776616e-01
6.469728711297981619e-09
3.208492667425068866e-08
6.629206920061823927e-09
7.726655728586116594e-03
9.999756336505374321e-01
9.999935993103464815e-01
9.999760143610409990e-01
4.300546679655592339e-05
6.907164658048913857e-07
8.613385632492839299e-06
9.998690713691439358e-01
9.999607004844023317e-01
3.997862595177571754e-02
4.408316516422654497e-07
1.441246298665975720e-06
2.162964256856030315e-10
1.020942336864693337e-04
2.889326387041233346e-01
4.132425521883112716e-10
1.284309771495083671e-06
6.301978702215869739e-06
1.202690193624408876e-01
8.556061610043404903e-03
9.999999498421565658e-01
9.999631238509931741e-01
9.970639992621967984e-01
1.062246243279172010e-08
2.661005865894302371e-09
0.000000000000000000e+00
8.090060816649125927e-08
9.536000581415845501e-01
9.999977859881991060e-01
9.996641392588403452e-01
4.441051007167517468e-07
4.810587605404689029e-09
6.786385340682957073e-07
8.715534943797014211e-01
9.999993326205764976e-01
9.999967121599041553e-01
9.981873468831203855e-01
9.824398155152467282e-01
9.999998548820887567e-01
9.999999886146709871e-01
7.274790288643365743e-01
2.142102122568293283e-08
6.016541145059561906e-08
2.209839712739481050e-03
9.999529292391818869e-01
9.999852503021646744e-01
9.999999551308984547e-01
9.999804308772178851e-01
9.993624272030915412e-01
1.469039060263078875e-09
0.000000000000000000e+00
1.817473231426321020e-09
1.366706310205380964e-05
1.125163773119325014e-02
9.999997308213111058e-01
2.060222162022698275e-06
5.751871935712204108e-09
8.384178647379811811e-09
3.221139473277383700e-09
1.446113428714453420e-05
9.881766275434886726e-01
9.999864533070859096e-01
9.999995183085024220e-01
9.999999321706156685e-01
1.000000000000000000e+00
9.999999581142964278e-01
2.653979005747704178e-01
1.603760139293417663e-08
5.937303583930107128e-08
7.972235758847042719e-01
9.999804786313153393e-01
9.999999005329697210e-01
9.999998540002428271e-01
9.999910525245450099e-01
9.997986362498979540e-01
5.990200015724459069e-10
0.000000000000000000e+00
0.000000000000000000e+00
2.387212360763708726e-08
7.134998780323623668e-01
9.999999412739400961e-01
2.224488262657714762e-06
0.000000000000000000e+00
4.127762030058029582e-09
7.477039459415762720e-08
1.198949236224587140e-06
9.994945785519483428e-01
1.000000000000000000e+00
9.999999028843987725e-01
9.999998243287839816e-01
9.999999967074765239e-01
9.999999760252490377e-01
9.999307734142501847e-01
8.486984838190569924e-02
8.231328466756732456e-07
3.101457828617657734e-03
9.999438916312850534e-01
9.999999974867629371e-01
9.999999832804601363e-01
9.999767743707027590e-01
9.999982174342755270e-01
0.000000000000000000e+00
0.000000000000000000e+00
0.000000000000000000e+00
3.803272688954552344e-07
9.997244719031948001e-01
9.999998950633022243e-01
8.880907145196170749e-01
2.866393906250021267e-09
2.099934508631431161e-09
6.260660405175446238e-06
2.154401611799943993e-07
9.999835097379576876e-01
9.999999840371888160e-01
9.999998123804253458e-01
9.999999872774882892e-01
1.000000000000000000e+00
1.000000000000000000e+00
1.000000000000000000e+00
9.756803075586563123e-01
1.388174633809847495e-05
4.876054570729397958e-10
1.360675147944277186e-01
9.999999140515208884e-01
9.999999934975302152e-01
9.999975139581414041e-01
9.999999656351926669e-01
0.000000000000000000e+00
1.249366945952607804e-09
1.257179357798171476e-08
5.153465497785429690e-07
9.984079481760080865e-01
9.999912532899584150e-01
9.999985751217826957e-01
2.856637743684290939e-08
1.099282280946503979e-05
1.838346638974185749e-06
5.785510006059064459e-06
9.999566660285571507e-01
9.999999866870601384e-01
1.535656858431810601e-01
8.649615237064525730e-02
7.655460519752406261e-03
9.999999137249627745e-01
1.000000000000000000e+00
9.999984725473097802e-01
8.166169131243206656e-06
2.790142800654383934e-08
5.918277333258164194e-06
3.153908507281077336e-06
7.195735500906564885e-01
9.999806334186839285e-01
9.999999672339154877e-01
0.000000000000000000e+00
2.032886197138156526e-09
1.032271154691532014e-07
5.139074807226011518e-06
9.999977620370222864e-01
9.999805887274137994e-01
9.999997594758129882e-01
9.999683723848118433e-01
5.329803331294993320e-03
1.600820737843387060e-03
9.964162666194531504e-01
9.999855370708585767e-01
1.000000000000000000e+00
9.999538052440113400e-01
6.107460412250258447e-05
8.930831958660050418e-01
9.999999989902117470e-01
9.999999976123162826e-01
9.999999056120134622e-01
1.482380667000399430e-07
8.893759748027689188e-09
9.280695254727827378e-08
4.033742193326134024e-06
1.954210306619945207e-05
9.998774418650754336e-01
9.999999507067180993e-01
9.999960244373636842e-01
2.635606204020795369e-07
4.844997725788243031e-07
4.679361430101434439e-03
9.999918112183507901e-01
9.999958529578766298e-01
9.999999877198774145e-01
9.999990878286028062e-01
2.040352980417519946e-01
9.322689376519216952e-04
1.198382928412154426e-04
9.993488377178757487e-01
9.999991702922459424e-01
9.999999186673271812e-01
1.000000000000000000e+00
9.999999994802972747e-01
9.999999946810271823e-01
9.999999996313969630e-01
9.999996039609856391e-01
6.700744145990590725e-04
3.022882506446648729e-10
1.897618810662902152e-08
8.233661240679176867e-04
9.999080969316682665e-01
9.999825387216639827e-01
9.999999915104013093e-01
9.999581981073299985e-01
1.169187043449500979e-06
1.009365027091405156e-07
5.350138462710851863e-05
9.999977812353164630e-01
9.999994535307338284e-01
9.999999449883386626e-01
2.790195133562171827e-03
6.380121248573528397e-04
1.079460474224014782e-05
9.458670620641007609e-01
9.933461013517750349e-01
9.999984947659309453e-01
9.999999492385471811e-01
9.999999669011674364e-01
9.999992128389734170e-01
9.999984221072415469e-01
9.999998608427338453e-01
9.999976146765028329e-01
9.973790331569070133e-01
2.290325056817452420e-08
3.885347439249856732e-02
9.999154566176851056e-01
9.999997594202945095e-01
9.999857957557091170e-01
9.999999252569424790e-01
9.998608595359728124e-01
7.785243411335481013e-09
4.151526278567688056e-06
3.019680586543792522e-05
9.999646396802506221e-01
9.999997237303074327e-01
9.999999185820572789e-01
6.815164326145891564e-05
9.111957240243850265e-07
4.853679224105154085e-07
1.446523757813823097e-07
9.999043395871847206e-01
9.999995831577851435e-01
9.999999953318742252e-01
9.999881906696417300e-01
9.998672700258298685e-01
9.999611998079668274e-01
9.999964284925558777e-01
9.999999759568437563e-01
9.999977165558676662e-01
9.994435824355814013e-01
9.998395595942818348e-01
9.999977482236002135e-01
9.999999551774527706e-01
9.999999888780318757e-01
9.999998997275801882e-01
9.999822114203347212e-01
8.248036815941769492e-08
5.263131975034622979e-08
1.122005220620292681e-07
9.999970155309126918e-01
9.999982721847170408e-01
9.999999740934599757e-01
5.647816695505797520e-07
6.709611958086756994e-06
4.339712356697964853e-07
9.046094376604148016e-08
9.999822295977586206e-01
9.999997947528194153e-01
9.999999731612494447e-01
9.999892650756564416e-01
9.999864163907442594e-01
9.999994064791472015e-01
9.999994445515791863e-01
9.999995935420158411e-01
9.999998905262280635e-01
9.999998745647870058e-01
9.999999935886146885e-01
9.999998638439098197e-01
9.999999844419662498e-01
9.999999861223883846e-01
9.999999554014873393e-01
9.999982888156019323e-01
9.709585978597525497e-08
7.057617561290168246e-09
1.370028110608468983e-08
9.999509658819831781e-01
9.999990485152282504e-01
9.996564342900211564e-01
7.512499815644338315e-06
1.364077980434720719e-05
2.554695398566822598e-07
2.638142271493452811e-08
9.999953648988747501e-01
9.999998603375335193e-01
9.999999011527632709e-01
9.999805591811470329e-01
9.999476215390553646e-01
9.999971323547132140e-01
9.999970315951289823e-01
9.999990021791574923e-01
9.999998209719621611e-01
9.999999955351355219e-01
9.999999960354769568e-01
9.999999941518674662e-01
9.999999401435660795e-01
9.999999945648393451e-01
9.999999410366121610e-01
9.999599612413710981e-01
2.724532644314761838e-08
0.000000000000000000e+00
9.804884425716438419e-09
9.985302885714629761e-01
1.669465478499668892e-02
5.503522711985508247e-06
2.299724858885740390e-07
6.986323091362785630e-07
9.944609601894326659e-10
3.931473488654237018e-09
9.999999799007081025e-01
9.999999506324805942e-01
9.999680727215095599e-01
9.999671292429751501e-01
9.999987903774454345e-01
9.999998978401266614e-01
9.999960667318212870e-01
9.999999233555901812e-01
1.000000000000000000e+00
9.999999861652536515e-01
9.999999995990762613e-01
9.999999601866031984e-01
9.999999361852014435e-01
9.999999762604959708e-01
9.999994097279638616e-01
9.997298317112335297e-01
6.330266880022107702e-09
1.461427815278899944e-09
8.942235804635419890e-09
3.804235995668824158e-05
3.601079442163265316e-05
7.155393078074970899e-07
1.703352806401279242e-07
7.919605288807650436e-08
3.493035979179478653e-08
9.934458602902279667e-01
9.999999324726813743e-01
9.999988919940482335e-01
9.999857223028129072e-01
9.987610662644504922e-01
9.999973378519492195e-01
9.999894158345883355e-01
9.999968850718903290e-01
9.999997744354061080e-01
9.999999923077459441e-01
9.999999990422739904e-01
1.000000000000000000e+00
9.999999672244698212e-01
9.999998383497211707e-01
3.231624447905401270e-05
9.999999994833840278e-01
9.991108374899508870e-01
9.061917779226783140e-07
6.201922349572586161e-06
9.987831349290554606e-01
9.614968254552126448e-01
3.686825226472826487e-05
3.313398665153314696e-06
4.110899013482649370e-08
1.232641940813141625e-06
9.980874209863870306e-01
9.999996141773896952e-01
9.999995013887265083e-01
9.999920640848728448e-01
9.999920373951568520e-01
9.999903891422835533e-01
9.999993631774732883e-01
9.999992769617415123e-01
9.999959474624462441e-01
9.999982361198958003e-01
9.999999904219758484e-01
1.000000000000000000e+00
1.000000000000000000e+00
9.999999782963848727e-01
9.999996736848929535e-01
4.366046311771867417e-08
5.361189934611417402e-05
9.999764342465570222e-01
9.999998974833249621e-01
9.997223735677326362e-01
9.997428454229684291e-01
9.999349088601158231e-01
9.103821945192988041e-01
3.966946329951373755e-06
9.644605706923551347e-01
9.999975094558491984e-01
9.999949751310458490e-01
9.999954352877229447e-01
9.999992524781087244e-01
9.999986086081105174e-01
9.999955932735175024e-01
9.999645025703037815e-01
9.998696193979603741e-01
9.999989647213153310e-01
9.999595250575742389e-01
9.999997068395071187e-01
9.999999508250905222e-01
1.000000000000000000e+00
1.000000000000000000e+00
9.999999390401963506e-01
9.999999717461098836e-01
1.663771462557023409e-07
3.169035366856733836e-06
9.999959998931625682e-01
9.999999069191564116e-01
9.999997111469147715e-01
9.999991070314624420e-01
9.999979088774271219e-01
9.999967140814178812e-01
9.961659919916517891e-01
9.999968472273981224e-01
9.999921536700070446e-01
9.999998995710713823e-01
9.999989687713960462e-01
9.999991362186114729e-01
9.999992072365549989e-01
9.999846812404574736e-01
9.987967129268866540e-01
9.999900047855937446e-01
9.997744338710888856e-01
9.999387134056600956e-01
9.999981330077178932e-01
9.999997097416933878e-01
9.999999998454339734e-01
9.999999952821726490e-01
9.999997782988050421e-01
9.999993689183339640e-01
4.777210358865392666e-06
1.900610122760098761e-02
9.999998479350897806e-01
9.999999978981791715e-01
9.999995500533818138e-01
9.999997035275641766e-01
9.999980709801935541e-01
9.995362878449349786e-01
8.226623626221540864e-01
9.999476458594446227e-01
9.999985321895369372e-01
9.999995646440638097e-01
9.999991569792701096e-01
9.999998785609447438e-01
9.999999518901260265e-01
9.999858589710008960e-01
9.999796981753067415e-01
9.999768810978086897e-01
9.999981770782100376e-01
9.998864888733596246e-01
9.999886129261690293e-01
9.999996062403225805e-01
9.999999418570020282e-01
9.999996469891383466e-01
9.999998750555992855e-01
9.999978368623374525e-01
1.481856817701985970e-07
9.997895266777351297e-01
9.999994116506540909e-01
9.999999908148163863e-01
9.999999931881046189e-01
9.999996734061710191e-01
9.999995802457594118e-01
9.946562659010098617e-01
9.994993717795616073e-01
9.999862764498915757e-01
9.999999577937487283e-01
9.999997627022649827e-01
9.999997420503889956e-01
9.999997756631230361e-01
9.999998924852887550e-01
9.999999661580654120e-01
9.999999660520162426e-01
9.999983917381229936e-01
9.999981556308807917e-01
9.999668624517425997e-01
9.997996113390896777e-01
9.999986066775486959e-01
9.999951134448715750e-01
9.999996552608017009e-01
9.999932190891550610e-01
9.999845852381130662e-01
2.672684929947075072e-01
9.999309817334708361e-01
9.999999987001360058e-01
9.999999995889010673e-01
9.999999611242056385e-01
9.999980331818123513e-01
9.999989805027019729e-01
5.824969543551938855e-04
9.999967064872552491e-01
9.999784625669244642e-01
9.999995236705698787e-01
9.999998546178301417e-01
9.999996851011970778e-01
9.999997631666759368e-01
9.999999463195226035e-01
9.999999806167342298e-01
9.999990410439636435e-01
9.999998550185096313e-01
9.999790864120917666e-01
9.998980029156436800e-01
9.999828207757373022e-01
9.687575601911490031e-01
9.986225291149872785e-01
9.999661675490389978e-01
9.999307988999914798e-01
9.998517938967140806e-01
9.997926477915328736e-01
9.999997626396925909e-01
9.999998393042746070e-01
9.999999974743599696e-01
9.999999929685843281e-01
9.999967553466938552e-01
6.687977685183182659e-04
5.700940212136024286e-04
9.999010210969612178e-01
9.999894846375618762e-01
9.999999837706233796e-01
9.999999292605767920e-01
9.999997518195462565e-01
9.999996122565164569e-01
9.999999349289627748e-01
9.999999646539862175e-01
9.999999644812601618e-01
9.999990783084343748e-01
9.999958463991293067e-01
9.999715454805452319e-01
9.994638722232541683e-01
9.533763600873748764e-04
2.810158848504922240e-03
1.555089855432822618e-02
1.331078654557025231e-01
9.998470974096465014e-01
9.986581126414528775e-01
9.999999816017730581e-01
9.999995842793568679e-01
9.999999599714066711e-01
1.000000000000000000e+00
2.120529706637730276e-04
1.135076938723362083e-05
3.783815956124530295e-04
9.993803695928937803e-01
9.999810834841077467e-01
9.999999807005373054e-01
9.999999325819188822e-01
9.999996764059739807e-01
9.999994425833327316e-01
9.999999061471206430e-01
9.999999309151843541e-01
9.999999500532592567e-01
9.999999315414052070e-01
9.999986539975035393e-01
9.998193558892271016e-01
9.983091897924138980e-01
5.241008364709399985e-06
1.424071530598629175e-05
4.251948595030461504e-04
1.397808217525796154e-03
9.997441495667742650e-01
9.999838586927948247e-01
9.999979550734238165e-01
9.999996063381668687e-01
9.999999973676564347e-01
1.090706452802434310e-05
1.822960885824720029e-06
6.086742513430849289e-06
8.756045304937242202e-01
9.999984519342054456e-01
9.999992388064016247e-01
1.000000000000000000e+00
9.999999327789812487e-01
9.999978989413573771e-01
9.999996619626443373e-01
9.999995285732061756e-01
9.999999254504148283e-01
9.999999823980041391e-01
9.999999039780943511e-01
9.999934920450147535e-01
9.999773280771897532e-01
9.999953453756005306e-01
1.089863122175266564e-04
1.715447810481450902e-06
2.572497830967155669e-06
2.845559156170023312e-04
8.913100075513488707e-02
9.999784838974569157e-01
9.999970857735032137e-01
7.922440043672550336e-02
6.412044498210668774e-08
5.196921593268776378e-08
1.817195423870978529e-06
1.137237228880936862e-04
9.730956703990890633e-01
9.999994354572846467e-01
9.999982399042214309e-01
9.999947721659675492e-01
9.988912032243021377e-01
6.601402196987596893e-01
1.067235296904705160e-08
9.999999431733542776e-01
9.999995435973354496e-01
9.999992801898517358e-01
9.999999493249169813e-01
9.999996551683896229e-01
9.999998160406191605e-01
9.999996441946141790e-01
9.999089275088894890e-01
2.195864134261342557e-03
4.969633493660418797e-05
3.684397584275829170e-04
9.979629867108716912e-01
9.999749832599346133e-01
3.027246102274155078e-06
2.071105391697191143e-08
2.721787245955690046e-10
3.324227594874266422e-08
5.286581654250760957e-05
2.117769102558053824e-04
9.998281332895655460e-01
9.999867255785743758e-01
9.999999300421273940e-01
4.722518142379514331e-08
0.000000000000000000e+00
1.241868810490423646e-08
1.409115388552346545e-08
2.177726148597159852e-08
9.998008894404718516e-01
9.999997486765008770e-01
9.999990525197148816e-01
9.999993514562504071e-01
9.999997150446496841e-01
9.999995146907030286e-01
9.999995935577735695e-01
9.999936695594876523e-01
9.839316799510268163e-01
9.927733850925917203e-01
9.997311635228974813e-01
1.799897716043603055e-03
1.917916163394553385e-09
0.000000000000000000e+00
3.007472055719812580e-10
2.070821740816012419e-09
3.844614638824721796e-05
9.913936160329719211e-05
9.999929794919951709e-01
1.000000000000000000e+00
6.292820025156954598e-06
2.679676852913641699e-08
3.223413940008402972e-07
2.798186405343098557e-08
7.217038842813187177e-07
1.912548568125720286e-07
1.100949129259508805e-06
9.999998173141381175e-01
9.999999196393161149e-01
9.999999965333162821e-01
1.000000000000000000e+00
9.999998339891733590e-01
9.999989426950331994e-01
9.999997376692890683e-01
9.999997611579158896e-01
9.999679778366404870e-01
9.999528085853619519e-01
7.494242596441794690e-01
5.959166542643357331e-07
8.158014163508957584e-01
4.956650989332800157e-09
9.941127475457300910e-01
9.870194113774563016e-01
9.968223325751039976e-01
9.999924038430236806e-01
6.703389609103811039e-07
4.272273655261245888e-10
3.311132431003596430e-08
7.444301288498058515e-04
3.329907570984862262e-03
3.048220965280336314e-02
1.641826924156145591e-06
1.883607569243086266e-06
3.811365906479436316e-05
7.319360754573934601e-05
9.968155893992569627e-01
8.355842845679752235e-05
9.999999966364969683e-01
9.999999855053177678e-01
9.999999834825809009e-01
9.999543530073086162e-01
9.901705374148238592e-01
9.982674393208774699e-01
9.999982115264498539e-01
9.999991654809891051e-01
9.999997718788441459e-01
9.999999295057353521e-01
9.999996441306089334e-01
9.999964049755685203e-01
9.999968621806459845e-01
8.823375495511509917e-03
2.487101213725835922e-08
1.244854658526854525e-05
9.999840451397525865e-01
9.999454264788127933e-01
9.999989376088034287e-01
9.999999769519619663e-01
5.897987763017337876e-02
5.565416927206674132e-07
4.609253660406105647e-05
3.999032103215091741e-05
3.368458308145879889e-05
8.832931891687819043e-05
3.037277656161343224e-06
9.999999310482279302e-01
9.999291171428079661e-01
9.993649094515431042e-01
5.471159873865707457e-01
5.212936377506454111e-01
9.999999255626748074e-01
9.999981901308581111e-01
9.999983397946283770e-01
9.999994553746198722e-01
9.999996159299310294e-01
9.999996078005279898e-01
6.083524125211802391e-04
1.246009482748951719e-06
1.176986288771608824e-10
9.999999776749446401e-01
9.999998163660157591e-01
9.999996219644458062e-01
9.999999418526215322e-01
9.885397495581413341e-03
1.049971154140631691e-06
1.293640244409691646e-07
3.391615991161941206e-06
2.827951949444630435e-04
1.003668281711910621e-03
7.017238731564621893e-04
2.369123242187952941e-06
2.752436354273715578e-07
2.559682806192478677e-01
9.999551097192354021e-01
9.339194348473401908e-01
1.235981265622360624e-03
9.999998458843767368e-01
9.999928547258589706e-01
9.999909140197346114e-01
9.999997734408162531e-01
1.000000000000000000e+00
1.976448818411537833e-06
9.377816199559009475e-08
2.105638818446131566e-07
2.127858084299505834e-05
9.999999017458564010e-01
9.999997066507614329e-01
9.999998321655865219e-01
1.101709843951459260e-03
1.431916509593241351e-07
2.570698454149025442e-08
1.617456172519667435e-08
3.809108170219351161e-04
8.419106030997872692e-01
9.974868180092625325e-01
8.441554256415557678e-01
4.334281854527085501e-06
1.269315567084346852e-07
6.304806926998063636e-04
8.893407857495613245e-01
3.860823049846690783e-04
1.087797115974649899e-06
1.299369747721291005e-03
9.999996270244891905e-01
9.999992949826350674e-01
9.999999319589112368e-01
1.277442300774463656e-02
6.464018112624945007e-09
1.471085156892993568e-08
1.461707791321859052e-08
2.158853215569909220e-03
9.999998587531719885e-01
9.999998781635989209e-01
3.252913846335024617e-02
1.392273929732594373e-07
8.920009034162880931e-08
0.000000000000000000e+00
4.773039657238918292e-08
7.774968559124072476e-01
9.999776452322638454e-01
9.999974984252204546e-01
9.998912617015460746e-01
4.610902281138514866e-07
1.026187154152698956e-08
4.595737877311735026e-05
5.060863638909005591e-01
1.568687684329479054e-02
1.865759533110752575e-05
5.652475237734582067e-06
9.999999885536597910e-01
9.999999233153356037e-01
9.999999463293736124e-01
9.621381989848163155e-08
3.121726883789396165e-09
5.759935319024145979e-10
2.975027120022185527e-08
1.741169660403011504e-04
9.999999249516888788e-01
9.999999598697428826e-01
4.514347637203631199e-07
9.287329703288355867e-08
5.712541307983030058e-08
4.206185575664058699e-09
5.312800709157254325e-06
9.999996066321586996e-01
9.999873220466632961e-01
9.999950665254151438e-01
2.147165380833254179e-03
6.852391019527077007e-08
9.416824340805518876e-09
2.193016436555110316e-07
1.259014531314651790e-02
2.693032644246158092e-04
1.403286376066962843e-05
2.762053036745001160e-08
9.954523002406895360e-01
9.999999955787448602e-01
9.999999855212703403e-01
0.000000000000000000e+00
3.425856050746348501e-09
2.137987458394396764e-09
7.308238347071377666e-08
9.830613292891601240e-01
9.999999062012056017e-01
9.999998078175628136e-01
1.328375039914074378e-06
2.343679672103949215e-07
3.696770952959086003e-08
7.467836121304117542e-08
9.994335751774482413e-01
9.999999595957921317e-01
9.999992733137258449e-01
9.999995909246359727e-01
4.331268342435436874e-03
1.209854646878403576e-08
1.172271782198432609e-08
2.675451375714081865e-07
1.676447308679590027e-06
1.552353131980668127e-02
3.945064747352316424e-05
2.941160393858324416e-08
3.314359248640381516e-05
9.999999985166525551e-01
9.999999158960070078e-01
1.532596458634624217e-08
5.880329569410961375e-11
2.572743601538251805e-08
1.419378720425732216e-07
9.891696577283684011e-01
9.999999790363188756e-01
9.999997470242625308e-01
2.381178474138004340e-06
9.903175021592852150e-07
6.257557652336255964e-09
3.288240062860419144e-01
9.999987802676798543e-01
9.999999631341540685e-01
2.779534389387295912e-01
2.984884448246847427e-02
1.348828141559830407e-07
3.401592636637858625e-07
7.487643471551668360e-08
1.104529359268652142e-09
1.192158963754388612e-06
2.004264270691356557e-06
1.617676015053212508e-05
2.824471562784293363e-08
8.311496832707045493e-03
9.999981403104960531e-01
9.999999821444315318e-01
4.838482136933384487e-05
5.109354006562975858e-09
2.536768817197336965e-08
4.632904636284798368e-04
9.997497068887606364e-01
1.000000000000000000e+00
4.252922940344236062e-05
3.327411267651050704e-07
1.151500108327827349e-07
9.980661315875661854e-01
9.999997902244782688e-01
9.945591711007903957e-01
1.345648934100061359e-08
3.339691064301759310e-08
1.794479925783442006e-07
1.027137081735805475e-06
7.299599568471212824e-08
1.355333190850999369e-07
1.187858891613331214e-08
3.092711893315968828e-08
4.173416267992000481e-06
7.874281400177866134e-07
3.580344268301310915e-07
7.567215609724317060e-01
9.999446680791250763e-01
9.999995473948927183e-01
9.999890607514937413e-01
2.298267570148439770e-08
5.815471089571796633e-08
9.955822970425135532e-01
9.999986893024664925e-01
9.999999917619502021e-01
1.038916097024600766e-06
6.348316638971109363e-07
7.308255949784253636e-02
9.999922113752617303e-01
9.999898110552319919e-01
4.545037750498936774e-08
0.000000000000000000e+00
0.000000000000000000e+00
1.005805426136327262e-07
1.469521772467671257e-07
1.842447017908393407e-06
3.887116122166655694e-06
1.625744531425808171e-08
4.850720813360110948e-08
4.472495158962771389e-07
6.132178511660259431e-08
9.998205891447077276e-01
9.999466451569484216e-01
9.999671197431618808e-01
9.999656737331736878e-01
8.443898543205046733e-08
2.176062827895698879e-05
9.999584896069826367e-01
9.999993102147276547e-01
9.999999961525473102e-01
2.529516762669096433e-06
2.079957930418536932e-07
1.775439898964579596e-08
9.998985532099095019e-01
9.999935817712635178e-01
9.891639332195018008e-01
1.066813306683242132e-09
0.000000000000000000e+00
2.069264986087496134e-09
1.430474186662345104e-08
1.893551531276869006e-04
9.999999729821974492e-01
9.999999785559404719e-01
3.609740014757865366e-09
9.654238468568568621e-08
5.373651746387715839e-08
1.100301031571470161e-06
9.999915490417320418e-01
9.999938912521052492e-01
9.997411972078262821e-01
1.890170943459838077e-02
0.000000000000000000e+00
5.212606801990344275e-09
9.999999593825905642e-01
9.999997564695169983e-01
9.999999999170438025e-01
2.057433727866384667e-09
1.876272415964561605e-07
2.263790565488844997e-08
2.972539608002625197e-04
9.999952786853931741e-01
7.282018059961653652e-09
0.000000000000000000e+00
0.000000000000000000e+00
4.781182016265888059e-09
7.298547280767503823e-07
5.321476146025576615e-01
9.999999892686775027e-01
9.999999986632787108e-01
1.130228191275921273e-09
5.480846688432809229e-08
5.820005834383549895e-08
2.114522495037605599e-08
9.999931183825057079e-01
9.999992048088548469e-01
9.999877529618295124e-01
0.000000000000000000e+00
3.418014212439452929e-10
1.305189093534080262e-07
9.999999875137842720e-01
9.999997880447623055e-01
1.000000000000000000e+00
1.105292970666650510e-09
6.577035785868806499e-08
5.173737708961522263e-07
4.814349981323695068e-06
9.999998778374711295e-01
9.902209559935684562e-06
4.056613026547653279e-08
5.816133952670983519e-07
4.703006860857698643e-08
1.191732818520582294e-03
9.999474913839210277e-01
9.999998332333377427e-01
9.999999999898355751e-01
1.401868152392043283e-08
0.000000000000000000e+00
7.464491723205043810e-07
1.558172519404005772e-07
9.999996017602056364e-01
9.999789828260957636e-01
9.998296658731481434e-01
0.000000000000000000e+00
1.490570614627200144e-09
1.589577247179569492e-07
2.574807491655994873e-01
9.999992111525213279e-01
9.999999985221731391e-01
1.520226487449213299e-07
7.713841249219363491e-09
2.487136697786047744e-06
7.272116313850386507e-08
7.657547509519800899e-01
9.999540140516727238e-01
9.187790829072973943e-05
1.523687460103772054e-03
5.205076375628998608e-01
9.998887948240358092e-01
9.999881861120195614e-01
9.999975352834616915e-01
1.000000000000000000e+00
6.692852144291257734e-07
6.195686532862677077e-09
8.314863135565230592e-06
9.907687646493309463e-01
9.999985519441253468e-01
9.999996392054839589e-01
9.999999427921937301e-01
9.999978622774924331e-01
2.406532157124047267e-07
5.813480903773523783e-08
3.015798395661019635e-05
9.998811865644314789e-01
9.999959614203663971e-01
9.999999997064709101e-01
9.999778876802114524e-01
4.665853871652768544e-05
1.052264269398858446e-06
2.614718436348698551e-08
9.999989174045913476e-01
9.999999979723692700e-01
9.999999989721415350e-01
9.999999233719867320e-01
9.999908703593313186e-01
9.999896653646026534e-01
9.999953597066746358e-01
9.999999992454681186e-01
6.745788079730495276e-05
5.571771882671260085e-07
9.969539667615447964e-01
9.999831903732530058e-01
9.999994752452930902e-01
9.999999674154896878e-01
9.999999808182248318e-01
9.999999941845237883e-01
9.999989776843994926e-01
9.857144975131971742e-01
5.410500957650294397e-06
1.830817779018429888e-04
9.999809180786831675e-01
9.999993891895723186e-01
9.999999891530585439e-01
9.999541355716097257e-01
9.614505949859510903e-01
8.779855414121118251e-01
9.996711811020324578e-01
1.000000000000000000e+00
1.000000000000000000e+00
9.999997967861807835e-01
9.999997843680266119e-01
9.999937176645996573e-01
9.999996635116712440e-01
9.999996891971392188e-01
5.182557794753564495e-07
8.234930797814692571e-05
9.999955128547920458e-01
9.999985281397989478e-01
9.999997079961970847e-01
9.999978523305086409e-01
9.999998972249333207e-01
9.999999945136245350e-01
9.999999991660820653e-01
9.999999921650277734e-01
2.861576947185686743e-06
4.182881635169328543e-07
2.944742550187392366e-02
9.999998079152764285e-01
9.999997040636038337e-01
9.999992449272443462e-01
9.999993021295378037e-01
9.974947497312897093e-01
9.998384976658847290e-01
1.000000000000000000e+00
1.000000000000000000e+00
1.000000000000000000e+00
9.999999955811397223e-01
9.999986084298322364e-01
9.999964201132335306e-01
9.998149792509664069e-01
7.505381665837034672e-09
9.999856984512314195e-01
9.999999929825323930e-01
9.999999920017856869e-01
9.999999353224195975e-01
9.999995824322948090e-01
9.999999347801818983e-01
9.999999797443138716e-01
9.999999907820980027e-01
9.999997411065167929e-01
7.649489987003628144e-01
6.596399392917650316e-05
7.816750018671609054e-06
9.999999170944340321e-01
9.999999971563107160e-01
9.999973148870631157e-01
9.999926234706897343e-01
9.999885042217134812e-01
9.698577667153877035e-01
1.811343983943642256e-03
1.000000000000000000e+00
1.000000000000000000e+00
9.999999405934463237e-01
9.999999608415495178e-01
9.999951167907165095e-01
9.999583944029124538e-01
5.079172682390720854e-08
1.144757889862952859e-07
9.999998602350557153e-01
9.999999747004976181e-01
9.801239414960039031e-01
9.993056999131847418e-01
9.999979644592358330e-01
9.999999975600201152e-01
9.999999955392661066e-01
9.999995030517422334e-01
9.990379491911046683e-01
1.946451000394398573e-05
4.857574268955844623e-07
4.614887140585398062e-01
9.999999993009911492e-01
9.999993882050880467e-01
9.999879161003171202e-01
9.999130657663802824e-01
9.143709375227973002e-01
2.992157894580600703e-06
9.999453733691791024e-01
9.999999989405105039e-01
9.999999951378258922e-01
9.999999775711783112e-01
9.999991570608347535e-01
7.938249051176118551e-03
4.409778736215529710e-07
1.276740676733197722e-05
9.999420360134487762e-01
9.999999288682211995e-01
5.016419401904315920e-09
8.559032545787513609e-08
2.789342662807773483e-06
7.412701520381611564e-01
9.999999996264808955e-01
9.999999376315489297e-01
9.999876583578285461e-01
3.123464822252988744e-06
1.869613544939929025e-06
2.963068225010770543e-07
9.993823411438181870e-01
9.999997994005250801e-01
9.999994773688696270e-01
9.999959457535128049e-01
9.889672248037907343e-01
3.227467906080178257e-03
1.526805504216143493e-02
9.999407590907318788e-01
9.999999829587561395e-01
9.999999954507149402e-01
9.999904693351664431e-01
9.999861367218079167e-01
3.439781705200724293e-02
1.085964972189530918e-05
3.947005459009031141e-06
3.026741201768317862e-05
2.724787296170474189e-07
4.811946207527338676e-08
1.604160530125889666e-08
8.252792522891478540e-09
3.638899232291514796e-01
9.999993940102466228e-01
9.998775442945743164e-01
9.571899418699862669e-06
4.613188192936674958e-06
2.997458590085780954e-07
5.427161223353586012e-07
9.999990311408407662e-01
9.999999976573910043e-01
9.999999117911667623e-01
9.999967892170846806e-01
9.995026976617731318e-01
1.565023447596192510e-02
5.421433379814547537e-01
9.999999902502555438e-01
9.999997673076514992e-01
9.999997944000186267e-01
9.999989254062697785e-01
9.999987098235775251e-01
9.989323483427604566e-01
9.809320943598622833e-01
3.462141847092978269e-05
4.572215394027109058e-10
2.483663402571489635e-08
1.635961364383263632e-08
4.041423537958773785e-09
1.861118652132246486e-09
9.999471468692601173e-01
9.974445443996520222e-01
4.122236940771026838e-06
9.637335269691171230e-07
3.018468266907584857e-07
1.538826558417588981e-08
9.950734069164898221e-01
9.999999608112156713e-01
9.999999982973138968e-01
9.999991050586632957e-01
9.999962323442731504e-01
9.999990208178040074e-01
9.964877435445012033e-01
9.999999889996938895e-01
9.999985987938765364e-01
9.999999240214277885e-01
9.999999811007770356e-01
9.999999344961671977e-01
9.999998207013859330e-01
9.999997363592705302e-01
9.995467504701568418e-01
3.790852148491377551e-04
3.870299161805773974e-08
5.848000108010376872e-08
3.240850781461534952e-07
3.868572881566592592e-05
9.999970012348966542e-01
9.999978784808204457e-01
9.927933910760156078e-01
5.968089208874210831e-05
1.112645387929899098e-05
6.894913399681114650e-08
9.996857887736148029e-01
9.999989765206226400e-01
9.999999964596623103e-01
9.999999881286069092e-01
9.999994681822220732e-01
9.999995438172919471e-01
9.999998638368077231e-01
9.999998852562047569e-01
9.999984209036498761e-01
9.999999579397084171e-01
9.999999969877683137e-01
9.999999997520448991e-01
9.999999587979504501e-01
9.999999933462616619e-01
9.999999627328850504e-01
