0.000000000000000000e+00
8.863600290804738054e-04
9.898315235510207755e-01
1.000000000000000000e+00
1.000000000000000000e+00
1.000000000000000000e+00
9.903847224650564884e-01
5.519259487604846574e-03
0.000000000000000000e+00
6.887778505069561685e-01
1.000000000000000000e+00
1.000000000000000000e+00
1.000000000000000000e+00
1.000000000000000000e+00
2.189912638255536448e-01
0.000000000000000000e+00
0.000000000000000000e+00
0.000000000000000000e+00
0.000000000000000000e+00
0.000000000000000000e+00
4.510564102734552529e-03
1.912277562258304364e-01
6.231313708447429045e-01
8.156499456882271293e-01
1.603955739842286565e-01
8.092994445360701672e-02
1.503452102095907406e-01
4.587847713382329357e-02
4.881318845494909131e-01
9.745584560574415134e-01
9.916127487857743228e-01
1.000000000000000000e+00
9.931129600713716199e-01
9.822647345707180566e-01
9.687706661083796966e-01
9.410724867791512294e-01
6.842520559425703253e-01
4.108635217675501300e-02
2.005177166100504879e-02
7.779144298017671988e-02
3.006826578649517412e-01
9.717920719321869738e-01
9.684707379173700392e-01
9.545021162958025052e-01
9.419409749293303769e-01
9.116389507735547237e-01
8.701728580270853275e-01
1.827963899291424887e-01
7.081549836854351687e-01
6.259495517963674649e-01
6.939623944090932417e-01
1.833040406997326899e-01
7.566163835886737798e-01
3.046231277702363127e-01
8.245129923010736661e-01
7.450390452579024325e-01
8.390126152230981127e-01
6.271697272226962605e-01
8.114236557187326504e-01
2.932146833649182036e-02
1.474956508347239903e-01
3.696822535853505620e-01
8.639007798748816747e-01
8.319787575882598984e-01
1.596006624168430643e-01
1.910462807424993248e-01
1.415924390345112138e-01
4.677249935976910411e-01
9.061179172611363297e-01
9.744485203667535567e-01
9.952905883439967516e-01
1.000000000000000000e+00
9.897871872098187307e-01
9.877497073021402896e-01
8.150656835662216659e-01
3.835537484734813374e-01
1.033558365544293145e-01
3.352189732835318403e-01
8.902366574083490913e-02
1.268057295099423755e-02
0.000000000000000000e+00
1.776125154109371024e-03
2.570869061301750413e-01
8.250699686599648475e-01
9.389780481451691641e-01
9.725947060040124326e-01
9.265559720333598204e-01
9.266945612197942106e-01
5.611351213954917094e-01
6.987445557292493170e-01
5.537450144978980360e-01
3.265715791984634131e-01
8.436433538405588850e-01
4.702741418747546920e-01
7.643693671935268552e-02
6.521300311927311077e-02
7.422571818013586897e-01
9.449267559249638904e-01
9.799630107960464187e-01
9.811125570022151132e-01
9.788651382017077296e-01
8.501025321539807944e-01
4.142130460658245000e-02
2.056935628692010964e-02
2.972511331519654409e-01
9.052503734349112152e-01
9.503841597076705394e-01
9.967168348701189728e-01
9.920598328257279608e-01
9.776832754163962136e-01
8.440488119628313246e-01
6.083788353453191133e-01
8.915310614021767499e-01
9.122722081194513111e-01
9.857448878009281712e-01
9.968682454244230939e-01
9.838508768561966544e-01
8.376729654904920830e-01
2.171269822732983454e-02
6.584109006352584226e-01
9.829955892485582325e-01
