1.000000000000000000e+00
1.000000000000000000e+00
9.964654159236953079e-01
9.447321961230662479e-01
8.823909418360496026e-01
6.860586923917040281e-01
2.737175647480361573e-01
5.034603564636713768e-01
8.061471755109804738e-01
9.609585247952436848e-01
9.758687211228642688e-01
9.949799696382022329e-01
9.844221639958965486e-01
8.662825825482137754e-01
5.691914282995622631e-01
4.964046289034568793e-01
3.455668277700823521e-01
4.477731173001274212e-01
3.835606323746375002e-01
4.177536556558819059e-01
1.944379700587915150e-01
1.224133020948401374e-01
4.203672873801418686e-02
7.838470774260092127e-05
1.493932625407131255e-04
1.815136207999186457e-01
7.545473579566466249e-01
9.869866764723820296e-01
9.695476963832723172e-01
9.157339406108175872e-01
8.759769024050847452e-01
7.955447620412545717e-01
7.689474970421099620e-01
5.293586539625767529e-01
4.468525078881258050e-01
4.203603229539319974e-01
9.301706059443248797e-01
1.000000000000000000e+00
1.000000000000000000e+00
1.000000000000000000e+00
9.602802220504312869e-01
2.300563805482004343e-01
9.037450964044051172e-05
3.678282484233692400e-05
4.851779157347787218e-03
7.639552528071384963e-01
1.000000000000000000e+00
1.000000000000000000e+00
9.895691788508249598e-01
7.699947577691773626e-01
5.311194270376802251e-01
2.654146706853461324e-01
4.306454866112131019e-01
2.059175084805104083e-01
4.659624572157209932e-01
7.886031818191648890e-01
7.952151760966774674e-01
7.523602340452463233e-01
5.847498835221682789e-01
5.504040009044370851e-01
3.594721382344643335e-01
5.504040009044370851e-01
5.847498835221682789e-01
7.523602340452463233e-01
7.952151760966774674e-01
7.886031818191648890e-01
4.659624572157209932e-01
2.059175084805104083e-01
4.306454866112131019e-01
2.654146706853461324e-01
5.311194270376802251e-01
7.699947577691773626e-01
9.895691788508249598e-01
1.000000000000000000e+00
1.000000000000000000e+00
7.639552528071384963e-01
4.851779157347787218e-03
3.678282484233692400e-05
9.037450964044051172e-05
2.300563805482004343e-01
9.602802220504312869e-01
1.000000000000000000e+00
1.000000000000000000e+00
1.000000000000000000e+00
9.301706059443248797e-01
4.203603229539319974e-01
4.468525078881258050e-01
5.293586539625767529e-01
7.689474970421099620e-01
7.955447620412545717e-01
8.759769024050847452e-01
9.157339406108175872e-01
9.695476963832723172e-01
9.869866764723820296e-01
7.545473579566466249e-01
1.815136207999186457e-01
1.493932625407131255e-04
7.838470774260092127e-05
4.203672873801418686e-02
1.224133020948401374e-01
1.944379700587915150e-01
4.177536556558819059e-01
3.835606323746375002e-01
4.477731173001274212e-01
3.455668277700823521e-01
4.964046289034568793e-01
5.691914282995622631e-01
8.662825825482137754e-01
9.844221639958965486e-01
9.949799696382022329e-01
9.758687211228642688e-01
9.609585247952436848e-01
8.061471755109804738e-01
5.034603564636713768e-01
2.737175647480361573e-01
6.860586923917040281e-01
8.823909418360496026e-01
9.447321961230662479e-01
9.964654159236953079e-01
1.000000000000000000e+00
1.000000000000000000e+00
