0.7, -65.3566
0.699475, -65.2967
0.698951, -65.2371
0.698427, -65.1779
0.697904, -65.1191
0.697382, -65.0607
0.696861, -65.0026
0.696341, -64.9448
0.695821, -64.8875
0.695302, -64.8305
0.694784, -64.7739
0.694267, -64.7176
0.69375, -64.6617
0.693234, -64.6062
0.692719, -64.551
0.692205, -64.4961
0.691691, -64.4416
0.691179, -64.3874
0.690667, -64.3336
0.690155, -64.2801
0.689645, -64.2269
0.689135, -64.1741
0.6888, -64.1394
0.688626, -64.1215
0.688118, -64.0693
0.687611, -64.0174
0.687104, -63.9657
0.686598, -63.9143
0.686093, -63.8632
0.685588, -63.8124
0.685084, -63.7618
0.684581, -63.7114
0.684079, -63.6613
0.683578, -63.6113
0.683077, -63.5616
0.682577, -63.512
0.682078, -63.4626
0.681579, -63.4134
0.681081, -63.3643
0.680584, -63.3153
0.680088, -63.2664
0.679592, -63.2175
0.679097, -63.1687
0.678603, -63.12
0.678109, -63.0712
0.677616, -63.0224
0.677124, -62.9736
0.676633, -62.9248
0.676142, -62.8758
0.675652, -62.8268
0.675163, -62.7776
0.674674, -62.7282
0.674187, -62.6787
0.673699, -62.6289
0.673213, -62.5789
0.672727, -62.5287
0.672242, -62.4782
0.671758, -62.4273
0.671274, -62.3761
0.670791, -62.3245
0.670309, -62.2726
0.6702, -62.2608
0.669828, -62.2202
0.669347, -62.1674
0.668867, -62.1141
0.668387, -62.0604
0.667908, -62.0061
0.66743, -61.9513
0.666953, -61.896
0.666476, -61.8401
0.666, -61.7836
0.665525, -61.7265
0.66505, -61.6688
0.664576, -61.6105
0.664103, -61.5515
0.66363, -61.4919
0.663158, -61.4317
0.662687, -61.3708
0.662216, -61.3092
0.661746, -61.2469
0.661277, -61.184
0.660808, -61.1204
0.66034, -61.0561
0.659873, -60.9912
0.659406, -60.9256
0.65894, -60.8594
0.658475, -60.7925
0.65801, -60.725
0.657546, -60.6568
0.657082, -60.5881
0.65662, -60.5187
0.656158, -60.4488
0.655696, -60.3782
0.655235, -60.3072
0.654775, -60.2356
0.654316, -60.1635
0.653857, -60.0908
0.653399, -60.0178
0.652941, -59.9442
0.6526, -59.889
0.652484, -59.8702
0.652028, -59.7958
0.651572, -59.7211
0.651117, -59.6459
0.650663, -59.5704
0.650209, -59.4946
0.65, -59.4595
0.649756, -59.4185
0.649304, -59.3421
0.648852, -59.2654
0.648401, -59.1885
0.64795, -59.1114
0.6475, -59.0341
0.647051, -58.9566
0.646602, -58.879
0.646154, -58.8012
0.645706, -58.7233
0.64526, -58.6454
0.644813, -58.5673
0.644368, -58.4892
0.643923, -58.4111
0.643478, -58.3329
0.643034, -58.2547
0.642591, -58.1766
0.642149, -58.0984
0.641707, -58.0203
0.641265, -57.9423
0.640825, -57.8643
0.640385, -57.7864
0.639945, -57.7086
0.639506, -57.6308
0.639068, -57.5532
0.63863, -57.4757
0.638193, -57.3984
0.637756, -57.3212
0.637321, -57.2441
0.636885, -57.1672
0.636451, -57.0904
0.636016, -57.0138
0.6358, -56.9757
0.635583, -56.9374
0.63515, -56.8612
0.634717, -56.7852
0.634286, -56.7093
0.633855, -56.6336
0.633424, -56.5582
0.632994, -56.4829
0.632564, -56.4079
0.632136, -56.3331
0.631707, -56.2584
0.63128, -56.184
0.630853, -56.1098
0.630426, -56.0359
0.63, -55.9621
0.629575, -55.8886
0.62915, -55.8153
0.628726, -55.7422
0.628302, -55.6694
0.627879, -55.5968
0.627456, -55.5244
0.627034, -55.4522
0.626613, -55.3803
0.626192, -55.3085
0.625772, -55.2371
0.625352, -55.1658
0.624933, -55.0947
0.624514, -55.0239
0.624096, -54.9533
0.623679, -54.883
0.623262, -54.8128
0.622846, -54.7429
0.62243, -54.6732
0.622015, -54.6037
0.6216, -54.5344
0.621186, -54.4653
0.620772, -54.3965
0.620359, -54.3278
0.619947, -54.2594
0.6199, -54.2517
0.619535, -54.1912
0.619124, -54.1232
0.618713, -54.0554
0.618302, -53.9878
0.617893, -53.9204
0.617483, -53.8532
0.617075, -53.7862
0.616667, -53.7194
0.616259, -53.6528
0.615852, -53.5863
0.615446, -53.5201
0.61504, -53.4541
0.614634, -53.3882
0.614229, -53.3226
0.613825, -53.2571
0.613421, -53.1918
0.613018, -53.1267
0.612615, -53.0618
0.612213, -52.997
0.611811, -52.9325
0.61141, -52.8681
0.611009, -52.8038
0.610609, -52.7398
0.610209, -52.6759
0.60981, -52.6122
0.609412, -52.5486
0.609014, -52.4852
0.608616, -52.422
0.608219, -52.3589
0.607823, -52.296
0.607427, -52.2333
0.607031, -52.1707
0.606636, -52.1083
0.606242, -52.046
0.605848, -51.9839
0.605455, -51.9219
0.605062, -51.8601
0.6048, -51.8189
0.604669, -51.7984
0.604277, -51.7368
0.603886, -51.6755
0.603495, -51.6142
0.603105, -51.5531
0.602715, -51.4922
0.602326, -51.4313
0.601937, -51.3706
0.601548, -51.3101
0.601161, -51.2497
0.600773, -51.1894
0.600386, -51.1293
0.6, -51.0693
0.6, -51.0693
0.599614, -51.0094
0.599229, -50.9496
0.598844, -50.89
0.59846, -50.8305
0.598076, -50.7712
0.597692, -50.7119
0.597309, -50.6528
0.596927, -50.5938
0.596545, -50.5349
0.596164, -50.4762
0.595783, -50.4176
0.595402, -50.3591
0.595022, -50.3007
0.594643, -50.2424
0.594264, -50.1842
0.593885, -50.1262
0.593507, -50.0683
0.59313, -50.0105
0.592753, -49.9528
0.592376, -49.8952
0.592, -49.8377
0.591624, -49.7803
0.591249, -49.7231
0.590875, -49.6659
0.5905, -49.6089
0.5904, -49.5936
0.590127, -49.552
0.589753, -49.4951
0.589381, -49.4384
0.589008, -49.3818
0.588636, -49.3253
0.588265, -49.2689
0.587894, -49.2126
0.587524, -49.1564
0.587154, -49.1002
0.586784, -49.0442
0.586415, -48.9883
0.586047, -48.9325
0.585678, -48.8768
0.585311, -48.8212
0.584944, -48.7657
0.584577, -48.7103
0.584211, -48.655
0.583845, -48.5998
0.583479, -48.5446
0.583114, -48.4896
0.58275, -48.4347
0.582386, -48.3798
0.582022, -48.3251
0.581659, -48.2704
0.581297, -48.2158
0.580935, -48.1613
0.580573, -48.107
0.580212, -48.0527
0.579851, -47.9984
0.57949, -47.9443
0.57913, -47.8903
0.578771, -47.8364
0.578412, -47.7825
0.578053, -47.7287
0.577695, -47.675
0.577337, -47.6215
0.57698, -47.5679
0.5767, -47.526
0.576623, -47.5145
0.576267, -47.4612
0.575911, -47.4079
0.575556, -47.3548
0.5752, -47.3017
0.574846, -47.2487
0.574492, -47.1957
0.574138, -47.1429
0.573785, -47.0901
0.573432, -47.0375
0.573079, -46.9849
0.572727, -46.9324
0.572376, -46.8799
0.572025, -46.8276
0.571674, -46.7753
0.571324, -46.7231
0.570974, -46.671
0.570624, -46.619
0.570275, -46.567
0.569927, -46.5151
0.569578, -46.4634
0.569231, -46.4116
0.568883, -46.36
0.568537, -46.3084
0.56819, -46.2569
0.567844, -46.2055
0.567498, -46.1542
0.567153, -46.1029
0.566809, -46.0517
0.566464, -46.0006
0.56612, -45.9496
0.565777, -45.8986
0.565434, -45.8477
0.565091, -45.7969
0.564749, -45.7462
0.564407, -45.6955
0.564065, -45.6449
0.563724, -45.5944
0.5636, -45.576
0.563384, -45.544
0.563043, -45.4936
0.562704, -45.4433
0.562364, -45.3931
0.562025, -45.3429
0.561687, -45.2928
0.561349, -45.2428
0.561011, -45.1929
0.560673, -45.143
0.560337, -45.0932
0.56, -45.0435
0.559664, -44.9938
0.559328, -44.9442
0.558993, -44.8947
0.558658, -44.8452
0.558323, -44.7958
0.557989, -44.7465
0.557656, -44.6973
0.557322, -44.6481
0.556989, -44.599
0.556657, -44.55
0.556325, -44.501
0.555993, -44.4521
0.555662, -44.4033
0.555331, -44.3545
0.555, -44.3058
0.55467, -44.2572
0.55434, -44.2086
0.554011, -44.1601
0.553682, -44.1117
0.553353, -44.0633
0.553025, -44.015
0.552697, -43.9668
0.55237, -43.9186
0.552043, -43.8705
0.551716, -43.8225
0.55139, -43.7745
0.551064, -43.7266
0.551, -43.7172
0.550738, -43.6787
0.550413, -43.631
0.550088, -43.5833
0.55, -43.5703
0.549764, -43.5356
0.54944, -43.488
0.549117, -43.4405
0.548793, -43.3931
0.548471, -43.3457
0.548148, -43.2983
0.547826, -43.2511
0.547504, -43.2039
0.547183, -43.1567
0.546862, -43.1097
0.546542, -43.0627
0.546221, -43.0157
0.545902, -42.9688
0.545582, -42.922
0.545263, -42.8753
0.544944, -42.8286
0.544626, -42.7819
0.544308, -42.7354
0.543991, -42.6889
0.543673, -42.6424
0.543357, -42.596
0.54304, -42.5497
0.542724, -42.5034
0.542408, -42.4572
0.542093, -42.4111
0.541778, -42.365
0.541463, -42.319
0.541149, -42.273
0.540835, -42.2271
0.540522, -42.1813
0.540209, -42.1355
0.539896, -42.0898
0.539583, -42.0442
0.539271, -41.9986
0.5391, -41.9735
0.53896, -41.953
0.538648, -41.9075
0.538337, -41.8621
0.538027, -41.8168
0.537716, -41.7715
0.537406, -41.7262
0.537097, -41.6811
0.536788, -41.6359
0.536479, -41.5909
0.53617, -41.5459
0.535862, -41.5009
0.535554, -41.4561
0.535247, -41.4112
0.53494, -41.3665
0.534633, -41.3218
0.534327, -41.2771
0.534021, -41.2325
0.533715, -41.188
0.53341, -41.1435
0.533105, -41.0991
0.5328, -41.0547
0.532496, -41.0104
0.532192, -40.9662
0.531888, -40.922
0.531585, -40.8778
0.531282, -40.8338
0.530979, -40.7898
0.530677, -40.7458
0.530375, -40.7019
0.530074, -40.658
0.529773, -40.6143
0.529472, -40.5705
0.529171, -40.5268
0.528871, -40.4832
0.528571, -40.4397
0.528272, -40.3961
0.527973, -40.3527
0.527674, -40.3093
0.5276, -40.2986
0.527376, -40.266
0.527077, -40.2227
0.52678, -40.1794
0.526482, -40.1363
0.526185, -40.0932
0.525888, -40.0501
0.525592, -40.0071
0.525296, -39.9641
0.525, -39.9212
0.524705, -39.8784
0.524409, -39.8356
0.524115, -39.7929
0.52382, -39.7502
0.523526, -39.7076
0.523232, -39.665
0.522939, -39.6225
0.522646, -39.58
0.522353, -39.5376
0.52206, -39.4953
0.521768, -39.453
0.521477, -39.4107
0.521185, -39.3686
0.520894, -39.3264
0.520603, -39.2843
0.520313, -39.2423
0.520022, -39.2003
0.519732, -39.1584
0.519443, -39.1166
0.519154, -39.0748
0.518865, -39.033
0.518576, -38.9913
0.518288, -38.9496
0.518, -38.908
0.517712, -38.8665
0.517425, -38.825
0.517138, -38.7836
0.516851, -38.7422
0.5166, -38.7059
0.516565, -38.7008
0.516279, -38.6596
0.515993, -38.6183
0.515708, -38.5771
0.515423, -38.536
0.515138, -38.4949
0.514854, -38.4539
0.51457, -38.413
0.514286, -38.372
0.514002, -38.3312
0.513719, -38.2904
0.513436, -38.2496
0.513154, -38.2089
0.512871, -38.1682
0.512589, -38.1276
0.512308, -38.0871
0.512026, -38.0466
0.511745, -38.0061
0.511465, -37.9657
0.511184, -37.9254
0.510904, -37.8851
0.510624, -37.8448
0.510345, -37.8046
0.510066, -37.7645
0.509787, -37.7244
0.509508, -37.6843
0.50923, -37.6444
0.508952, -37.6044
0.508674, -37.5645
0.508397, -37.5247
0.50812, -37.4849
0.507843, -37.4451
0.507567, -37.4055
0.507291, -37.3658
0.507015, -37.3262
0.506739, -37.2867
0.506464, -37.2472
0.506189, -37.2078
0.5061, -37.195
0.505914, -37.1684
0.50564, -37.129
0.505366, -37.0897
0.505092, -37.0505
0.504819, -37.0113
0.504545, -36.9722
0.504273, -36.9331
0.504, -36.894
0.503728, -36.855
0.503456, -36.8161
0.503184, -36.7772
0.502913, -36.7383
0.502642, -36.6995
0.502371, -36.6608
0.5021, -36.6221
0.50183, -36.5834
0.50156, -36.5448
0.50129, -36.5063
0.501021, -36.4678
0.500752, -36.4293
0.500483, -36.3909
0.500215, -36.3525
0.5, -36.3219
0.499946, -36.3142
0.499678, -36.276
0.499411, -36.2377
0.499143, -36.1996
0.498876, -36.1614
0.49861, -36.1234
0.498343, -36.0854
0.498077, -36.0474
0.497811, -36.0094
0.497545, -35.9716
0.49728, -35.9337
0.497015, -35.8959
0.49675, -35.8582
0.496486, -35.8205
0.496221, -35.7829
0.495957, -35.7453
0.4959, -35.7371
0.495694, -35.7077
0.49543, -35.6702
0.495167, -35.6328
0.494904, -35.5953
0.494642, -35.558
0.49438, -35.5207
0.494118, -35.4834
0.493856, -35.4462
0.493594, -35.409
0.493333, -35.3719
0.493072, -35.3348
0.492812, -35.2978
0.492552, -35.2608
0.492291, -35.2238
0.492032, -35.1869
0.491772, -35.1501
0.491513, -35.1133
0.491254, -35.0765
0.490995, -35.0398
0.490737, -35.0031
0.490479, -34.9665
0.490221, -34.9299
0.489963, -34.8934
0.489706, -34.8569
0.489449, -34.8205
0.489192, -34.7841
0.488936, -34.7478
0.488679, -34.7115
0.488423, -34.6752
0.488168, -34.639
0.487912, -34.6028
0.487657, -34.5667
0.487402, -34.5306
0.487147, -34.4946
0.486893, -34.4586
0.486639, -34.4227
0.486385, -34.3868
0.486131, -34.3509
0.485878, -34.3151
0.485625, -34.2794
0.485372, -34.2436
0.48512, -34.208
0.484867, -34.1724
0.484615, -34.1368
0.484364, -34.1012
0.484112, -34.0657
0.483861, -34.0303
0.48361, -33.9949
0.483359, -33.9595
0.483109, -33.9242
0.482859, -33.8889
0.482609, -33.8537
0.482359, -33.8185
0.48211, -33.7834
0.48186, -33.7483
0.481612, -33.7132
0.481363, -33.6782
0.481115, -33.6432
0.480866, -33.6083
0.480619, -33.5734
0.480371, -33.5386
0.480124, -33.5038
0.479876, -33.4691
0.47963, -33.4344
0.479383, -33.3997
0.479137, -33.3651
0.478891, -33.3305
0.478645, -33.296
0.478399, -33.2615
0.478154, -33.227
0.477909, -33.1926
0.477664, -33.1583
0.477419, -33.1239
0.477175, -33.0897
0.476931, -33.0554
0.4769, -33.0511
0.476687, -33.0212
0.476444, -32.9871
0.4762, -32.953
0.475957, -32.9189
0.475714, -32.8849
0.475472, -32.8509
0.475229, -32.817
0.474987, -32.7831
0.474745, -32.7492
0.474504, -32.7154
0.474262, -32.6817
0.474021, -32.6479
0.47378, -32.6142
0.47354, -32.5806
0.473299, -32.547
0.473059, -32.5134
0.472819, -32.4799
0.47258, -32.4464
0.47234, -32.413
0.472101, -32.3796
0.471862, -32.3463
0.471624, -32.3129
0.471385, -32.2797
0.471147, -32.2464
0.470909, -32.2133
0.470671, -32.1801
0.470434, -32.147
0.470197, -32.1139
0.46996, -32.0809
0.469723, -32.0479
0.469486, -32.015
0.46925, -31.9821
0.469014, -31.9492
0.468778, -31.9164
0.468543, -31.8836
0.468307, -31.8509
0.468072, -31.8182
0.467837, -31.7855
0.467603, -31.7529
0.467368, -31.7203
0.467134, -31.6878
0.4669, -31.6553
0.466667, -31.6228
0.466433, -31.5904
0.4662, -31.558
0.465967, -31.5257
0.465734, -31.4934
0.465502, -31.4612
0.465269, -31.4289
0.465037, -31.3968
0.464806, -31.3646
0.464574, -31.3325
0.464343, -31.3005
0.464111, -31.2685
0.463881, -31.2365
0.46365, -31.2045
0.463419, -31.1726
0.463189, -31.1408
0.462959, -31.109
0.46273, -31.0772
0.4625, -31.0454
0.462271, -31.0137
0.462042, -30.9821
0.461813, -30.9504
0.461584, -30.9188
0.461356, -30.8873
0.461128, -30.8558
0.4609, -30.8243
0.460672, -30.7929
0.460444, -30.7615
0.460217, -30.7301
0.45999, -30.6988
0.459763, -30.6675
0.459537, -30.6363
0.45931, -30.6051
0.4592, -30.5899
0.459084, -30.5739
0.458858, -30.5428
0.458633, -30.5117
0.458407, -30.4807
0.458182, -30.4497
0.457957, -30.4187
0.457732, -30.3878
0.457507, -30.3569
0.457283, -30.326
0.457059, -30.2952
0.456835, -30.2644
0.456611, -30.2337
0.456388, -30.203
0.456164, -30.1723
0.455941, -30.1417
0.455718, -30.1111
0.455496, -30.0805
0.455273, -30.05
0.455051, -30.0195
0.454829, -29.9891
0.454608, -29.9587
0.454386, -29.9283
0.454165, -29.898
0.453944, -29.8677
0.453723, -29.8374
0.453502, -29.8072
0.453281, -29.777
0.453061, -29.7469
0.452841, -29.7168
0.452621, -29.6867
0.452402, -29.6567
0.452182, -29.6267
0.451963, -29.5967
0.451744, -29.5668
0.451525, -29.5369
0.451307, -29.507
0.451089, -29.4772
0.45087, -29.4474
0.450652, -29.4177
0.450435, -29.388
0.450217, -29.3583
0.45, -29.3287
0.45, -29.3287
0.449783, -29.2991
0.449566, -29.2695
0.449349, -29.24
0.449133, -29.2105
0.448917, -29.1811
0.448701, -29.1517
0.448485, -29.1223
0.448269, -29.0929
0.448054, -29.0636
0.447839, -29.0343
0.447624, -29.0051
0.447409, -28.9759
0.447194, -28.9467
0.44698, -28.9176
0.446766, -28.8885
0.446552, -28.8595
0.446338, -28.8304
0.446124, -28.8014
0.445911, -28.7725
0.445698, -28.7436
0.445485, -28.7147
0.445272, -28.6858
0.44506, -28.657
0.444847, -28.6283
0.444635, -28.5995
0.444423, -28.5708
0.444212, -28.5421
0.444, -28.5135
0.443789, -28.4849
0.443578, -28.4563
0.443367, -28.4278
0.443156, -28.3993
0.442945, -28.3708
0.4428, -28.3512
0.442735, -28.3424
0.442525, -28.314
0.442315, -28.2856
0.442105, -28.2573
0.441896, -28.229
0.441686, -28.2008
0.441477, -28.1725
0.441268, -28.1444
0.44106, -28.1162
0.440851, -28.0881
0.440643, -28.06
0.440435, -28.0319
0.440227, -28.0039
0.440019, -27.9759
0.439811, -27.948
0.439604, -27.9201
0.439397, -27.8922
0.43919, -27.8643
0.438983, -27.8365
0.438776, -27.8087
0.43857, -27.781
0.438364, -27.7533
0.438158, -27.7256
0.437952, -27.698
0.437746, -27.6703
0.437541, -27.6428
0.437336, -27.6152
0.437131, -27.5877
0.436926, -27.5602
0.436721, -27.5328
0.436517, -27.5054
0.436313, -27.478
0.436109, -27.4506
0.435905, -27.4233
0.435701, -27.396
0.435497, -27.3688
0.435294, -27.3416
0.435091, -27.3144
0.434888, -27.2872
0.434685, -27.2601
0.434483, -27.233
0.43428, -27.206
0.434078, -27.179
0.433876, -27.152
0.433674, -27.125
0.433473, -27.0981
0.433271, -27.0712
0.43307, -27.0444
0.432869, -27.0175
0.432668, -26.9908
0.432468, -26.964
0.432267, -26.9373
0.432067, -26.9106
0.431867, -26.8839
0.431667, -26.8573
0.431467, -26.8307
0.431267, -26.8041
0.431068, -26.7776
0.430869, -26.7511
0.43067, -26.7246
0.430471, -26.6982
0.430272, -26.6718
0.430074, -26.6454
0.429876, -26.619
0.429677, -26.5927
0.42948, -26.5665
0.429282, -26.5402
0.429084, -26.514
0.428887, -26.4878
0.42869, -26.4617
0.428493, -26.4355
0.428296, -26.4094
0.428099, -26.3834
0.427903, -26.3573
0.427706, -26.3314
0.42751, -26.3054
0.4275, -26.304
0.427314, -26.2794
0.427119, -26.2535
0.426923, -26.2277
0.426728, -26.2018
0.426532, -26.176
0.426337, -26.1502
0.426143, -26.1245
0.425948, -26.0988
0.425753, -26.0731
0.425559, -26.0474
0.425365, -26.0218
0.425171, -25.9962
0.424977, -25.9706
0.424784, -25.9451
0.42459, -25.9196
0.424397, -25.8941
0.424204, -25.8687
0.424011, -25.8433
0.423818, -25.8179
0.423626, -25.7925
0.423433, -25.7672
0.423241, -25.7419
0.423049, -25.7167
0.422857, -25.6914
0.422665, -25.6662
0.422474, -25.6411
0.422283, -25.6159
0.422091, -25.5908
0.4219, -25.5657
0.42171, -25.5407
0.421519, -25.5157
0.421329, -25.4907
0.421138, -25.4657
0.420948, -25.4408
0.420758, -25.4159
0.420568, -25.391
0.420379, -25.3662
0.420189, -25.3413
0.42, -25.3166
0.419811, -25.2918
0.419622, -25.2671
0.419433, -25.2424
0.419245, -25.2177
0.419056, -25.1931
0.418868, -25.1685
0.41868, -25.1439
0.418492, -25.1194
0.418304, -25.0948
0.418117, -25.0703
0.417929, -25.0459
0.417742, -25.0215
0.417555, -24.997
0.417368, -24.9727
0.417181, -24.9483
0.416995, -24.924
0.416808, -24.8997
0.416622, -24.8755
0.416436, -24.8512
0.41625, -24.827
0.416064, -24.8029
0.415879, -24.7787
0.415693, -24.7546
0.415508, -24.7305
0.415323, -24.7065
0.415138, -24.6824
0.414953, -24.6584
0.414769, -24.6345
0.414584, -24.6105
0.4144, -24.5866
0.414216, -24.5627
0.414032, -24.5388
0.413848, -24.515
0.413665, -24.4912
0.413481, -24.4674
0.4133, -24.444
0.413298, -24.4437
0.413115, -24.42
0.412932, -24.3963
0.412749, -24.3726
0.412566, -24.349
0.412384, -24.3254
0.412202, -24.3018
0.412019, -24.2782
0.411837, -24.2547
0.411656, -24.2312
0.411474, -24.2078
0.411292, -24.1843
0.411111, -24.1609
0.41093, -24.1375
0.410749, -24.1142
0.410568, -24.0908
0.410387, -24.0675
0.410207, -24.0442
0.410026, -24.021
0.409846, -23.9978
0.409666, -23.9746
0.409486, -23.9514
0.409306, -23.9283
0.409127, -23.9052
0.408947, -23.8821
0.408768, -23.859
0.408589, -23.836
0.40841, -23.813
0.408231, -23.79
0.408053, -23.7671
0.407874, -23.7441
0.407696, -23.7213
0.407517, -23.6984
0.407339, -23.6755
0.407162, -23.6527
0.406984, -23.6299
0.406806, -23.6072
0.406629, -23.5844
0.406452, -23.5617
0.406275, -23.5391
0.406098, -23.5164
0.405921, -23.4938
0.405744, -23.4712
0.405568, -23.4486
0.405391, -23.426
0.405215, -23.4035
0.405039, -23.381
0.404863, -23.3586
0.404688, -23.3361
0.404512, -23.3137
0.404337, -23.2913
0.404161, -23.2689
0.403986, -23.2466
0.403811, -23.2243
0.403636, -23.202
0.403462, -23.1797
0.403287, -23.1575
0.403113, -23.1353
0.402939, -23.1131
0.402765, -23.091
0.402591, -23.0688
0.402417, -23.0467
0.402243, -23.0247
0.40207, -23.0026
0.401897, -22.9806
0.401723, -22.9586
0.40155, -22.9366
0.401378, -22.9146
0.401205, -22.8927
0.401032, -22.8708
0.40086, -22.8489
0.400688, -22.8271
0.400515, -22.8053
0.400343, -22.7835
0.400172, -22.7617
0.4, -22.74