0.7, 1.7559
0.699475, 1.75613
0.698951, 1.75635
0.698427, 1.75658
0.697904, 1.75681
0.697382, 1.75703
0.697241, 1.7571
0.696861, 1.75726
0.696341, 1.75749
0.695821, 1.75771
0.695302, 1.75794
0.694784, 1.75816
0.694267, 1.75838
0.69375, 1.75861
0.693234, 1.75883
0.692719, 1.75905
0.692205, 1.75927
0.691691, 1.7595
0.691179, 1.75972
0.690667, 1.75994
0.690155, 1.76016
0.689645, 1.76038
0.689135, 1.7606
0.688626, 1.76082
0.688118, 1.76104
0.687611, 1.76125
0.687104, 1.76147
0.686598, 1.76169
0.686093, 1.76191
0.685588, 1.76212
0.685084, 1.76234
0.684581, 1.76256
0.684079, 1.76277
0.683578, 1.76299
0.683448, 1.76304
0.683077, 1.7632
0.682577, 1.76342
0.682078, 1.76363
0.681579, 1.76384
0.681081, 1.76406
0.680584, 1.76427
0.680088, 1.76448
0.679592, 1.76469
0.679097, 1.7649
0.678603, 1.76512
0.678109, 1.76533
0.677616, 1.76554
0.677124, 1.76575
0.676633, 1.76596
0.676142, 1.76617
0.675652, 1.76638
0.675163, 1.76658
0.674674, 1.76679
0.674187, 1.767
0.673699, 1.76721
0.673213, 1.76741
0.672727, 1.76762
0.672242, 1.76783
0.671758, 1.76803
0.671274, 1.76824
0.670791, 1.76844
0.670309, 1.76865
0.669828, 1.76885
0.669655, 1.76893
0.669347, 1.76906
0.668867, 1.76926
0.668387, 1.76946
0.667908, 1.76967
0.66743, 1.76987
0.666953, 1.77007
0.666476, 1.77028
0.666, 1.77048
0.665525, 1.77068
0.66505, 1.77088
0.664576, 1.77108
0.664103, 1.77128
0.66363, 1.77148
0.663158, 1.77168
0.662687, 1.77188
0.662216, 1.77208
0.661746, 1.77228
0.661277, 1.77247
0.660808, 1.77267
0.66034, 1.77287
0.659873, 1.77307
0.659406, 1.77326
0.65894, 1.77346
0.658475, 1.77366
0.65801, 1.77385
0.657546, 1.77405
0.657082, 1.77424
0.65662, 1.77444
0.656158, 1.77463
0.655862, 1.77476
0.655696, 1.77483
0.655235, 1.77502
0.654775, 1.77522
0.654316, 1.77541
0.653857, 1.7756
0.653399, 1.7758
0.652941, 1.77599
0.652484, 1.77618
0.652028, 1.77637
0.651572, 1.77656
0.651117, 1.77676
0.650663, 1.77695
0.650209, 1.77714
0.649756, 1.77733
0.649304, 1.77752
0.648852, 1.77771
0.648401, 1.7779
0.64795, 1.77809
0.6475, 1.77827
0.647051, 1.77846
0.646602, 1.77865
0.646154, 1.77884
0.645706, 1.77903
0.64526, 1.77921
0.644813, 1.7794
0.644368, 1.77959
0.643923, 1.77977
0.643478, 1.77996
0.643034, 1.78015
0.642591, 1.78033
0.642149, 1.78052
0.642069, 1.78055
0.641707, 1.7807
0.641265, 1.78089
0.640825, 1.78107
0.640385, 1.78126
0.639945, 1.78144
0.639506, 1.78162
0.639068, 1.78181
0.63863, 1.78199
0.638193, 1.78217
0.637756, 1.78236
0.637321, 1.78254
0.636885, 1.78272
0.636451, 1.7829
0.636016, 1.78308
0.635583, 1.78327
0.63515, 1.78345
0.634717, 1.78363
0.634286, 1.78381
0.633855, 1.78399
0.633424, 1.78417
0.632994, 1.78435
0.632564, 1.78453
0.632136, 1.78471
0.631707, 1.78488
0.63128, 1.78506
0.630853, 1.78524
0.630426, 1.78542
0.63, 1.7856
0.629575, 1.78578
0.62915, 1.78595
0.628726, 1.78613
0.628302, 1.78631
0.628276, 1.78632
0.627879, 1.78648
0.627456, 1.78666
0.627034, 1.78684
0.626613, 1.78701
0.626192, 1.78719
0.625772, 1.78736
0.625352, 1.78754
0.624933, 1.78771
0.624514, 1.78789
0.624096, 1.78806
0.623679, 1.78824
0.623262, 1.78841
0.622846, 1.78858
0.62243, 1.78876
0.622015, 1.78893
0.6216, 1.7891
0.621186, 1.78928
0.620772, 1.78945
0.620359, 1.78962
0.619947, 1.78979
0.619535, 1.78997
0.619124, 1.79014
0.618713, 1.79031
0.618302, 1.79048
0.617893, 1.79065
0.617483, 1.79082
0.617075, 1.79099
0.616667, 1.79116
0.616259, 1.79133
0.615852, 1.7915
0.615446, 1.79167
0.61504, 1.79184
0.614634, 1.79201
0.614483, 1.79208
0.614229, 1.79218
0.613825, 1.79235
0.613421, 1.79252
0.613018, 1.79269
0.612615, 1.79286
0.612213, 1.79302
0.611811, 1.79319
0.61141, 1.79336
0.611009, 1.79353
0.610609, 1.79369
0.610209, 1.79386
0.60981, 1.79403
0.609412, 1.79419
0.609014, 1.79436
0.608616, 1.79453
0.608219, 1.79469
0.607823, 1.79486
0.607427, 1.79503
0.607031, 1.79519
0.606636, 1.79536
0.606242, 1.79552
0.605848, 1.79569
0.605455, 1.79585
0.605062, 1.79601
0.604669, 1.79618
0.604277, 1.79634
0.603886, 1.79651
0.603495, 1.79667
0.603105, 1.79683
0.602715, 1.797
0.602326, 1.79716
0.601937, 1.79732
0.601548, 1.79749
0.601161, 1.79765
0.600773, 1.79781
0.60069, 1.79785
0.600386, 1.79797
0.6, 1.79814
0.599614, 1.7983
0.599229, 1.79846
0.598844, 1.79862
0.59846, 1.79878
0.598076, 1.79894
0.597692, 1.79911
0.597309, 1.79927
0.596927, 1.79943
0.596545, 1.79959
0.596164, 1.79975
0.595783, 1.79991
0.595402, 1.80007
0.595022, 1.80023
0.594643, 1.80039
0.594264, 1.80055
0.593885, 1.80071
0.593507, 1.80087
0.59313, 1.80102
0.592753, 1.80118
0.592376, 1.80134
0.592, 1.8015
0.591624, 1.80166
0.591249, 1.80182
0.590875, 1.80198
0.5905, 1.80213
0.590127, 1.80229
0.589753, 1.80245
0.589381, 1.80261
0.589008, 1.80276
0.588636, 1.80292
0.588265, 1.80308
0.587894, 1.80324
0.587524, 1.80339
0.587154, 1.80355
0.586897, 1.80366
0.586784, 1.8037
0.586415, 1.80386
0.586047, 1.80402
0.585678, 1.80417
0.585311, 1.80433
0.584944, 1.80448
0.584577, 1.80464
0.584211, 1.8048
0.583845, 1.80495
0.583479, 1.80511
0.583114, 1.80526
0.58275, 1.80542
0.582386, 1.80557
0.582022, 1.80573
0.581659, 1.80588
0.581297, 1.80603
0.580935, 1.80619
0.580573, 1.80634
0.580212, 1.8065
0.579851, 1.80665
0.57949, 1.8068
0.57913, 1.80696
0.578771, 1.80711
0.578412, 1.80726
0.578053, 1.80742
0.577695, 1.80757
0.577337, 1.80772
0.57698, 1.80788
0.576623, 1.80803
0.576267, 1.80818
0.575911, 1.80833
0.575556, 1.80849
0.5752, 1.80864
0.574846, 1.80879
0.574492, 1.80894
0.574138, 1.80909
0.573785, 1.80925
0.573432, 1.8094
0.573103, 1.80954
0.573079, 1.80955
0.572727, 1.8097
0.572376, 1.80985
0.572025, 1.81
0.571674, 1.81015
0.571324, 1.81031
0.570974, 1.81046
0.570624, 1.81061
0.570275, 1.81076
0.569927, 1.81091
0.569578, 1.81106
0.569231, 1.81121
0.568883, 1.81136
0.568537, 1.81151
0.56819, 1.81166
0.567844, 1.81181
0.567498, 1.81196
0.567153, 1.81211
0.566809, 1.81226
0.566464, 1.81241
0.56612, 1.81256
0.565777, 1.81271
0.565434, 1.81286
0.565091, 1.81301
0.564749, 1.81315
0.564407, 1.8133
0.564065, 1.81345
0.563724, 1.8136
0.563384, 1.81375
0.563043, 1.8139
0.562704, 1.81405
0.562364, 1.8142
0.562025, 1.81434
0.561687, 1.81449
0.561349, 1.81464
0.561011, 1.81479
0.560673, 1.81494
0.560337, 1.81508
0.56, 1.81523
0.559664, 1.81538
0.559328, 1.81553
0.55931, 1.81554
0.558993, 1.81568
0.558658, 1.81582
0.558323, 1.81597
0.557989, 1.81612
0.557656, 1.81626
0.557322, 1.81641
0.556989, 1.81656
0.556657, 1.81671
0.556325, 1.81685
0.555993, 1.817
0.555662, 1.81715
0.555331, 1.81729
0.555, 1.81744
0.55467, 1.81759
0.55434, 1.81773
0.554011, 1.81788
0.553682, 1.81803
0.553353, 1.81817
0.553025, 1.81832
0.552697, 1.81847
0.55237, 1.81861
0.552043, 1.81876
0.551716, 1.8189
0.55139, 1.81905
0.551064, 1.8192
0.550738, 1.81934
0.550413, 1.81949
0.550088, 1.81963
0.549764, 1.81978
0.54944, 1.81993
0.549117, 1.82007
0.548793, 1.82022
0.548471, 1.82036
0.548148, 1.82051
0.547826, 1.82065
0.547504, 1.8208
0.547183, 1.82094
0.546862, 1.82109
0.546542, 1.82123
0.546221, 1.82138
0.545902, 1.82152
0.545582, 1.82167
0.545517, 1.8217
0.545263, 1.82182
0.544944, 1.82196
0.544626, 1.82211
0.544308, 1.82225
0.543991, 1.8224
0.543673, 1.82254
0.543357, 1.82268
0.54304, 1.82283
0.542724, 1.82297
0.542408, 1.82312
0.542093, 1.82326
0.541778, 1.82341
0.541463, 1.82355
0.541149, 1.8237
0.540835, 1.82384
0.540522, 1.82399
0.540209, 1.82413
0.539896, 1.82428
0.539583, 1.82442
0.539271, 1.82457
0.53896, 1.82471
0.538648, 1.82485
0.538337, 1.825
0.538027, 1.82514
0.537716, 1.82529
0.537406, 1.82543
0.537097, 1.82558
0.536788, 1.82572
0.536479, 1.82586
0.53617, 1.82601
0.535862, 1.82615
0.535554, 1.8263
0.535247, 1.82644
0.53494, 1.82659
0.534633, 1.82673
0.534327, 1.82687
0.534021, 1.82702
0.533715, 1.82716
0.53341, 1.82731
0.533105, 1.82745
0.5328, 1.82759
0.532496, 1.82774
0.532192, 1.82788
0.531888, 1.82803
0.531724, 1.8281
0.531585, 1.82817
0.531282, 1.82832
0.530979, 1.82846
0.530677, 1.8286
0.530375, 1.82875
0.530074, 1.82889
0.529773, 1.82904
0.529472, 1.82918
0.529171, 1.82932
0.528871, 1.82947
0.528571, 1.82961
0.528272, 1.82976
0.527973, 1.8299
0.527674, 1.83004
0.527376, 1.83019
0.527077, 1.83033
0.52678, 1.83048
0.526482, 1.83062
0.526185, 1.83077
0.525888, 1.83091
0.525592, 1.83105
0.525296, 1.8312
0.525, 1.83134
0.524705, 1.83149
0.524409, 1.83163
0.524115, 1.83178
0.52382, 1.83192
0.523526, 1.83206
0.523232, 1.83221
0.522939, 1.83235
0.522646, 1.8325
0.522353, 1.83264
0.52206, 1.83279
0.521768, 1.83293
0.521477, 1.83308
0.521185, 1.83322
0.520894, 1.83337
0.520603, 1.83351
0.520313, 1.83366
0.520022, 1.8338
0.519732, 1.83394
0.519443, 1.83409
0.519154, 1.83423
0.518865, 1.83438
0.518576, 1.83452
0.518288, 1.83467
0.518, 1.83481
0.517931, 1.83485
0.517712, 1.83496
0.517425, 1.8351
0.517138, 1.83525
0.516851, 1.8354
0.516565, 1.83554
0.516279, 1.83569
0.515993, 1.83583
0.515708, 1.83598
0.515423, 1.83612
0.515138, 1.83627
0.514854, 1.83641
0.51457, 1.83656
0.514286, 1.8367
0.514002, 1.83685
0.513719, 1.837
0.513436, 1.83714
0.513154, 1.83729
0.512871, 1.83743
0.512589, 1.83758
0.512308, 1.83773
0.512026, 1.83787
0.511745, 1.83802
0.511465, 1.83816
0.511184, 1.83831
0.510904, 1.83846
0.510624, 1.8386
0.510345, 1.83875
0.510066, 1.8389
0.509787, 1.83904
0.509508, 1.83919
0.50923, 1.83934
0.508952, 1.83948
0.508674, 1.83963
0.508397, 1.83978
0.50812, 1.83993
0.507843, 1.84007
0.507567, 1.84022
0.507291, 1.84037
0.507015, 1.84052
0.506739, 1.84066
0.506464, 1.84081
0.506189, 1.84096
0.505914, 1.84111
0.50564, 1.84125
0.505366, 1.8414
0.505092, 1.84155
0.504819, 1.8417
0.504545, 1.84185
0.504273, 1.842
0.504138, 1.84207
0.504, 1.84214
0.503728, 1.84229
0.503456, 1.84244
0.503184, 1.84259
0.502913, 1.84274
0.502642, 1.84289
0.502371, 1.84304
0.5021, 1.84319
0.50183, 1.84334
0.50156, 1.84349
0.50129, 1.84364
0.501021, 1.84379
0.500752, 1.84394
0.500483, 1.84409
0.500215, 1.84424
0.499946, 1.84439
0.499678, 1.84454
0.499411, 1.84469
0.499143, 1.84484
0.498876, 1.84499
0.49861, 1.84514
0.498343, 1.84529
0.498077, 1.84544
0.497811, 1.84559
0.497545, 1.84574
0.49728, 1.84589
0.497015, 1.84605
0.49675, 1.8462
0.496486, 1.84635
0.496221, 1.8465
0.495957, 1.84665
0.495694, 1.84681
0.49543, 1.84696
0.495167, 1.84711
0.494904, 1.84726
0.494642, 1.84742
0.49438, 1.84757
0.494118, 1.84772
0.493856, 1.84787
0.493594, 1.84803
0.493333, 1.84818
0.493072, 1.84834
0.492812, 1.84849
0.492552, 1.84864
0.492291, 1.8488
0.492032, 1.84895
0.491772, 1.84911
0.491513, 1.84926
0.491254, 1.84942
0.490995, 1.84957
0.490737, 1.84973
0.490479, 1.84988
0.490345, 1.84996
0.490221, 1.85004
0.489963, 1.85019
0.489706, 1.85035
0.489449, 1.8505
0.489192, 1.85066
0.488936, 1.85082
0.488679, 1.85097
0.488423, 1.85113
0.488168, 1.85129
0.487912, 1.85144
0.487657, 1.8516
0.487402, 1.85176
0.487147, 1.85192
0.486893, 1.85207
0.486639, 1.85223
0.486385, 1.85239
0.486131, 1.85255
0.485878, 1.85271
0.485625, 1.85286
0.485372, 1.85302
0.48512, 1.85318
0.484867, 1.85334
0.484615, 1.8535
0.484364, 1.85366
0.484112, 1.85382
0.483861, 1.85398
0.48361, 1.85414
0.483359, 1.8543
0.483109, 1.85446
0.482859, 1.85462
0.482609, 1.85479
0.482359, 1.85495
0.48211, 1.85511
0.48186, 1.85527
0.481612, 1.85543
0.481363, 1.85559
0.481115, 1.85576
0.480866, 1.85592
0.480619, 1.85608
0.480371, 1.85625
0.480124, 1.85641
0.479876, 1.85657
0.47963, 1.85674
0.479383, 1.8569
0.479137, 1.85707
0.478891, 1.85723
0.478645, 1.85739
0.478399, 1.85756
0.478154, 1.85773
0.477909, 1.85789
0.477664, 1.85806
0.477419, 1.85822
0.477175, 1.85839
0.476931, 1.85856
0.476687, 1.85872
0.476552, 1.85882
0.476444, 1.85889
0.4762, 1.85906
0.475957, 1.85923
0.475714, 1.85939
0.475472, 1.85956
0.475229, 1.85973
0.474987, 1.8599
0.474745, 1.86007
0.474504, 1.86024
0.474262, 1.86041
0.474021, 1.86058
0.47378, 1.86075
0.47354, 1.86092
0.473299, 1.86109
0.473059, 1.86126
0.472819, 1.86143
0.47258, 1.8616
0.47234, 1.86177
0.472101, 1.86195
0.471862, 1.86212
0.471624, 1.86229
0.471385, 1.86246
0.471147, 1.86264
0.470909, 1.86281
0.470671, 1.86299
0.470434, 1.86316
0.470197, 1.86333
0.46996, 1.86351
0.469723, 1.86368
0.469486, 1.86386
0.46925, 1.86404
0.469014, 1.86421
0.468778, 1.86439
0.468543, 1.86457
0.468307, 1.86474
0.468072, 1.86492
0.467837, 1.8651
0.467603, 1.86528
0.467368, 1.86546
0.467134, 1.86563
0.4669, 1.86581
0.466667, 1.86599
0.466433, 1.86617
0.4662, 1.86635
0.465967, 1.86653
0.465734, 1.86672
0.465502, 1.8669
0.465269, 1.86708
0.465037, 1.86726
0.464806, 1.86744
0.464574, 1.86763
0.464343, 1.86781
0.464111, 1.86799
0.463881, 1.86818
0.46365, 1.86836
0.463419, 1.86855
0.463189, 1.86873
0.462959, 1.86892
0.462759, 1.86908
0.46273, 1.8691
0.4625, 1.86929
0.462271, 1.86948
0.462042, 1.86966
0.461813, 1.86985
0.461584, 1.87004
0.461356, 1.87023
0.461128, 1.87042
0.4609, 1.8706
0.460672, 1.87079
0.460444, 1.87098
0.460217, 1.87117
0.45999, 1.87137
0.459763, 1.87156
0.459537, 1.87175
0.45931, 1.87194
0.459084, 1.87213
0.458858, 1.87233
0.458633, 1.87252
0.458407, 1.87271
0.458182, 1.87291
0.457957, 1.8731
0.457732, 1.8733
0.457507, 1.87349
0.457283, 1.87369
0.457059, 1.87389
0.456835, 1.87408
0.456611, 1.87428
0.456388, 1.87448
0.456164, 1.87468
0.455941, 1.87488
0.455718, 1.87508
0.455496, 1.87528
0.455273, 1.87548
0.455051, 1.87568
0.454829, 1.87588
0.454608, 1.87608
0.454386, 1.87629
0.454165, 1.87649
0.453944, 1.87669
0.453723, 1.8769
0.453502, 1.8771
0.453281, 1.87731
0.453061, 1.87751
0.452841, 1.87772
0.452621, 1.87792
0.452402, 1.87813
0.452182, 1.87834
0.451963, 1.87855
0.451744, 1.87876
0.451525, 1.87896
0.451307, 1.87917
0.451089, 1.87939
0.45087, 1.8796
0.450652, 1.87981
0.450435, 1.88002
0.450217, 1.88023
0.45, 1.88045
0.449783, 1.88066
0.449566, 1.88087
0.449349, 1.88109
0.449133, 1.88131
0.448966, 1.88147
0.448917, 1.88152
0.448701, 1.88174
0.448485, 1.88196
0.448269, 1.88217
0.448054, 1.88239
0.447839, 1.88261
0.447624, 1.88283
0.447409, 1.88305
0.447194, 1.88327
0.44698, 1.88349
0.446766, 1.88372
0.446552, 1.88394
0.446338, 1.88416
0.446124, 1.88439
0.445911, 1.88461
0.445698, 1.88484
0.445485, 1.88506
0.445272, 1.88529
0.44506, 1.88552
0.444847, 1.88575
0.444635, 1.88598
0.444423, 1.88621
0.444212, 1.88644
0.444, 1.88667
0.443789, 1.8869
0.443578, 1.88713
0.443367, 1.88736
0.443156, 1.8876
0.442945, 1.88783
0.442735, 1.88807
0.442525, 1.8883
0.442315, 1.88854
0.442105, 1.88878
0.441896, 1.88902
0.441686, 1.88925
0.441477, 1.88949
0.441268, 1.88973
0.44106, 1.88998
0.440851, 1.89022
0.440643, 1.89046
0.440435, 1.8907
0.440227, 1.89095
0.440019, 1.89119
0.439811, 1.89144
0.439604, 1.89169
0.439397, 1.89193
0.43919, 1.89218
0.438983, 1.89243
0.438776, 1.89268
0.43857, 1.89293
0.438364, 1.89318
0.438158, 1.89343
0.437952, 1.89369
0.437746, 1.89394
0.437541, 1.89419
0.437336, 1.89445
0.437131, 1.89471
0.436926, 1.89496
0.436721, 1.89522
0.436517, 1.89548
0.436313, 1.89574
0.436109, 1.896
0.435905, 1.89626
0.435701, 1.89653
0.435497, 1.89679
0.435294, 1.89705
0.435172, 1.89721
0.435091, 1.89732
0.434888, 1.89758
0.434685, 1.89785
0.434483, 1.89812
0.43428, 1.89839
0.434078, 1.89866
0.433876, 1.89893
0.433674, 1.8992
0.433473, 1.89947
0.433271, 1.89975
0.43307, 1.90002
0.432869, 1.9003
0.432668, 1.90057
0.432468, 1.90085
0.432267, 1.90113
0.432067, 1.90141
0.431867, 1.90169
0.431667, 1.90197
0.431467, 1.90225
0.431267, 1.90254
0.431068, 1.90282
0.430869, 1.90311
0.43067, 1.9034
0.430471, 1.90368
0.430272, 1.90397
0.430074, 1.90426
0.429876, 1.90455
0.429677, 1.90484
0.42948, 1.90514
0.429282, 1.90543
0.429084, 1.90573
0.428887, 1.90602
0.42869, 1.90632
0.428493, 1.90662
0.428296, 1.90692
0.428099, 1.90722
0.427903, 1.90752
0.427706, 1.90783
0.42751, 1.90813
0.427314, 1.90844
0.427119, 1.90874
0.426923, 1.90905
0.426728, 1.90936
0.426532, 1.90967
0.426337, 1.90998
0.426143, 1.91029
0.425948, 1.91061
0.425753, 1.91092
0.425559, 1.91124
0.425365, 1.91156
0.425171, 1.91187
0.424977, 1.91219
0.424784, 1.91251
0.42459, 1.91284
0.424397, 1.91316
0.424204, 1.91349
0.424011, 1.91381
0.423818, 1.91414
0.423626, 1.91447
0.423433, 1.9148
0.423241, 1.91513
0.423049, 1.91546
0.422857, 1.9158
0.422665, 1.91613
0.422474, 1.91647
0.422283, 1.91681
0.422091, 1.91715
0.4219, 1.91749
0.42171, 1.91783
0.421519, 1.91817
0.421379, 1.91843
0.421329, 1.91852
0.421138, 1.91886
0.420948, 1.91921
0.420758, 1.91956
0.420568, 1.91991
0.420379, 1.92026
0.420189, 1.92062
0.42, 1.92097
0.419811, 1.92133
0.419622, 1.92168
0.419433, 1.92204
0.419245, 1.9224
0.419056, 1.92276
0.418868, 1.92313
0.41868, 1.92349
0.418492, 1.92386
0.418304, 1.92423
0.418117, 1.9246
0.417929, 1.92497
0.417742, 1.92534
0.417555, 1.92571
0.417368, 1.92609
0.417181, 1.92647
0.416995, 1.92684
0.416808, 1.92722
0.416622, 1.92761
0.416436, 1.92799
0.41625, 1.92837
0.416064, 1.92876
0.415879, 1.92915
0.415693, 1.92954
0.415508, 1.92993
0.415323, 1.93032
0.415138, 1.93072
0.414953, 1.93111
0.414769, 1.93151
0.414584, 1.93191
0.4144, 1.93231
0.414216, 1.93271
0.414032, 1.93311
0.413848, 1.93352
0.413665, 1.93393
0.413481, 1.93434
0.413298, 1.93475
0.413115, 1.93516
0.412932, 1.93557
0.412749, 1.93599
0.412566, 1.9364
0.412384, 1.93682
0.412202, 1.93724
0.412019, 1.93766
0.411837, 1.93809
0.411656, 1.93851
0.411474, 1.93894
0.411292, 1.93937
0.411111, 1.9398
0.41093, 1.94023
0.410749, 1.94066
0.410568, 1.9411
0.410387, 1.94154
0.410207, 1.94198
0.410026, 1.94242
0.409846, 1.94286
0.409666, 1.9433
0.409486, 1.94375
0.409306, 1.94419
0.409127, 1.94464
0.408947, 1.94509
0.408768, 1.94554
0.408589, 1.946
0.40841, 1.94645
0.408231, 1.94691
0.408053, 1.94737
0.407874, 1.94783
0.407696, 1.94829
0.407586, 1.94857
0.407517, 1.94875
0.407339, 1.94922
0.407162, 1.94968
0.406984, 1.95015
0.406806, 1.95062
0.406629, 1.95109
0.406452, 1.95156
0.406275, 1.95204
0.406098, 1.95251
0.405921, 1.95299
0.405744, 1.95347
0.405568, 1.95395
0.405391, 1.95443
0.405215, 1.95491
0.405039, 1.9554
0.404863, 1.95588
0.404688, 1.95637
0.404512, 1.95686
0.404337, 1.95735
0.404161, 1.95784
0.403986, 1.95833
0.403811, 1.95882
0.403636, 1.95932
0.403462, 1.95981
0.403287, 1.96031
0.403113, 1.96081
0.402939, 1.96131
0.402765, 1.96181
0.402591, 1.96231
0.402417, 1.96281
0.402243, 1.96331
0.40207, 1.96382
0.401897, 1.96432
0.401723, 1.96483
0.40155, 1.96533
0.401378, 1.96584
0.401205, 1.96635
0.401032, 1.96685
0.40086, 1.96736
0.400688, 1.96787
0.400515, 1.96838
0.400343, 1.96889
0.400172, 1.9694
0.4, 1.96991
