0.000000000000000000e+00
0.000000000000000000e+00
1.282007307248378414e-01
1.000000000000000000e+00
1.000000000000000000e+00
4.938386412794709135e-01
0.000000000000000000e+00
8.461177842397296645e-02
1.000000000000000000e+00
1.000000000000000000e+00
1.000000000000000000e+00
1.000000000000000000e+00
1.000000000000000000e+00
9.999530596348621403e-01
8.360182562313436261e-01
4.248134811058353333e-01
1.234786149619117590e-01
2.631720270728415967e-01
5.600654658633407168e-01
7.319914966202618611e-01
3.711441760172948801e-01
8.153858529919949527e-02
0.000000000000000000e+00
8.216437662764962152e-05
2.634370254505817854e-01
1.000000000000000000e+00
9.994005048236229705e-01
9.889139168547430581e-01
8.963324074590320878e-01
7.752519340977419571e-01
7.911036542248058856e-01
8.081849740337894161e-01
9.365905789025906758e-01
9.619223672722602148e-01
9.921561728706850269e-01
9.880520636175368354e-01
9.934418002288445404e-01
9.122871298465780043e-01
5.515269667209562465e-01
6.535939477591389268e-01
7.115524097512015977e-01
4.134297926358990738e-01
3.193748126798482412e-01
2.958034015888475476e-01
1.784191604406158149e-01
4.404988677163555050e-02
0.000000000000000000e+00
0.000000000000000000e+00
0.000000000000000000e+00
6.361164592891459246e-02
9.366288257052651778e-02
2.633691572084061183e-02
9.067755364547352981e-02
1.555541094849584305e-01
8.634674298379272361e-01
9.775061178407024043e-01
9.519670397017743202e-01
8.637743892793816602e-01
6.396928626899751613e-01
5.482158801377896573e-01
3.637623186151257570e-01
5.482158801377896573e-01
6.396928626899751613e-01
8.637743892793816602e-01
9.519670397017743202e-01
9.775061178407024043e-01
8.634674298379272361e-01
1.555541094849584305e-01
9.067755364547352981e-02
2.633691572084061183e-02
9.366288257052651778e-02
6.361164592891459246e-02
0.000000000000000000e+00
0.000000000000000000e+00
0.000000000000000000e+00
4.404988677163555050e-02
1.784191604406158149e-01
2.958034015888475476e-01
3.193748126798482412e-01
4.134297926358990738e-01
7.115524097512015977e-01
6.535939477591389268e-01
5.515269667209562465e-01
9.122871298465780043e-01
9.934418002288445404e-01
9.880520636175368354e-01
9.921561728706850269e-01
9.619223672722602148e-01
9.365905789025906758e-01
8.081849740337894161e-01
7.911036542248058856e-01
7.752519340977419571e-01
8.963324074590320878e-01
9.889139168547430581e-01
9.994005048236229705e-01
1.000000000000000000e+00
2.634370254505817854e-01
8.216437662764962152e-05
0.000000000000000000e+00
8.153858529919949527e-02
3.711441760172948801e-01
7.319914966202618611e-01
5.600654658633407168e-01
2.631720270728415967e-01
1.234786149619117590e-01
4.248134811058353333e-01
8.360182562313436261e-01
9.999530596348621403e-01
1.000000000000000000e+00
1.000000000000000000e+00
1.000000000000000000e+00
1.000000000000000000e+00
1.000000000000000000e+00
8.461177842397296645e-02
0.000000000000000000e+00
4.938386412794709135e-01
1.000000000000000000e+00
1.000000000000000000e+00
1.282007307248378414e-01
0.000000000000000000e+00
0.000000000000000000e+00
