0.000000000000000000e+00
0.000000000000000000e+00
1.303409589041554240e-01
1.000000000000000000e+00
1.000000000000000000e+00
5.117453427775758845e-01
0.000000000000000000e+00
7.367897272625775762e-02
1.000000000000000000e+00
1.000000000000000000e+00
1.000000000000000000e+00
1.000000000000000000e+00
1.000000000000000000e+00
1.000000000000000000e+00
8.321049284410352298e-01
4.088318095925828621e-01
1.089127874449081906e-01
2.583267388066424197e-01
5.871618999206011935e-01
7.556983361376971020e-01
3.814021373263322690e-01
7.395412473013428245e-02
0.000000000000000000e+00
4.833869483336949210e-04
2.609756221640381346e-01
9.999989092936417689e-01
9.993913251215837956e-01
9.824231337427854482e-01
8.774047323623765937e-01
7.392219360663240257e-01
7.647882555584148978e-01
7.942450631977374664e-01
9.365913826806228082e-01
9.646430935513312654e-01
9.928159584362127310e-01
9.903708947284033393e-01
9.970020507922954245e-01
9.319881891540002794e-01
5.624041129360635161e-01
6.787577413614941380e-01
7.380554111528154770e-01
4.366821786260312033e-01
3.491523230028333868e-01
3.348683521358073456e-01
1.950798668743116138e-01
4.110770655191330752e-02
0.000000000000000000e+00
0.000000000000000000e+00
5.290682950903604795e-06
5.694519237551028124e-02
8.945269561372813649e-02
2.369196752608937820e-02
8.536892838403555006e-02
1.512756667004807876e-01
8.821949969906918154e-01
9.813975119994424734e-01
9.588614712020048225e-01
8.764117911274182937e-01
6.460942887803224899e-01
5.477235699468924190e-01
3.550325666920682854e-01
5.477235699468924190e-01
6.460942887803224899e-01
8.764117911274182937e-01
9.588614712020048225e-01
9.813975119994424734e-01
8.821949969906918154e-01
1.512756667004807876e-01
8.536892838403555006e-02
2.369196752608937820e-02
8.945269561372813649e-02
5.694519237551028124e-02
5.290682950903604795e-06
0.000000000000000000e+00
0.000000000000000000e+00
4.110770655191330752e-02
1.950798668743116138e-01
3.348683521358073456e-01
3.491523230028333868e-01
4.366821786260312033e-01
7.380554111528154770e-01
6.787577413614941380e-01
5.624041129360635161e-01
9.319881891540002794e-01
9.970020507922954245e-01
9.903708947284033393e-01
9.928159584362127310e-01
9.646430935513312654e-01
9.365913826806228082e-01
7.942450631977374664e-01
7.647882555584148978e-01
7.392219360663240257e-01
8.774047323623765937e-01
9.824231337427854482e-01
9.993913251215837956e-01
9.999989092936417689e-01
2.609756221640381346e-01
4.833869483336949210e-04
0.000000000000000000e+00
7.395412473013428245e-02
3.814021373263322690e-01
7.556983361376971020e-01
5.871618999206011935e-01
2.583267388066424197e-01
1.089127874449081906e-01
4.088318095925828621e-01
8.321049284410352298e-01
1.000000000000000000e+00
1.000000000000000000e+00
1.000000000000000000e+00
1.000000000000000000e+00
1.000000000000000000e+00
1.000000000000000000e+00
7.367897272625775762e-02
0.000000000000000000e+00
5.117453427775758845e-01
1.000000000000000000e+00
1.000000000000000000e+00
1.303409589041554240e-01
0.000000000000000000e+00
0.000000000000000000e+00
