9.121985526360184560e-01
7.082655418050685103e-01
1.264752773155039256e-01
6.127738737523612533e-01
9.484656409507636887e-01
9.636451953512106261e-01
9.737861203194893012e-01
9.585340658750187703e-01
9.464721433122225136e-01
9.636247295540283364e-01
7.557822388050196016e-01
6.246792178767132109e-01
8.884160238889425576e-02
1.265618935524571650e-02
2.811745893392822437e-02
5.492727625239152839e-02
1.810782164362206292e-01
3.907789278215058615e-01
8.746401751933217117e-01
9.545272779661958529e-01
9.677720250906820532e-01
9.225147490983933718e-01
9.210548170118133537e-01
4.849458240226580674e-01
4.267997759532909385e-01
1.263194995901767703e-01
1.572988146969322154e-01
7.074724176958153699e-01
5.895459436582064505e-01
8.166055571093575050e-02
5.699706796392171038e-01
8.212505226609413400e-01
9.602170142568283717e-01
9.750914649200952411e-01
6.610999747167909391e-01
4.017920618795013943e-01
5.711669176046735991e-02
1.707851576845588748e-01
6.226046910504023923e-01
7.472018570594605169e-01
8.717579767559252568e-01
9.155369014283670781e-01
7.940579103326204091e-01
6.967376106707472427e-01
2.611614377383275620e-01
3.822337318044528587e-01
8.798095101568279564e-01
6.296637068289331340e-01
8.901308866413220056e-01
5.625908908293719701e-01
1.458557894261738319e-01
2.230545246946490923e-01
1.147498836304493147e-01
7.073749852906945357e-01
9.790051308920674211e-01
9.831392541570815879e-01
9.963701166890452932e-01
9.697545017147446433e-01
8.998959102609798144e-01
7.250068240983716938e-01
6.052175831090276237e-01
7.250068240983716938e-01
8.998959102609798144e-01
9.697545017147446433e-01
9.963701166890452932e-01
9.831392541570815879e-01
9.790051308920674211e-01
7.073749852906945357e-01
1.147498836304493147e-01
2.230545246946490923e-01
1.458557894261738319e-01
5.625908908293719701e-01
8.901308866413220056e-01
6.296637068289331340e-01
8.798095101568279564e-01
3.822337318044528587e-01
2.611614377383275620e-01
6.967376106707472427e-01
7.940579103326204091e-01
9.155369014283670781e-01
8.717579767559252568e-01
7.472018570594605169e-01
6.226046910504023923e-01
1.707851576845588748e-01
5.711669176046735991e-02
4.017920618795013943e-01
6.610999747167909391e-01
9.750914649200952411e-01
9.602170142568283717e-01
8.212505226609413400e-01
5.699706796392171038e-01
8.166055571093575050e-02
5.895459436582064505e-01
7.074724176958153699e-01
1.572988146969322154e-01
1.263194995901767703e-01
4.267997759532909385e-01
4.849458240226580674e-01
9.210548170118133537e-01
9.225147490983933718e-01
9.677720250906820532e-01
9.545272779661958529e-01
8.746401751933217117e-01
3.907789278215058615e-01
1.810782164362206292e-01
5.492727625239152839e-02
2.811745893392822437e-02
1.265618935524571650e-02
8.884160238889425576e-02
6.246792178767132109e-01
7.557822388050196016e-01
9.636247295540283364e-01
9.464721433122225136e-01
9.585340658750187703e-01
9.737861203194893012e-01
9.636451953512106261e-01
9.484656409507636887e-01
6.127738737523612533e-01
1.264752773155039256e-01
7.082655418050685103e-01
9.121985526360184560e-01
