9.955511932301270850e-01
9.969303422539577131e-01
9.933109526339979345e-01
9.965093354808879367e-01
9.709085613839999462e-01
9.233379625504447574e-01
1.948623970367623082e-01
7.307169462456906961e-02
4.097148514855780133e-01
9.018128583657886166e-01
7.510262224437044276e-01
9.605442132136604583e-01
3.186796010247215372e-01
5.785810447574112753e-02
4.435070988517789137e-01
8.298628515702132225e-01
8.018227210434741847e-01
4.786086968818294152e-02
9.778901439088013778e-03
5.163792637459189983e-03
1.680639212502479246e-02
4.648744596325203593e-02
1.878746684716611770e-01
1.657937625085345312e-01
8.580428279805424330e-01
7.296645045703745724e-01
7.499023503283852587e-01
8.744960309069352844e-01
6.781363913307147939e-02
5.102131879016868175e-03
2.732143454225062495e-02
3.069335456009984059e-02
9.293165970070934589e-01
9.972294406552499879e-01
6.961605082511139742e-01
6.602929386888312102e-02
6.090258436965207377e-03
7.348261449490967913e-03
2.778456742364995846e-02
1.562695503629444871e-01
8.843363416957612522e-01
9.684414962344459754e-01
9.313828972913770210e-01
8.020142056924108864e-01
1.271489297567541532e-01
6.167705138454196989e-01
9.877568652484775003e-01
9.490220370278358297e-01
9.947234680369999582e-01
9.799493036221810227e-01
9.573276265612357117e-01
9.487490242719027744e-01
2.290894684282107630e-01
5.410705170742973608e-03
7.273178701323980595e-03
1.996213569365309914e-01
9.841774961669420563e-01
9.290095803112622397e-01
8.926381873690735214e-01
5.594287085746084687e-01
1.791776697496148818e-01
5.594287085746084687e-01
8.926381873690735214e-01
9.290095803112622397e-01
9.841774961669420563e-01
1.996213569365309914e-01
7.273178701323980595e-03
5.410705170742973608e-03
2.290894684282107630e-01
9.487490242719027744e-01
9.573276265612357117e-01
9.799493036221810227e-01
9.947234680369999582e-01
9.490220370278358297e-01
9.877568652484775003e-01
6.167705138454196989e-01
1.271489297567541532e-01
8.020142056924108864e-01
9.313828972913770210e-01
9.684414962344459754e-01
8.843363416957612522e-01
1.562695503629444871e-01
2.778456742364995846e-02
7.348261449490967913e-03
6.090258436965207377e-03
6.602929386888312102e-02
6.961605082511139742e-01
9.972294406552499879e-01
9.293165970070934589e-01
3.069335456009984059e-02
2.732143454225062495e-02
5.102131879016868175e-03
6.781363913307147939e-02
8.744960309069352844e-01
7.499023503283852587e-01
7.296645045703745724e-01
8.580428279805424330e-01
1.657937625085345312e-01
1.878746684716611770e-01
4.648744596325203593e-02
1.680639212502479246e-02
5.163792637459189983e-03
9.778901439088013778e-03
4.786086968818294152e-02
8.018227210434741847e-01
8.298628515702132225e-01
4.435070988517789137e-01
5.785810447574112753e-02
3.186796010247215372e-01
9.605442132136604583e-01
7.510262224437044276e-01
9.018128583657886166e-01
4.097148514855780133e-01
7.307169462456906961e-02
1.948623970367623082e-01
9.233379625504447574e-01
9.709085613839999462e-01
9.965093354808879367e-01
9.933109526339979345e-01
9.969303422539577131e-01
9.955511932301270850e-01
