lambda, Y
7e-07, 1.07449
6.98249e-07, 1.07513
6.96506e-07, 1.07566
6.94772e-07, 1.07626
6.93046e-07, 1.07711
6.91329e-07, 1.07825
6.89621e-07, 1.07958
6.87921e-07, 1.08091
6.8623e-07, 1.0821
6.84546e-07, 1.08311
6.82871e-07, 1.08407
6.81204e-07, 1.08516
6.79545e-07, 1.08653
6.77895e-07, 1.08817
6.76252e-07, 1.08999
6.74617e-07, 1.09181
6.7299e-07, 1.09353
6.71371e-07, 1.09517
6.6976e-07, 1.09686
6.68156e-07, 1.09876
6.66561e-07, 1.10099
6.64972e-07, 1.10352
6.63391e-07, 1.10624
6.61818e-07, 1.10901
6.60252e-07, 1.11175
6.58694e-07, 1.1145
6.57143e-07, 1.11738
6.55599e-07, 1.12053
6.54063e-07, 1.12402
6.52533e-07, 1.1278
6.51011e-07, 1.13174
6.49496e-07, 1.13573
6.47988e-07, 1.1397
6.46486e-07, 1.1437
6.44992e-07, 1.14783
6.43505e-07, 1.15222
6.42025e-07, 1.1569
6.40551e-07, 1.16182
6.39084e-07, 1.16684
6.37624e-07, 1.17188
6.3617e-07, 1.17689
6.34723e-07, 1.18193
6.33283e-07, 1.18712
6.31849e-07, 1.19254
6.30422e-07, 1.19822
6.29001e-07, 1.2041
6.27586e-07, 1.21005
6.26178e-07, 1.21601
6.24776e-07, 1.22195
6.2338e-07, 1.22795
6.21991e-07, 1.23412
6.20608e-07, 1.24051
6.19231e-07, 1.24715
6.1786e-07, 1.25395
6.16495e-07, 1.26082
6.15136e-07, 1.26769
6.13783e-07, 1.27457
6.12436e-07, 1.28153
6.11095e-07, 1.28867
6.0976e-07, 1.29603
6.0843e-07, 1.3036
6.07107e-07, 1.31132
6.05789e-07, 1.31909
6.04477e-07, 1.32686
6.0317e-07, 1.33465
6.01869e-07, 1.34252
6.00574e-07, 1.35057
5.99284e-07, 1.35882
5.98e-07, 1.36725
5.96721e-07, 1.37578
5.95448e-07, 1.38433
5.9418e-07, 1.39287
5.92918e-07, 1.40142
5.91661e-07, 1.41003
5.90409e-07, 1.41879
5.89163e-07, 1.42772
5.87921e-07, 1.43676
5.86685e-07, 1.44585
5.85455e-07, 1.45492
5.84229e-07, 1.46393
5.83008e-07, 1.47292
5.81793e-07, 1.48193
5.80583e-07, 1.49104
5.79377e-07, 1.50025
5.78177e-07, 1.5095
5.76981e-07, 1.51872
5.75791e-07, 1.52785
5.74605e-07, 1.53687
5.73425e-07, 1.5458
5.72249e-07, 1.55471
5.71078e-07, 1.56364
5.69912e-07, 1.57258
5.6875e-07, 1.58148
5.67593e-07, 1.59027
5.66441e-07, 1.59888
5.65294e-07, 1.60732
5.64151e-07, 1.61561
5.63013e-07, 1.62382
5.61879e-07, 1.63196
5.6075e-07, 1.64003
5.59626e-07, 1.64798
5.58506e-07, 1.65573
5.5739e-07, 1.66325
5.56279e-07, 1.67053
5.55172e-07, 1.67761
5.5407e-07, 1.68454
5.52972e-07, 1.69136
5.51879e-07, 1.69803
5.50789e-07, 1.70452
5.49705e-07, 1.71076
5.48624e-07, 1.71673
5.47547e-07, 1.72242
5.46475e-07, 1.7279
5.45407e-07, 1.73319
5.44343e-07, 1.73834
5.43284e-07, 1.74331
5.42228e-07, 1.74807
5.41176e-07, 1.75256
5.40129e-07, 1.75677
5.39086e-07, 1.76071
5.38046e-07, 1.76443
5.37011e-07, 1.76799
5.3598e-07, 1.7714
5.34952e-07, 1.77463
5.33929e-07, 1.77766
5.32909e-07, 1.78044
5.31893e-07, 1.78297
5.30881e-07, 1.78525
5.29873e-07, 1.78736
5.28869e-07, 1.78934
5.27869e-07, 1.79119
5.26872e-07, 1.79291
5.25879e-07, 1.79444
5.2489e-07, 1.79577
5.23905e-07, 1.79689
5.22923e-07, 1.79783
5.21945e-07, 1.79864
5.20971e-07, 1.79936
5.2e-07, 1.8
5.19033e-07, 1.80055
5.18069e-07, 1.80097
5.17109e-07, 1.80123
5.16153e-07, 1.80133
5.152e-07, 1.80131
5.14251e-07, 1.80121
5.13305e-07, 1.80108
5.12362e-07, 1.80092
5.11423e-07, 1.8007
5.10488e-07, 1.8004
5.09556e-07, 1.79998
5.08627e-07, 1.79946
5.07702e-07, 1.79888
5.0678e-07, 1.79827
5.05861e-07, 1.79766
5.04946e-07, 1.79707
5.04034e-07, 1.79646
5.03125e-07, 1.7958
5.0222e-07, 1.79507
5.01317e-07, 1.79428
5.00418e-07, 1.79346
4.99523e-07, 1.79267
4.9863e-07, 1.79191
4.97741e-07, 1.7912
4.96855e-07, 1.7905
4.95972e-07, 1.78978
4.95092e-07, 1.78903
4.94215e-07, 1.78825
4.93341e-07, 1.78748
4.92471e-07, 1.78676
4.91603e-07, 1.78612
4.90739e-07, 1.78553
4.89877e-07, 1.78499
4.89019e-07, 1.78444
4.88163e-07, 1.78389
4.87311e-07, 1.78334
4.86461e-07, 1.78283
4.85615e-07, 1.7824
4.84771e-07, 1.78205
4.83931e-07, 1.78179
4.83093e-07, 1.78159
4.82258e-07, 1.7814
4.81426e-07, 1.78123
4.80597e-07, 1.78108
4.79771e-07, 1.781
4.78947e-07, 1.78101
4.78127e-07, 1.78114
4.77309e-07, 1.78136
4.76494e-07, 1.78164
4.75682e-07, 1.78197
4.74872e-07, 1.78232
4.74066e-07, 1.78273
4.73262e-07, 1.78321
4.7246e-07, 1.78382
4.71662e-07, 1.78454
4.70866e-07, 1.78538
4.70073e-07, 1.78629
4.69283e-07, 1.78725
4.68495e-07, 1.78827
4.67709e-07, 1.78935
4.66927e-07, 1.79053
4.66147e-07, 1.79185
4.6537e-07, 1.7933
4.64595e-07, 1.79488
4.63823e-07, 1.79654
4.63053e-07, 1.79827
4.62286e-07, 1.80007
4.61521e-07, 1.80195
4.60759e-07, 1.80395
4.6e-07, 1.80609
4.59243e-07, 1.80839
4.58488e-07, 1.81082
4.57736e-07, 1.81335
4.56987e-07, 1.81597
4.5624e-07, 1.81866
4.55495e-07, 1.82145
4.54753e-07, 1.82439
4.54013e-07, 1.82748
4.53276e-07, 1.83074
4.52541e-07, 1.83413
4.51808e-07, 1.83764
4.51078e-07, 1.84125
4.5035e-07, 1.84495
4.49624e-07, 1.84876
4.48901e-07, 1.85273
4.4818e-07, 1.85688
4.47461e-07, 1.86119
4.46745e-07, 1.86566
4.46031e-07, 1.87025
4.45319e-07, 1.87495
4.4461e-07, 1.87975
4.43902e-07, 1.88468
4.43197e-07, 1.88978
4.42495e-07, 1.89506
4.41794e-07, 1.90052
4.41096e-07, 1.90614
4.404e-07, 1.91189
4.39706e-07, 1.91774
4.39014e-07, 1.92371
4.38325e-07, 1.92982
4.37637e-07, 1.9361
4.36952e-07, 1.94257
4.36269e-07, 1.94921
4.35588e-07, 1.95602
4.34909e-07, 1.96294
4.34232e-07, 1.96998
4.33558e-07, 1.97712
4.32885e-07, 1.9844
4.32215e-07, 1.99185
4.31546e-07, 1.99947
4.3088e-07, 2.00726
4.30216e-07, 2.01519
4.29554e-07, 2.02323
4.28893e-07, 2.03135
4.28235e-07, 2.03957
4.27579e-07, 2.04789
4.26925e-07, 2.05636
4.26273e-07, 2.06497
4.25623e-07, 2.07372
4.24975e-07, 2.08256
4.24328e-07, 2.09147
4.23684e-07, 2.10042
4.23042e-07, 2.10941
4.22402e-07, 2.11846
4.21763e-07, 2.1276
4.21127e-07, 2.13683
4.20492e-07, 2.14613
4.1986e-07, 2.15545
4.19229e-07, 2.16476
4.186e-07, 2.17404
4.17973e-07, 2.18329
4.17348e-07, 2.19252
4.16725e-07, 2.20174
4.16103e-07, 2.21097
4.15484e-07, 2.22018
4.14866e-07, 2.22931
4.1425e-07, 2.23834
4.13636e-07, 2.24724
4.13024e-07, 2.25601
4.12414e-07, 2.26466
4.11805e-07, 2.27321
4.11198e-07, 2.28167
4.10593e-07, 2.29001
4.0999e-07, 2.29819
4.09389e-07, 2.30616
4.08789e-07, 2.31391
4.08191e-07, 2.32145
4.07595e-07, 2.3288
4.07e-07, 2.33598
4.06408e-07, 2.343
4.05817e-07, 2.34983
4.05227e-07, 2.35645
4.0464e-07, 2.36283
4.04054e-07, 2.36895
4.0347e-07, 2.37483
4.02887e-07, 2.3805
4.02307e-07, 2.38601
4.01727e-07, 2.39137
4.0115e-07, 2.39656
4.00574e-07, 2.40156
4e-07, 2.40637

