
7e-07, 0.633103
6.98249e-07, 0.632586
6.96506e-07, 0.63207
6.94772e-07, 0.631554
6.93046e-07, 0.63104
6.91329e-07, 0.630526
6.89621e-07, 0.630014
6.87921e-07, 0.629502
6.8623e-07, 0.628991
6.84546e-07, 0.628482
6.82871e-07, 0.627973
6.81204e-07, 0.627465
6.79545e-07, 0.626957
6.77895e-07, 0.626451
6.76252e-07, 0.625946
6.74617e-07, 0.625441
6.7299e-07, 0.624938
6.71371e-07, 0.624435
6.6976e-07, 0.623934
6.68156e-07, 0.623433
6.66561e-07, 0.622933
6.64972e-07, 0.622435
6.63391e-07, 0.621937
6.61818e-07, 0.62144
6.60252e-07, 0.620943
6.58694e-07, 0.620448
6.57143e-07, 0.619954
6.55599e-07, 0.61946
6.54063e-07, 0.618967
6.52533e-07, 0.618475
6.51011e-07, 0.617984
6.49496e-07, 0.617493
6.47988e-07, 0.617003
6.46486e-07, 0.616514
6.44992e-07, 0.616026
6.43505e-07, 0.615538
6.42025e-07, 0.615051
6.40551e-07, 0.614564
6.39084e-07, 0.614078
6.37624e-07, 0.613593
6.3617e-07, 0.613108
6.34723e-07, 0.612624
6.33283e-07, 0.61214
6.31849e-07, 0.611657
6.30422e-07, 0.611175
6.29001e-07, 0.610693
6.27586e-07, 0.610212
6.26178e-07, 0.609731
6.24776e-07, 0.60925
6.2338e-07, 0.60877
6.21991e-07, 0.60829
6.20608e-07, 0.607811
6.19231e-07, 0.607332
6.1786e-07, 0.606854
6.16495e-07, 0.606375
6.15136e-07, 0.605897
6.13783e-07, 0.60542
6.12436e-07, 0.604943
6.11095e-07, 0.604466
6.0976e-07, 0.603989
6.0843e-07, 0.603513
6.07107e-07, 0.603037
6.05789e-07, 0.602561
6.04477e-07, 0.602086
6.0317e-07, 0.60161
6.01869e-07, 0.601136
6.00574e-07, 0.600661
5.99284e-07, 0.600187
5.98e-07, 0.599713
5.96721e-07, 0.599239
5.95448e-07, 0.598765
5.9418e-07, 0.598292
5.92918e-07, 0.597819
5.91661e-07, 0.597346
5.90409e-07, 0.596874
5.89163e-07, 0.596401
5.87921e-07, 0.595929
5.86685e-07, 0.595458
5.85455e-07, 0.594986
5.84229e-07, 0.594515
5.83008e-07, 0.594044
5.81793e-07, 0.593573
5.80583e-07, 0.593103
5.79377e-07, 0.592633
5.78177e-07, 0.592163
5.76981e-07, 0.591694
5.75791e-07, 0.591225
5.74605e-07, 0.590756
5.73425e-07, 0.590288
5.72249e-07, 0.58982
5.71078e-07, 0.589353
5.69912e-07, 0.588885
5.6875e-07, 0.588419
5.67593e-07, 0.587952
5.66441e-07, 0.587486
5.65294e-07, 0.58702
5.64151e-07, 0.586555
5.63013e-07, 0.58609
5.61879e-07, 0.585626
5.6075e-07, 0.585162
5.59626e-07, 0.584698
5.58506e-07, 0.584235
5.5739e-07, 0.583773
5.56279e-07, 0.583311
5.55172e-07, 0.582849
5.5407e-07, 0.582388
5.52972e-07, 0.581927
5.51879e-07, 0.581467
5.50789e-07, 0.581007
5.49705e-07, 0.580548
5.48624e-07, 0.580089
5.47547e-07, 0.579631
5.46475e-07, 0.579174
5.45407e-07, 0.578717
5.44343e-07, 0.57826
5.43284e-07, 0.577804
5.42228e-07, 0.577349
5.41176e-07, 0.576894
5.40129e-07, 0.57644
5.39086e-07, 0.575986
5.38046e-07, 0.575532
5.37011e-07, 0.57508
5.3598e-07, 0.574628
5.34952e-07, 0.574176
5.33929e-07, 0.573725
5.32909e-07, 0.573275
5.31893e-07, 0.572825
5.30881e-07, 0.572375
5.29873e-07, 0.571927
5.28869e-07, 0.571478
5.27869e-07, 0.571031
5.26872e-07, 0.570584
5.25879e-07, 0.570138
5.2489e-07, 0.569692
5.23905e-07, 0.569247
5.22923e-07, 0.568802
5.21945e-07, 0.568358
5.20971e-07, 0.567914
5.2e-07, 0.567471
5.19033e-07, 0.567029
5.18069e-07, 0.566587
5.17109e-07, 0.566146
5.16153e-07, 0.565706
5.152e-07, 0.565266
5.14251e-07, 0.564826
5.13305e-07, 0.564388
5.12362e-07, 0.563949
5.11423e-07, 0.563512
5.10488e-07, 0.563075
5.09556e-07, 0.562639
5.08627e-07, 0.562203
5.07702e-07, 0.561768
5.0678e-07, 0.561333
5.05861e-07, 0.560899
5.04946e-07, 0.560466
5.04034e-07, 0.560033
5.03125e-07, 0.559601
5.0222e-07, 0.55917
5.01317e-07, 0.558739
5.00418e-07, 0.558309
4.99523e-07, 0.55788
4.9863e-07, 0.557451
4.97741e-07, 0.557022
4.96855e-07, 0.556595
4.95972e-07, 0.556168
4.95092e-07, 0.555741
4.94215e-07, 0.555316
4.93341e-07, 0.554891
4.92471e-07, 0.554466
4.91603e-07, 0.554043
4.90739e-07, 0.553619
4.89877e-07, 0.553197
4.89019e-07, 0.552775
4.88163e-07, 0.552354
4.87311e-07, 0.551934
4.86461e-07, 0.551514
4.85615e-07, 0.551095
4.84771e-07, 0.550676
4.83931e-07, 0.550258
4.83093e-07, 0.549841
4.82258e-07, 0.549425
4.81426e-07, 0.549009
4.80597e-07, 0.548594
4.79771e-07, 0.548179
4.78947e-07, 0.547765
4.78127e-07, 0.547352
4.77309e-07, 0.546939
4.76494e-07, 0.546527
4.75682e-07, 0.546116
4.74872e-07, 0.545705
4.74066e-07, 0.545295
4.73262e-07, 0.544886
4.7246e-07, 0.544477
4.71662e-07, 0.544069
4.70866e-07, 0.543662
4.70073e-07, 0.543255
4.69283e-07, 0.542849
4.68495e-07, 0.542443
4.67709e-07, 0.542038
4.66927e-07, 0.541634
4.66147e-07, 0.54123
4.6537e-07, 0.540827
4.64595e-07, 0.540424
4.63823e-07, 0.540023
4.63053e-07, 0.539621
4.62286e-07, 0.53922
4.61521e-07, 0.53882
4.60759e-07, 0.538421
4.6e-07, 0.538022
4.59243e-07, 0.537623
4.58488e-07, 0.537225
4.57736e-07, 0.536828
4.56987e-07, 0.536431
4.5624e-07, 0.536035
4.55495e-07, 0.53564
4.54753e-07, 0.535245
4.54013e-07, 0.53485
4.53276e-07, 0.534456
4.52541e-07, 0.534063
4.51808e-07, 0.53367
4.51078e-07, 0.533278
4.5035e-07, 0.532887
4.49624e-07, 0.532496
4.48901e-07, 0.532105
4.4818e-07, 0.531715
4.47461e-07, 0.531326
4.46745e-07, 0.530937
4.46031e-07, 0.530549
4.45319e-07, 0.530161
4.4461e-07, 0.529774
4.43902e-07, 0.529387
4.43197e-07, 0.529001
4.42495e-07, 0.528616
4.41794e-07, 0.528231
4.41096e-07, 0.527847
4.404e-07, 0.527463
4.39706e-07, 0.52708
4.39014e-07, 0.526698
4.38325e-07, 0.526316
4.37637e-07, 0.525935
4.36952e-07, 0.525554
4.36269e-07, 0.525174
4.35588e-07, 0.524795
4.34909e-07, 0.524416
4.34232e-07, 0.524038
4.33558e-07, 0.523661
4.32885e-07, 0.523284
4.32215e-07, 0.522908
4.31546e-07, 0.522532
4.3088e-07, 0.522158
4.30216e-07, 0.521784
4.29554e-07, 0.52141
4.28893e-07, 0.521038
4.28235e-07, 0.520666
4.27579e-07, 0.520294
4.26925e-07, 0.519924
4.26273e-07, 0.519554
4.25623e-07, 0.519185
4.24975e-07, 0.518817
4.24328e-07, 0.518449
4.23684e-07, 0.518082
4.23042e-07, 0.517716
4.22402e-07, 0.517351
4.21763e-07, 0.516986
4.21127e-07, 0.516622
4.20492e-07, 0.516259
4.1986e-07, 0.515897
4.19229e-07, 0.515536
4.186e-07, 0.515175
4.17973e-07, 0.514815
4.17348e-07, 0.514456
4.16725e-07, 0.514098
4.16103e-07, 0.51374
4.15484e-07, 0.513384
4.14866e-07, 0.513028
4.1425e-07, 0.512673
4.13636e-07, 0.512318
4.13024e-07, 0.511965
4.12414e-07, 0.511612
4.11805e-07, 0.51126
4.11198e-07, 0.510909
4.10593e-07, 0.510559
4.0999e-07, 0.510209
4.09389e-07, 0.509861
4.08789e-07, 0.509513
4.08191e-07, 0.509166
4.07595e-07, 0.50882
4.07e-07, 0.508474
4.06408e-07, 0.50813
4.05817e-07, 0.507786
4.05227e-07, 0.507443
4.0464e-07, 0.507101
4.04054e-07, 0.506759
4.0347e-07, 0.506418
4.02887e-07, 0.506078
4.02307e-07, 0.505739
4.01727e-07, 0.505401
4.0115e-07, 0.505063
4.00574e-07, 0.504726
4e-07, 0.50439