7e-07, 1.39336
6.98249e-07, 1.39225
6.96506e-07, 1.39108
6.94772e-07, 1.38984
6.93046e-07, 1.38855
6.91329e-07, 1.3872
6.89621e-07, 1.3858
6.87921e-07, 1.38433
6.8623e-07, 1.38281
6.84546e-07, 1.38123
6.82871e-07, 1.3796
6.81204e-07, 1.3779
6.79545e-07, 1.37615
6.77895e-07, 1.37435
6.76252e-07, 1.37249
6.74617e-07, 1.37057
6.7299e-07, 1.36859
6.71371e-07, 1.36657
6.6976e-07, 1.36448
6.68156e-07, 1.36235
6.66561e-07, 1.36016
6.64972e-07, 1.35791
6.63391e-07, 1.35561
6.61818e-07, 1.35326
6.60252e-07, 1.35086
6.58694e-07, 1.3484
6.57143e-07, 1.34589
6.55599e-07, 1.34333
6.54063e-07, 1.34072
6.52533e-07, 1.33806
6.51011e-07, 1.33535
6.49496e-07, 1.3326
6.47988e-07, 1.32979
6.46486e-07, 1.32693
6.44992e-07, 1.32402
6.43505e-07, 1.32107
6.42025e-07, 1.31807
6.40551e-07, 1.31502
6.39084e-07, 1.31193
6.37624e-07, 1.30879
6.3617e-07, 1.3056
6.34723e-07, 1.30237
6.33283e-07, 1.2991
6.31849e-07, 1.29578
6.30422e-07, 1.29242
6.29001e-07, 1.28902
6.27586e-07, 1.28558
6.26178e-07, 1.28209
6.24776e-07, 1.27857
6.2338e-07, 1.275
6.21991e-07, 1.27139
6.20608e-07, 1.26775
6.19231e-07, 1.26407
6.1786e-07, 1.26035
6.16495e-07, 1.25659
6.15136e-07, 1.2528
6.13783e-07, 1.24897
6.12436e-07, 1.2451
6.11095e-07, 1.2412
6.0976e-07, 1.23727
6.0843e-07, 1.2333
6.07107e-07, 1.2293
6.05789e-07, 1.22527
6.04477e-07, 1.22121
6.0317e-07, 1.21712
6.01869e-07, 1.213
6.00574e-07, 1.20885
5.99284e-07, 1.20467
5.98e-07, 1.20046
5.96721e-07, 1.19623
5.95448e-07, 1.19197
5.9418e-07, 1.18769
5.92918e-07, 1.18338
5.91661e-07, 1.17904
5.90409e-07, 1.17469
5.89163e-07, 1.17031
5.87921e-07, 1.16591
5.86685e-07, 1.16148
5.85455e-07, 1.15704
5.84229e-07, 1.15258
5.83008e-07, 1.1481
5.81793e-07, 1.1436
5.80583e-07, 1.13908
5.79377e-07, 1.13455
5.78177e-07, 1.13
5.76981e-07, 1.12544
5.75791e-07, 1.12086
5.74605e-07, 1.11627
5.73425e-07, 1.11167
5.72249e-07, 1.10705
5.71078e-07, 1.10243
5.69912e-07, 1.09779
5.6875e-07, 1.09314
5.67593e-07, 1.08849
5.66441e-07, 1.08383
5.65294e-07, 1.07916
5.64151e-07, 1.07448
5.63013e-07, 1.0698
5.61879e-07, 1.06511
5.6075e-07, 1.06042
5.59626e-07, 1.05573
5.58506e-07, 1.05103
5.5739e-07, 1.04633
5.56279e-07, 1.04163
5.55172e-07, 1.03693
5.5407e-07, 1.03223
5.52972e-07, 1.02754
5.51879e-07, 1.02284
5.50789e-07, 1.01815
5.49705e-07, 1.01346
5.48624e-07, 1.00878
5.47547e-07, 1.0041
5.46475e-07, 0.999426
5.45407e-07, 0.99476
5.44343e-07, 0.990102
5.43284e-07, 0.985453
5.42228e-07, 0.980812
5.41176e-07, 0.976181
5.40129e-07, 0.971561
5.39086e-07, 0.966952
5.38046e-07, 0.962355
5.37011e-07, 0.957771
5.3598e-07, 0.953201
5.34952e-07, 0.948646
5.33929e-07, 0.944105
5.32909e-07, 0.93958
5.31893e-07, 0.935072
5.30881e-07, 0.930582
5.29873e-07, 0.926109
5.28869e-07, 0.921655
5.27869e-07, 0.91722
5.26872e-07, 0.912806
5.25879e-07, 0.908413
5.2489e-07, 0.904041
5.23905e-07, 0.899692
5.22923e-07, 0.895366
5.21945e-07, 0.891064
5.20971e-07, 0.886786
5.2e-07, 0.882533
5.19033e-07, 0.878306
5.18069e-07, 0.874106
5.17109e-07, 0.869933
5.16153e-07, 0.865787
5.152e-07, 0.86167
5.14251e-07, 0.857583
5.13305e-07, 0.853525
5.12362e-07, 0.849498
5.11423e-07, 0.845502
5.10488e-07, 0.841538
5.09556e-07, 0.837606
5.08627e-07, 0.833707
5.07702e-07, 0.829841
5.0678e-07, 0.82601
5.05861e-07, 0.822214
5.04946e-07, 0.818453
5.04034e-07, 0.814728
5.03125e-07, 0.811041
5.0222e-07, 0.80739
5.01317e-07, 0.803777
5.00418e-07, 0.800202
4.99523e-07, 0.796667
4.9863e-07, 0.79317
4.97741e-07, 0.789714
4.96855e-07, 0.786298
4.95972e-07, 0.782924
4.95092e-07, 0.779591
4.94215e-07, 0.7763
4.93341e-07, 0.773052
4.92471e-07, 0.769847
4.91603e-07, 0.766685
4.90739e-07, 0.763568
4.89877e-07, 0.760495
4.89019e-07, 0.757466
4.88163e-07, 0.754484
4.87311e-07, 0.751547
4.86461e-07, 0.748657
4.85615e-07, 0.745814
4.84771e-07, 0.743017
4.83931e-07, 0.740269
4.83093e-07, 0.737568
4.82258e-07, 0.734916
4.81426e-07, 0.732312
4.80597e-07, 0.729757
4.79771e-07, 0.727252
4.78947e-07, 0.724797
4.78127e-07, 0.722392
4.77309e-07, 0.720037
4.76494e-07, 0.717733
4.75682e-07, 0.715481
4.74872e-07, 0.71328
4.74066e-07, 0.71113
4.73262e-07, 0.709033
4.7246e-07, 0.706987
4.71662e-07, 0.704995
4.70866e-07, 0.703054
4.70073e-07, 0.701167
4.69283e-07, 0.699334
4.68495e-07, 0.697554
4.67709e-07, 0.695827
4.66927e-07, 0.694155
4.66147e-07, 0.692536
4.6537e-07, 0.690972
4.64595e-07, 0.689462
4.63823e-07, 0.688007
4.63053e-07, 0.686606
4.62286e-07, 0.68526
4.61521e-07, 0.68397
4.60759e-07, 0.682734
4.6e-07, 0.681554
4.59243e-07, 0.680429
4.58488e-07, 0.67936
4.57736e-07, 0.678346
4.56987e-07, 0.677387
4.5624e-07, 0.676484
4.55495e-07, 0.675637
4.54753e-07, 0.674846
4.54013e-07, 0.67411
4.53276e-07, 0.67343
4.52541e-07, 0.672806
4.51808e-07, 0.672238
4.51078e-07, 0.671726
4.5035e-07, 0.671269
4.49624e-07, 0.670868
4.48901e-07, 0.670523
4.4818e-07, 0.670233
4.47461e-07, 0.669999
4.46745e-07, 0.66982
4.46031e-07, 0.669697
4.45319e-07, 0.669629
4.4461e-07, 0.669617
4.43902e-07, 0.669659
4.43197e-07, 0.669757
4.42495e-07, 0.66991
4.41794e-07, 0.670117
4.41096e-07, 0.670379
4.404e-07, 0.670695
4.39706e-07, 0.671066
4.39014e-07, 0.67149
4.38325e-07, 0.671969
4.37637e-07, 0.672501
4.36952e-07, 0.673087
4.36269e-07, 0.673726
4.35588e-07, 0.674418
4.34909e-07, 0.675163
4.34232e-07, 0.675961
4.33558e-07, 0.676811
4.32885e-07, 0.677713
4.32215e-07, 0.678666
4.31546e-07, 0.679672
4.3088e-07, 0.680728
4.30216e-07, 0.681835
4.29554e-07, 0.682993
4.28893e-07, 0.684202
4.28235e-07, 0.68546
4.27579e-07, 0.686768
4.26925e-07, 0.688125
4.26273e-07, 0.689531
4.25623e-07, 0.690985
4.24975e-07, 0.692487
4.24328e-07, 0.694038
4.23684e-07, 0.695635
4.23042e-07, 0.69728
4.22402e-07, 0.698971
4.21763e-07, 0.700708
4.21127e-07, 0.702491
4.20492e-07, 0.704319
4.1986e-07, 0.706192
4.19229e-07, 0.708109
4.186e-07, 0.710071
4.17973e-07, 0.712075
4.17348e-07, 0.714122
4.16725e-07, 0.716212
4.16103e-07, 0.718344
4.15484e-07, 0.720517
4.14866e-07, 0.722731
4.1425e-07, 0.724986
4.13636e-07, 0.72728
4.13024e-07, 0.729614
4.12414e-07, 0.731986
4.11805e-07, 0.734396
4.11198e-07, 0.736844
4.10593e-07, 0.73933
4.0999e-07, 0.741852
4.09389e-07, 0.744409
4.08789e-07, 0.747003
4.08191e-07, 0.749631
4.07595e-07, 0.752293
4.07e-07, 0.754989
4.06408e-07, 0.757718
4.05817e-07, 0.760479
4.05227e-07, 0.763271
4.0464e-07, 0.766095
4.04054e-07, 0.76895
4.0347e-07, 0.771834
4.02887e-07, 0.774748
4.02307e-07, 0.77769
4.01727e-07, 0.78066
4.0115e-07, 0.783658
4.00574e-07, 0.786682
4e-07, 0.789732



