9.996515424381360315e-01
9.989612098308414678e-01
9.978997731260090820e-01
9.964589961691741049e-01
9.946324484500482788e-01
9.924168233595228594e-01
9.898126886390825607e-01
9.868247681037679575e-01
9.834618608642815563e-01
9.797365012848177068e-01
9.756644533528244789e-01
9.712641194913722575e-01
9.665559281369310307e-01
9.615617481888004692e-01
9.563043629953824620e-01
9.508070228102334376e-01
9.450930832320905139e-01
9.391857283340770968e-01
9.331077709702902956e-01
9.268815189213226446e-01
9.205286937371413014e-01
9.140703889242796087e-01
9.075270550696380445e-01
9.009185011794478282e-01
8.942639035912830492e-01
8.875818160134832935e-01
8.808901763475702751e-01
8.742063078241607554e-01
8.675469135441145063e-01
8.609280647348837023e-01
8.543651839031204398e-01
8.478730246186183539e-01
8.414656499374557619e-01
8.351564115166785207e-01
8.289579313391274296e-01
8.228820877055500471e-01
8.169400068085257427e-01
8.111420608180084368e-01
8.054978730149451316e-01
8.000163301320656339e-01
7.947056017191005406e-01
7.895731660540126207e-01
7.846258418812892543e-01
7.798698250735988102e-01
7.753107291839790305e-01
7.709536287795756282e-01
7.668031044186268685e-01
7.628632881454147086e-01
7.591379084263792931e-01
7.556303335288715450e-01
7.523436124465266994e-01
7.492805125967465507e-01
7.464435536517834979e-01
7.438350370118229637e-01
7.414570705822796093e-01
7.393115886762462452e-01
7.374003670229742902e-01
7.357250330230009627e-01
7.342870715461655706e-01
7.330878267197036280e-01
7.321285002934057040e-01
7.314101472976375362e-01
7.309336698195735282e-01
7.306998098108450357e-01
7.307091418968441054e-01
7.309620671788191748e-01
7.314588089938868221e-01
7.321994115167399508e-01
7.331837419394864330e-01
7.344114967423954754e-01
7.358822122584742775e-01
7.375952793327317236e-01
7.395499613765885716e-01
7.417454145230730767e-01
7.441807079075665188e-01
7.468548413516926665e-01
7.497667569516047736e-01
7.529153403121896515e-01
7.562994065037121905e-01
7.599176653361764400e-01
7.637686603726927537e-01
7.678506763817715131e-01
7.721616108300739523e-01
7.766988067330183876e-01
7.814588469096589440e-01
7.864373136214189985e-01
7.916285228673428653e-01
7.970252493348115586e-01
8.026184661047439661e-01
8.083971324100952538e-01
8.143480724504166268e-01
8.204559974652617660e-01
8.267037304184666757e-01
8.330726955438311210e-01
8.395437308344920746e-01
8.460982668716166000e-01
8.527198864330711725e-01
8.593962324704027544e-01
8.661211645432835837e-01
8.728969748583766952e-01
