2.132596702022584167e-01
6.568719521417543117e-01
9.247174771605196630e-01
9.250166994350814686e-01
9.874455996964912607e-01
8.801406550342486534e-01
1.485847586173890955e-01
4.143849159716252173e-02
1.697291303485866029e-02
1.340985538015364471e-02
4.918051171656753588e-03
1.874114479785050219e-02
4.894088162440278500e-02
3.516972986182812649e-02
6.004749816973382892e-02
9.930866625764897537e-02
6.495025747222360479e-02
4.862663111123508020e-01
4.080895842205068957e-01
2.589520833497596652e-01
1.936458769120261991e-01
5.660668361775997859e-01
8.605596006906769402e-01
9.226061378870590302e-01
9.329152540138634375e-01
9.572907707476369099e-01
8.512566616528302044e-01
3.562835013205126189e-01
3.454144109403313734e-01
3.330046785668274167e-01
1.099207765631901590e-01
5.796341939031079971e-02
2.054755060699619551e-01
2.777548199867466705e-01
7.187689616149358640e-01
5.903135449753708075e-01
7.709845270949909901e-01
7.190973615891917969e-01
2.510688667735953006e-01
2.737550661155241927e-01
2.456267415208618909e-01
4.198003153186551928e-01
6.742542048326150006e-01
8.280076468202037798e-01
7.854139273019389300e-01
7.026047558393609949e-01
8.014333531524210352e-01
5.249629044120056598e-01
3.858509012247708925e-01
6.142934279113714258e-01
7.951752843468986587e-01
5.182446105020137583e-01
8.745529142131677758e-02
7.848130235108982666e-03
4.540984535282238665e-02
2.293756196406647463e-01
7.712472403205447025e-01
8.048001506721937925e-01
6.632066376570815436e-01
7.251491221932334641e-01
2.821118425418297493e-01
7.251491221932334641e-01
6.632066376570815436e-01
8.048001506721937925e-01
7.712472403205447025e-01
2.293756196406647463e-01
4.540984535282238665e-02
7.848130235108982666e-03
8.745529142131677758e-02
5.182446105020137583e-01
7.951752843468986587e-01
6.142934279113714258e-01
3.858509012247708925e-01
5.249629044120056598e-01
8.014333531524210352e-01
7.026047558393609949e-01
7.854139273019389300e-01
8.280076468202037798e-01
6.742542048326150006e-01
4.198003153186551928e-01
2.456267415208618909e-01
2.737550661155241927e-01
2.510688667735953006e-01
7.190973615891917969e-01
7.709845270949909901e-01
5.903135449753708075e-01
7.187689616149358640e-01
2.777548199867466705e-01
2.054755060699619551e-01
5.796341939031079971e-02
1.099207765631901590e-01
3.330046785668274167e-01
3.454144109403313734e-01
3.562835013205126189e-01
8.512566616528302044e-01
9.572907707476369099e-01
9.329152540138634375e-01
9.226061378870590302e-01
8.605596006906769402e-01
5.660668361775997859e-01
1.936458769120261991e-01
2.589520833497596652e-01
4.080895842205068957e-01
4.862663111123508020e-01
6.495025747222360479e-02
9.930866625764897537e-02
6.004749816973382892e-02
3.516972986182812649e-02
4.894088162440278500e-02
1.874114479785050219e-02
4.918051171656753588e-03
1.340985538015364471e-02
1.697291303485866029e-02
4.143849159716252173e-02
1.485847586173890955e-01
8.801406550342486534e-01
9.874455996964912607e-01
9.250166994350814686e-01
9.247174771605196630e-01
6.568719521417543117e-01
2.132596702022584167e-01
