8.941225680220596939e-01
6.063745394781795001e-02
6.930081652402949599e-01
9.835480385717438878e-01
9.766462528251304009e-01
9.807280345997916315e-01
9.907404096902573398e-01
9.373724278886004235e-01
9.233842733557072746e-01
9.276659010824804819e-01
9.894305866843651209e-01
9.841190655906185691e-01
5.023047580000935541e-01
4.640037291020969457e-02
1.130923148790918542e-01
9.256533212570515756e-01
9.526369012128649283e-01
9.562658105145028786e-01
2.559905416255159327e-01
0.000000000000000000e+00
0.000000000000000000e+00
0.000000000000000000e+00
0.000000000000000000e+00
2.653742193891129308e-01
9.885303668724866322e-01
8.701787301554056789e-03
0.000000000000000000e+00
5.663922003949909464e-04
1.574330093691257704e-02
4.762026041467808390e-01
9.996763264665194937e-01
1.000000000000000000e+00
9.820862444869353780e-01
7.221498381312663195e-01
5.602862147014710248e-02
4.827260914228681532e-01
9.600083940031562957e-01
9.838195350389927762e-01
9.908915187500729749e-01
9.865417120734808476e-01
9.640753606986097735e-01
7.569715367360793645e-02
0.000000000000000000e+00
0.000000000000000000e+00
0.000000000000000000e+00
0.000000000000000000e+00
0.000000000000000000e+00
0.000000000000000000e+00
0.000000000000000000e+00
0.000000000000000000e+00
0.000000000000000000e+00
0.000000000000000000e+00
0.000000000000000000e+00
4.541817504746866740e-01
1.000000000000000000e+00
9.952730081035395804e-01
9.978294474777905654e-01
9.670451477890728009e-01
9.359619182522456171e-01
4.414051127501523730e-01
7.183181236660400870e-01
4.414051127501523730e-01
9.359619182522456171e-01
9.670451477890728009e-01
9.978294474777905654e-01
9.952730081035395804e-01
1.000000000000000000e+00
4.541817504746866740e-01
0.000000000000000000e+00
0.000000000000000000e+00
0.000000000000000000e+00
0.000000000000000000e+00
0.000000000000000000e+00
0.000000000000000000e+00
0.000000000000000000e+00
0.000000000000000000e+00
0.000000000000000000e+00
0.000000000000000000e+00
0.000000000000000000e+00
7.569715367360793645e-02
9.640753606986097735e-01
9.865417120734808476e-01
9.908915187500729749e-01
9.838195350389927762e-01
9.600083940031562957e-01
4.827260914228681532e-01
5.602862147014710248e-02
7.221498381312663195e-01
9.820862444869353780e-01
1.000000000000000000e+00
9.996763264665194937e-01
4.762026041467808390e-01
1.574330093691257704e-02
5.663922003949909464e-04
0.000000000000000000e+00
8.701787301554056789e-03
9.885303668724866322e-01
2.653742193891129308e-01
0.000000000000000000e+00
0.000000000000000000e+00
0.000000000000000000e+00
0.000000000000000000e+00
2.559905416255159327e-01
9.562658105145028786e-01
9.526369012128649283e-01
9.256533212570515756e-01
1.130923148790918542e-01
4.640037291020969457e-02
5.023047580000935541e-01
9.841190655906185691e-01
9.894305866843651209e-01
9.276659010824804819e-01
9.233842733557072746e-01
9.373724278886004235e-01
9.907404096902573398e-01
9.807280345997916315e-01
9.766462528251304009e-01
9.835480385717438878e-01
6.930081652402949599e-01
6.063745394781795001e-02
8.941225680220596939e-01
