5.826938517760824748e-02
0.000000000000000000e+00
0.000000000000000000e+00
0.000000000000000000e+00
0.000000000000000000e+00
0.000000000000000000e+00
0.000000000000000000e+00
0.000000000000000000e+00
0.000000000000000000e+00
0.000000000000000000e+00
0.000000000000000000e+00
1.047002542445523571e-01
0.000000000000000000e+00
0.000000000000000000e+00
0.000000000000000000e+00
0.000000000000000000e+00
0.000000000000000000e+00
0.000000000000000000e+00
0.000000000000000000e+00
0.000000000000000000e+00
0.000000000000000000e+00
0.000000000000000000e+00
0.000000000000000000e+00
0.000000000000000000e+00
0.000000000000000000e+00
0.000000000000000000e+00
0.000000000000000000e+00
0.000000000000000000e+00
0.000000000000000000e+00
0.000000000000000000e+00
0.000000000000000000e+00
0.000000000000000000e+00
0.000000000000000000e+00
0.000000000000000000e+00
0.000000000000000000e+00
0.000000000000000000e+00
0.000000000000000000e+00
0.000000000000000000e+00
0.000000000000000000e+00
0.000000000000000000e+00
0.000000000000000000e+00
0.000000000000000000e+00
0.000000000000000000e+00
0.000000000000000000e+00
0.000000000000000000e+00
0.000000000000000000e+00
0.000000000000000000e+00
0.000000000000000000e+00
0.000000000000000000e+00
0.000000000000000000e+00
0.000000000000000000e+00
0.000000000000000000e+00
0.000000000000000000e+00
0.000000000000000000e+00
0.000000000000000000e+00
0.000000000000000000e+00
0.000000000000000000e+00
0.000000000000000000e+00
0.000000000000000000e+00
0.000000000000000000e+00
0.000000000000000000e+00
0.000000000000000000e+00
0.000000000000000000e+00
0.000000000000000000e+00
0.000000000000000000e+00
0.000000000000000000e+00
0.000000000000000000e+00
0.000000000000000000e+00
0.000000000000000000e+00
0.000000000000000000e+00
0.000000000000000000e+00
0.000000000000000000e+00
0.000000000000000000e+00
0.000000000000000000e+00
0.000000000000000000e+00
0.000000000000000000e+00
0.000000000000000000e+00
0.000000000000000000e+00
0.000000000000000000e+00
0.000000000000000000e+00
0.000000000000000000e+00
0.000000000000000000e+00
9.925760868008039195e-03
0.000000000000000000e+00
0.000000000000000000e+00
0.000000000000000000e+00
0.000000000000000000e+00
0.000000000000000000e+00
0.000000000000000000e+00
0.000000000000000000e+00
0.000000000000000000e+00
0.000000000000000000e+00
0.000000000000000000e+00
1.434063409291117808e-01
2.485560141294268499e-01
0.000000000000000000e+00
0.000000000000000000e+00
0.000000000000000000e+00
0.000000000000000000e+00
0.000000000000000000e+00
0.000000000000000000e+00
0.000000000000000000e+00
0.000000000000000000e+00
0.000000000000000000e+00
2.456567605202337190e-01
4.788473750485903735e-01
2.066254240573934531e-01
0.000000000000000000e+00
0.000000000000000000e+00
0.000000000000000000e+00
0.000000000000000000e+00
0.000000000000000000e+00
0.000000000000000000e+00
0.000000000000000000e+00
0.000000000000000000e+00
2.823721780641200163e-01
6.455123654411414336e-01
4.390092545318103334e-01
0.000000000000000000e+00
0.000000000000000000e+00
0.000000000000000000e+00
0.000000000000000000e+00
0.000000000000000000e+00
0.000000000000000000e+00
0.000000000000000000e+00
0.000000000000000000e+00
4.508034752593285677e-01
8.280350174946193853e-01
6.545066071748480985e-01
3.210029693539487861e-01
0.000000000000000000e+00
0.000000000000000000e+00
0.000000000000000000e+00
0.000000000000000000e+00
0.000000000000000000e+00
0.000000000000000000e+00
0.000000000000000000e+00
6.965383461433106715e-01
9.982403178189961368e-01
9.280487916065440768e-01
5.262852595913279918e-01
0.000000000000000000e+00
0.000000000000000000e+00
0.000000000000000000e+00
0.000000000000000000e+00
0.000000000000000000e+00
0.000000000000000000e+00
0.000000000000000000e+00
7.392995318784815195e-01
1.000000000000000000e+00
1.000000000000000000e+00
7.069824999193109472e-01
2.751528006395119741e-01
0.000000000000000000e+00
0.000000000000000000e+00
0.000000000000000000e+00
0.000000000000000000e+00
0.000000000000000000e+00
0.000000000000000000e+00
9.730501788585000922e-01
1.000000000000000000e+00
1.000000000000000000e+00
9.958920853310382348e-01
4.803416580153521687e-01
0.000000000000000000e+00
1.163802728258074848e-01
0.000000000000000000e+00
0.000000000000000000e+00
0.000000000000000000e+00
3.993147905847302013e-05
1.000000000000000000e+00
1.000000000000000000e+00
1.000000000000000000e+00
1.000000000000000000e+00
5.672914338749243113e-01
0.000000000000000000e+00
4.281872566487188170e-01
1.438619425544596098e-01
0.000000000000000000e+00
0.000000000000000000e+00
1.383783699666452354e-03
1.000000000000000000e+00
1.000000000000000000e+00
1.000000000000000000e+00
1.000000000000000000e+00
6.859459428206882148e-01
0.000000000000000000e+00
5.013379721742596828e-01
3.911139540742634146e-01
0.000000000000000000e+00
0.000000000000000000e+00
8.372086707840748626e-04
1.000000000000000000e+00
1.000000000000000000e+00
1.000000000000000000e+00
1.000000000000000000e+00
7.422527941220385950e-01
1.069753636163848914e-01
5.200358926850269237e-01
4.974800598348270708e-01
6.022761332316186461e-02
0.000000000000000000e+00
0.000000000000000000e+00
1.000000000000000000e+00
1.000000000000000000e+00
1.000000000000000000e+00
1.000000000000000000e+00
7.692770876426344717e-01
1.748487613521254036e-01
5.385557166241879967e-01
5.290343578269519620e-01
1.874096796359124850e-01
0.000000000000000000e+00
0.000000000000000000e+00
1.000000000000000000e+00
1.000000000000000000e+00
1.000000000000000000e+00
1.000000000000000000e+00
1.000000000000000000e+00
3.660006696246366764e-01
6.269808727734627052e-01
5.606797200115273272e-01
2.261913851963304467e-01
0.000000000000000000e+00
0.000000000000000000e+00
1.000000000000000000e+00
1.000000000000000000e+00
1.000000000000000000e+00
1.000000000000000000e+00
1.000000000000000000e+00
4.314904091300856281e-01
7.374961997814045711e-01
7.038127390212961521e-01
2.817454278299050263e-01
0.000000000000000000e+00
0.000000000000000000e+00
9.996660192614704732e-01
1.000000000000000000e+00
1.000000000000000000e+00
1.000000000000000000e+00
1.000000000000000000e+00
5.106226653828950246e-01
1.000000000000000000e+00
9.527403383282393445e-01
3.993747064817941284e-01
0.000000000000000000e+00
0.000000000000000000e+00
8.508017040058537539e-01
1.000000000000000000e+00
1.000000000000000000e+00
1.000000000000000000e+00
1.000000000000000000e+00
5.471275105874783273e-01
1.000000000000000000e+00
1.000000000000000000e+00
5.425259763887806397e-01
0.000000000000000000e+00
0.000000000000000000e+00
7.249665237250721983e-01
1.000000000000000000e+00
1.000000000000000000e+00
1.000000000000000000e+00
1.000000000000000000e+00
6.402634774735760370e-01
1.000000000000000000e+00
1.000000000000000000e+00
7.422781007465601988e-01
1.623289042339199351e-01
0.000000000000000000e+00
6.528437914199918257e-01
1.000000000000000000e+00
1.000000000000000000e+00
1.000000000000000000e+00
1.000000000000000000e+00
6.979599146278360200e-01
1.000000000000000000e+00
1.000000000000000000e+00
9.876430312674862044e-01
3.330711608020262005e-01
0.000000000000000000e+00
5.997437195710892954e-01
1.000000000000000000e+00
1.000000000000000000e+00
1.000000000000000000e+00
1.000000000000000000e+00
8.181070319063916685e-01
1.000000000000000000e+00
1.000000000000000000e+00
1.000000000000000000e+00
5.210561653617488131e-01
0.000000000000000000e+00
5.460594010606875104e-01
1.000000000000000000e+00
1.000000000000000000e+00
1.000000000000000000e+00
1.000000000000000000e+00
1.000000000000000000e+00
1.000000000000000000e+00
1.000000000000000000e+00
1.000000000000000000e+00
5.722998675789845446e-01
1.729739401342873795e-01
5.514649740855849247e-01
1.000000000000000000e+00
1.000000000000000000e+00
1.000000000000000000e+00
1.000000000000000000e+00
1.000000000000000000e+00
1.000000000000000000e+00
1.000000000000000000e+00
1.000000000000000000e+00
6.117559120386414362e-01
3.352637904662219559e-01
5.309902386855295253e-01
1.000000000000000000e+00
1.000000000000000000e+00
1.000000000000000000e+00
1.000000000000000000e+00
1.000000000000000000e+00
1.000000000000000000e+00
1.000000000000000000e+00
1.000000000000000000e+00
6.017471270540736272e-01
4.166080641341894930e-01
5.620858205614192027e-01
9.656647742742454632e-01
1.000000000000000000e+00
1.000000000000000000e+00
1.000000000000000000e+00
1.000000000000000000e+00
1.000000000000000000e+00
1.000000000000000000e+00
1.000000000000000000e+00
5.810515995649473409e-01
4.815063807502780180e-01
5.563884736284175903e-01
8.526200449819966165e-01
1.000000000000000000e+00
1.000000000000000000e+00
1.000000000000000000e+00
1.000000000000000000e+00
8.000969265583861567e-01
1.000000000000000000e+00
8.531502581499301741e-01
5.552880385764735749e-01
4.896105428898566148e-01
5.466647678465084148e-01
6.488652030671183679e-01
7.303113162818118953e-01
6.894690009408708242e-01
7.774170378045700547e-01
9.684262036850402877e-01
5.207312836810362722e-01
5.414140848393570460e-01
4.986474034760252083e-01
4.856859961335154297e-01
4.920164806093371701e-01
5.427397888388860725e-01
5.462442497997814783e-01
4.915959669930271003e-01
4.510398289825128249e-01
4.548164807770038731e-01
3.375750762273822536e-01
3.388950021951347424e-01
1.887473024814197431e-01
2.593512172746310074e-01
3.982936375336333934e-01
4.867203618267227916e-01
5.388461748085808800e-01
4.613086955526393695e-01
3.255629771900286906e-01
9.910986116706316240e-02
1.073994743865694240e-01
0.000000000000000000e+00
8.882845374134172578e-02
0.000000000000000000e+00
0.000000000000000000e+00
1.031796987807700322e-01
4.904134126890513645e-01
5.644589846575776004e-01
3.463046429923833935e-01
7.497847887584892235e-02
0.000000000000000000e+00
0.000000000000000000e+00
0.000000000000000000e+00
0.000000000000000000e+00
0.000000000000000000e+00
0.000000000000000000e+00
0.000000000000000000e+00
5.198722190431820378e-01
6.236031641706704098e-01
3.331825943046917149e-01
0.000000000000000000e+00
0.000000000000000000e+00
0.000000000000000000e+00
0.000000000000000000e+00
0.000000000000000000e+00
0.000000000000000000e+00
0.000000000000000000e+00
0.000000000000000000e+00
5.929385100666629826e-01
8.879572304513210224e-01
4.530894239145898950e-01
0.000000000000000000e+00
0.000000000000000000e+00
0.000000000000000000e+00
0.000000000000000000e+00
0.000000000000000000e+00
0.000000000000000000e+00
0.000000000000000000e+00
0.000000000000000000e+00
7.646301103016576173e-01
1.000000000000000000e+00
5.585989491308477328e-01
0.000000000000000000e+00
0.000000000000000000e+00
0.000000000000000000e+00
0.000000000000000000e+00
0.000000000000000000e+00
0.000000000000000000e+00
0.000000000000000000e+00
0.000000000000000000e+00
9.785876567532957315e-01
1.000000000000000000e+00
7.928842295891076475e-01
8.244468471206181648e-02
0.000000000000000000e+00
0.000000000000000000e+00
0.000000000000000000e+00
0.000000000000000000e+00
0.000000000000000000e+00
0.000000000000000000e+00
0.000000000000000000e+00
1.000000000000000000e+00
1.000000000000000000e+00
1.000000000000000000e+00
3.332895903253292325e-01
0.000000000000000000e+00
0.000000000000000000e+00
0.000000000000000000e+00
0.000000000000000000e+00
0.000000000000000000e+00
0.000000000000000000e+00
0.000000000000000000e+00
1.000000000000000000e+00
1.000000000000000000e+00
1.000000000000000000e+00
5.918294846194624981e-01
0.000000000000000000e+00
0.000000000000000000e+00
0.000000000000000000e+00
0.000000000000000000e+00
0.000000000000000000e+00
0.000000000000000000e+00
0.000000000000000000e+00
1.000000000000000000e+00
1.000000000000000000e+00
1.000000000000000000e+00
1.000000000000000000e+00
9.034975506776009302e-02
0.000000000000000000e+00
0.000000000000000000e+00
0.000000000000000000e+00
0.000000000000000000e+00
0.000000000000000000e+00
0.000000000000000000e+00
9.968803841818367761e-01
1.000000000000000000e+00
1.000000000000000000e+00
1.000000000000000000e+00
2.303125881195941249e-01
0.000000000000000000e+00
0.000000000000000000e+00
0.000000000000000000e+00
0.000000000000000000e+00
0.000000000000000000e+00
0.000000000000000000e+00
8.564810480252528224e-01
1.000000000000000000e+00
1.000000000000000000e+00
1.000000000000000000e+00
3.574661081868457102e-01
0.000000000000000000e+00
0.000000000000000000e+00
0.000000000000000000e+00
0.000000000000000000e+00
0.000000000000000000e+00
0.000000000000000000e+00
6.098659639829553392e-01
1.000000000000000000e+00
1.000000000000000000e+00
1.000000000000000000e+00
5.263277413917798464e-01
0.000000000000000000e+00
0.000000000000000000e+00
0.000000000000000000e+00
0.000000000000000000e+00
0.000000000000000000e+00
0.000000000000000000e+00
1.471332405979062230e-01
1.000000000000000000e+00
1.000000000000000000e+00
1.000000000000000000e+00
8.468651404417237849e-01
0.000000000000000000e+00
0.000000000000000000e+00
0.000000000000000000e+00
0.000000000000000000e+00
0.000000000000000000e+00
0.000000000000000000e+00
0.000000000000000000e+00
1.000000000000000000e+00
1.000000000000000000e+00
1.000000000000000000e+00
1.000000000000000000e+00
0.000000000000000000e+00
0.000000000000000000e+00
0.000000000000000000e+00
0.000000000000000000e+00
0.000000000000000000e+00
0.000000000000000000e+00
0.000000000000000000e+00
1.000000000000000000e+00
1.000000000000000000e+00
1.000000000000000000e+00
1.000000000000000000e+00
0.000000000000000000e+00
0.000000000000000000e+00
0.000000000000000000e+00
0.000000000000000000e+00
0.000000000000000000e+00
0.000000000000000000e+00
0.000000000000000000e+00
1.000000000000000000e+00
1.000000000000000000e+00
1.000000000000000000e+00
1.000000000000000000e+00
0.000000000000000000e+00
0.000000000000000000e+00
2.048755155108112833e-02
0.000000000000000000e+00
0.000000000000000000e+00
0.000000000000000000e+00
0.000000000000000000e+00
1.000000000000000000e+00
1.000000000000000000e+00
1.000000000000000000e+00
1.000000000000000000e+00
2.993586316031332517e-01
0.000000000000000000e+00
6.115654736231489717e-03
0.000000000000000000e+00
0.000000000000000000e+00
0.000000000000000000e+00
0.000000000000000000e+00
1.000000000000000000e+00
1.000000000000000000e+00
1.000000000000000000e+00
1.000000000000000000e+00
4.765274149337469511e-01
0.000000000000000000e+00
1.513551196290723044e-01
0.000000000000000000e+00
0.000000000000000000e+00
0.000000000000000000e+00
5.831897189151260402e-02
1.000000000000000000e+00
1.000000000000000000e+00
1.000000000000000000e+00
1.000000000000000000e+00
5.395855016920947378e-01
0.000000000000000000e+00
3.142913054229549696e-01
0.000000000000000000e+00
0.000000000000000000e+00
0.000000000000000000e+00
2.344313584155840458e-01
1.000000000000000000e+00
1.000000000000000000e+00
1.000000000000000000e+00
1.000000000000000000e+00
6.151750314267380171e-01
0.000000000000000000e+00
5.033571524028567223e-01
1.895217415227954394e-01
0.000000000000000000e+00
0.000000000000000000e+00
3.563906110162599616e-01
1.000000000000000000e+00
1.000000000000000000e+00
1.000000000000000000e+00
1.000000000000000000e+00
6.136078698711593393e-01
2.216294363340828577e-01
5.554592384347906142e-01
5.313924595119537964e-01
2.123008176247085932e-01
1.459470222296136988e-01
5.508783113746260618e-01
1.000000000000000000e+00
1.000000000000000000e+00
1.000000000000000000e+00
1.000000000000000000e+00
6.181243996626933912e-01
1.656415688583453560e-01
6.138958727388880154e-01
6.598175494080457115e-01
5.149801409466175928e-01
3.982037593767034367e-01
5.273734121211820502e-01
1.000000000000000000e+00
1.000000000000000000e+00
9.974302903686325106e-01
7.225372581461362298e-01
3.910019731884770144e-01
4.653676616476590255e-02
6.566094970825577803e-01
7.601191583947842778e-01
5.979741924055519409e-01
5.352005079488340034e-01
5.640570316184069233e-01
6.783782733235328433e-01
6.358549043550055790e-01
5.848971535613312067e-01
4.125333483979222726e-01
1.017630232255815198e-01
0.000000000000000000e+00
6.415299851661908637e-01
7.151745321997869942e-01
6.226110525226800085e-01
5.558395450155634299e-01
5.030809250238631458e-01
4.614393175744505027e-01
2.386455726386068066e-01
8.846219695200785438e-02
3.009096020557639958e-02
0.000000000000000000e+00
0.000000000000000000e+00
5.867457532080136984e-01
6.681304167354720214e-01
6.067989897955353706e-01
5.332794745044552309e-01
3.670104345723569361e-01
1.416769814338038613e-01
0.000000000000000000e+00
0.000000000000000000e+00
0.000000000000000000e+00
0.000000000000000000e+00
0.000000000000000000e+00
4.118870458747579399e-01
3.427020345849052241e-01
3.656928094215424752e-01
3.107004080344102359e-01
7.651105926012366498e-02
0.000000000000000000e+00
0.000000000000000000e+00
0.000000000000000000e+00
0.000000000000000000e+00
0.000000000000000000e+00
0.000000000000000000e+00
3.065492447075729432e-02
0.000000000000000000e+00
0.000000000000000000e+00
0.000000000000000000e+00
0.000000000000000000e+00
0.000000000000000000e+00
0.000000000000000000e+00
0.000000000000000000e+00
0.000000000000000000e+00
0.000000000000000000e+00
0.000000000000000000e+00
0.000000000000000000e+00
0.000000000000000000e+00
0.000000000000000000e+00
0.000000000000000000e+00
0.000000000000000000e+00
0.000000000000000000e+00
0.000000000000000000e+00
0.000000000000000000e+00
0.000000000000000000e+00
0.000000000000000000e+00
0.000000000000000000e+00
0.000000000000000000e+00
0.000000000000000000e+00
0.000000000000000000e+00
0.000000000000000000e+00
0.000000000000000000e+00
0.000000000000000000e+00
0.000000000000000000e+00
0.000000000000000000e+00
0.000000000000000000e+00
0.000000000000000000e+00
0.000000000000000000e+00
0.000000000000000000e+00
0.000000000000000000e+00
0.000000000000000000e+00
0.000000000000000000e+00
0.000000000000000000e+00
0.000000000000000000e+00
0.000000000000000000e+00
0.000000000000000000e+00
0.000000000000000000e+00
0.000000000000000000e+00
0.000000000000000000e+00
0.000000000000000000e+00
0.000000000000000000e+00
0.000000000000000000e+00
0.000000000000000000e+00
0.000000000000000000e+00
0.000000000000000000e+00
0.000000000000000000e+00
0.000000000000000000e+00
0.000000000000000000e+00
0.000000000000000000e+00
0.000000000000000000e+00
0.000000000000000000e+00
0.000000000000000000e+00
0.000000000000000000e+00
0.000000000000000000e+00
0.000000000000000000e+00
0.000000000000000000e+00
0.000000000000000000e+00
0.000000000000000000e+00
0.000000000000000000e+00
0.000000000000000000e+00
0.000000000000000000e+00
0.000000000000000000e+00
0.000000000000000000e+00
0.000000000000000000e+00
0.000000000000000000e+00
0.000000000000000000e+00
0.000000000000000000e+00
0.000000000000000000e+00
0.000000000000000000e+00
0.000000000000000000e+00
0.000000000000000000e+00
0.000000000000000000e+00
0.000000000000000000e+00
0.000000000000000000e+00
0.000000000000000000e+00
0.000000000000000000e+00
1.334718836608379811e-02
1.816151139433580530e-01
0.000000000000000000e+00
0.000000000000000000e+00
0.000000000000000000e+00
0.000000000000000000e+00
0.000000000000000000e+00
0.000000000000000000e+00
0.000000000000000000e+00
0.000000000000000000e+00
0.000000000000000000e+00
1.985665397172631796e-01
4.306828670221141686e-01
1.731536690206230411e-01
0.000000000000000000e+00
0.000000000000000000e+00
0.000000000000000000e+00
0.000000000000000000e+00
0.000000000000000000e+00
0.000000000000000000e+00
0.000000000000000000e+00
0.000000000000000000e+00
2.218573150702782271e-01
5.548369392490830609e-01
3.786073549930359938e-01
5.703452645392062537e-02
0.000000000000000000e+00
0.000000000000000000e+00
0.000000000000000000e+00
0.000000000000000000e+00
0.000000000000000000e+00
0.000000000000000000e+00
0.000000000000000000e+00
1.939283956104783657e-01
7.015508879339755755e-01
6.058920037487228738e-01
2.876471616231009998e-01
0.000000000000000000e+00
0.000000000000000000e+00
0.000000000000000000e+00
0.000000000000000000e+00
0.000000000000000000e+00
0.000000000000000000e+00
0.000000000000000000e+00
4.797536478784175662e-02
1.000000000000000000e+00
1.000000000000000000e+00
4.779750623070268545e-01
0.000000000000000000e+00
0.000000000000000000e+00
0.000000000000000000e+00
8.947233453956440763e-03
0.000000000000000000e+00
0.000000000000000000e+00
0.000000000000000000e+00
0.000000000000000000e+00
1.000000000000000000e+00
1.000000000000000000e+00
1.000000000000000000e+00
2.357365775401451258e-01
0.000000000000000000e+00
0.000000000000000000e+00
0.000000000000000000e+00
0.000000000000000000e+00
0.000000000000000000e+00
0.000000000000000000e+00
0.000000000000000000e+00
1.000000000000000000e+00
1.000000000000000000e+00
1.000000000000000000e+00
9.128378061061926951e-01
0.000000000000000000e+00
0.000000000000000000e+00
0.000000000000000000e+00
0.000000000000000000e+00
0.000000000000000000e+00
0.000000000000000000e+00
0.000000000000000000e+00
1.000000000000000000e+00
1.000000000000000000e+00
1.000000000000000000e+00
1.000000000000000000e+00
1.588344035470321269e-01
0.000000000000000000e+00
0.000000000000000000e+00
0.000000000000000000e+00
0.000000000000000000e+00
0.000000000000000000e+00
0.000000000000000000e+00
1.000000000000000000e+00
1.000000000000000000e+00
1.000000000000000000e+00
1.000000000000000000e+00
4.522165538948965113e-01
0.000000000000000000e+00
0.000000000000000000e+00
0.000000000000000000e+00
0.000000000000000000e+00
0.000000000000000000e+00
0.000000000000000000e+00
1.000000000000000000e+00
1.000000000000000000e+00
1.000000000000000000e+00
1.000000000000000000e+00
8.222481507029454351e-01
0.000000000000000000e+00
0.000000000000000000e+00
0.000000000000000000e+00
0.000000000000000000e+00
0.000000000000000000e+00
0.000000000000000000e+00
1.000000000000000000e+00
1.000000000000000000e+00
1.000000000000000000e+00
1.000000000000000000e+00
7.471330325885278123e-01
0.000000000000000000e+00
0.000000000000000000e+00
0.000000000000000000e+00
0.000000000000000000e+00
0.000000000000000000e+00
0.000000000000000000e+00
1.000000000000000000e+00
1.000000000000000000e+00
1.000000000000000000e+00
1.000000000000000000e+00
8.091135692848473449e-01
0.000000000000000000e+00
0.000000000000000000e+00
0.000000000000000000e+00
0.000000000000000000e+00
0.000000000000000000e+00
0.000000000000000000e+00
1.000000000000000000e+00
1.000000000000000000e+00
1.000000000000000000e+00
1.000000000000000000e+00
6.010253658203327243e-01
0.000000000000000000e+00
0.000000000000000000e+00
0.000000000000000000e+00
0.000000000000000000e+00
0.000000000000000000e+00
0.000000000000000000e+00
1.000000000000000000e+00
1.000000000000000000e+00
1.000000000000000000e+00
1.000000000000000000e+00
5.973518776223992743e-01
0.000000000000000000e+00
0.000000000000000000e+00
0.000000000000000000e+00
0.000000000000000000e+00
0.000000000000000000e+00
0.000000000000000000e+00
1.000000000000000000e+00
1.000000000000000000e+00
1.000000000000000000e+00
1.000000000000000000e+00
5.019667012816930729e-01
0.000000000000000000e+00
9.929687263155043131e-02
0.000000000000000000e+00
0.000000000000000000e+00
0.000000000000000000e+00
0.000000000000000000e+00
1.000000000000000000e+00
1.000000000000000000e+00
1.000000000000000000e+00
1.000000000000000000e+00
4.596882873384756096e-01
0.000000000000000000e+00
1.279996624176546471e-01
0.000000000000000000e+00
0.000000000000000000e+00
0.000000000000000000e+00
0.000000000000000000e+00
1.000000000000000000e+00
1.000000000000000000e+00
1.000000000000000000e+00
1.000000000000000000e+00
3.959276373707648622e-01
0.000000000000000000e+00
2.402621973032381952e-01
0.000000000000000000e+00
0.000000000000000000e+00
0.000000000000000000e+00
0.000000000000000000e+00
1.000000000000000000e+00
1.000000000000000000e+00
1.000000000000000000e+00
1.000000000000000000e+00
2.729727279441175880e-01
0.000000000000000000e+00
2.987694457384151292e-01
0.000000000000000000e+00
0.000000000000000000e+00
0.000000000000000000e+00
0.000000000000000000e+00
1.000000000000000000e+00
1.000000000000000000e+00
1.000000000000000000e+00
6.895257179082560084e-01
0.000000000000000000e+00
0.000000000000000000e+00
3.592161107880700310e-01
2.591477521175210644e-02
0.000000000000000000e+00
0.000000000000000000e+00
1.172242129839302233e-02
1.000000000000000000e+00
1.000000000000000000e+00
9.363353968156756801e-01
4.951800314637291867e-01
0.000000000000000000e+00
0.000000000000000000e+00
3.859451881869124801e-01
1.775945882464600445e-01
0.000000000000000000e+00
0.000000000000000000e+00
3.546898898839926373e-01
8.934022034853494887e-01
7.384389055029705329e-01
6.183745529710532596e-01
1.453854083413085585e-01
0.000000000000000000e+00
0.000000000000000000e+00
4.197589515005836214e-01
2.465514786371766909e-01
1.637609075598681629e-01
3.069258394050201622e-01
4.855337222206527747e-01
6.052867926903964246e-01
5.206311027879996223e-01
3.155638260412123031e-01
0.000000000000000000e+00
0.000000000000000000e+00
0.000000000000000000e+00
4.016561510893559284e-01
2.775117772450785281e-01
2.950902561288968329e-01
4.474785319755220647e-01
5.155096586801802827e-01
4.713675889333698854e-01
3.197140440093944602e-01
6.817486535305419815e-02
0.000000000000000000e+00
0.000000000000000000e+00
0.000000000000000000e+00
3.757327292718298795e-01
2.549734297033656172e-01
3.539048206797217877e-01
4.506609574256825734e-01
4.764077344905812694e-01
3.023729893012789827e-01
1.412981214956370857e-01
0.000000000000000000e+00
0.000000000000000000e+00
0.000000000000000000e+00
0.000000000000000000e+00
2.648327355589106813e-01
1.007070023369384948e-01
3.218908186942713856e-01
4.140615751257514798e-01
3.664422467063520594e-01
1.003997200760037428e-01
0.000000000000000000e+00
0.000000000000000000e+00
0.000000000000000000e+00
0.000000000000000000e+00
0.000000000000000000e+00
2.446304241171676774e-01
3.610903638973511631e-02
9.187899125148091262e-02
2.948011670163109832e-01
2.529255540358396614e-01
0.000000000000000000e+00
0.000000000000000000e+00
0.000000000000000000e+00
0.000000000000000000e+00
0.000000000000000000e+00
0.000000000000000000e+00
1.720732003771511809e-01
0.000000000000000000e+00
0.000000000000000000e+00
6.769596694430153605e-02
1.972186362117958613e-01
0.000000000000000000e+00
0.000000000000000000e+00
0.000000000000000000e+00
0.000000000000000000e+00
0.000000000000000000e+00
0.000000000000000000e+00
7.601283535760283705e-05
0.000000000000000000e+00
0.000000000000000000e+00
0.000000000000000000e+00
1.699818077549507533e-01
8.855937041000919163e-02
0.000000000000000000e+00
0.000000000000000000e+00
0.000000000000000000e+00
0.000000000000000000e+00
0.000000000000000000e+00
1.723205936189418225e-02
0.000000000000000000e+00
0.000000000000000000e+00
0.000000000000000000e+00
2.067465644644653211e-01
0.000000000000000000e+00
0.000000000000000000e+00
0.000000000000000000e+00
0.000000000000000000e+00
0.000000000000000000e+00
0.000000000000000000e+00
1.107253409962566382e-01
0.000000000000000000e+00
0.000000000000000000e+00
0.000000000000000000e+00
2.273363659152762006e-01
0.000000000000000000e+00
0.000000000000000000e+00
0.000000000000000000e+00
0.000000000000000000e+00
0.000000000000000000e+00
0.000000000000000000e+00
2.472400940885104148e-01
2.869895212257066175e-02
1.364454063349522517e-01
9.695426381164883034e-02
3.097420044476743572e-01
1.699056283413779844e-01
0.000000000000000000e+00
0.000000000000000000e+00
0.000000000000000000e+00
0.000000000000000000e+00
0.000000000000000000e+00
3.581911389447124394e-01
9.066269457496362039e-02
1.745413933227301650e-01
2.762703007889749651e-01
4.129930034277828343e-01
3.430097137911665706e-01
1.673706357386292587e-01
1.488000630305765133e-02
0.000000000000000000e+00
0.000000000000000000e+00
0.000000000000000000e+00
3.802964245645162888e-01
2.769207496296638427e-01
2.418210071998376787e-01
3.430437202552019671e-01
5.015437469286257999e-01
5.073351336637855757e-01
3.612679231208837383e-01
2.130869385538477767e-01
0.000000000000000000e+00
0.000000000000000000e+00
0.000000000000000000e+00
3.957051360071363599e-01
2.666731429124953867e-01
2.496619411472528194e-01
3.604445733933983598e-01
5.463652654023001265e-01
8.153868523828835535e-01
4.868879353868018622e-01
2.812672301796469432e-01
0.000000000000000000e+00
0.000000000000000000e+00
0.000000000000000000e+00
3.795322540074659856e-01
2.279389320562246191e-01
9.170816278282732659e-02
1.854784083381360027e-01
5.374330202168552395e-01
1.000000000000000000e+00
6.023146445670986004e-01
4.754481083204575298e-01
6.482513279747452060e-04
0.000000000000000000e+00
0.000000000000000000e+00
3.413876949671796890e-01
1.162059443400975112e-01
0.000000000000000000e+00
0.000000000000000000e+00
3.480242978821334598e-01
1.000000000000000000e+00
1.000000000000000000e+00
8.943917164681156606e-01
2.738174068433958386e-01
0.000000000000000000e+00
0.000000000000000000e+00
2.603104211698866188e-01
0.000000000000000000e+00
0.000000000000000000e+00
0.000000000000000000e+00
0.000000000000000000e+00
1.000000000000000000e+00
1.000000000000000000e+00
1.000000000000000000e+00
5.789198290739396846e-01
0.000000000000000000e+00
0.000000000000000000e+00
3.836312222650608422e-02
0.000000000000000000e+00
0.000000000000000000e+00
0.000000000000000000e+00
0.000000000000000000e+00
1.000000000000000000e+00
1.000000000000000000e+00
1.000000000000000000e+00
1.000000000000000000e+00
0.000000000000000000e+00
0.000000000000000000e+00
0.000000000000000000e+00
0.000000000000000000e+00
0.000000000000000000e+00
0.000000000000000000e+00
0.000000000000000000e+00
1.000000000000000000e+00
1.000000000000000000e+00
1.000000000000000000e+00
1.000000000000000000e+00
1.396482471160525596e-01
0.000000000000000000e+00
0.000000000000000000e+00
0.000000000000000000e+00
0.000000000000000000e+00
0.000000000000000000e+00
0.000000000000000000e+00
1.000000000000000000e+00
1.000000000000000000e+00
1.000000000000000000e+00
1.000000000000000000e+00
3.126764217107930177e-01
0.000000000000000000e+00
0.000000000000000000e+00
0.000000000000000000e+00
0.000000000000000000e+00
0.000000000000000000e+00
0.000000000000000000e+00
1.000000000000000000e+00
1.000000000000000000e+00
1.000000000000000000e+00
1.000000000000000000e+00
1.000000000000000000e+00
0.000000000000000000e+00
0.000000000000000000e+00
0.000000000000000000e+00
0.000000000000000000e+00
0.000000000000000000e+00
0.000000000000000000e+00
1.000000000000000000e+00
1.000000000000000000e+00
1.000000000000000000e+00
1.000000000000000000e+00
1.000000000000000000e+00
0.000000000000000000e+00
0.000000000000000000e+00
0.000000000000000000e+00
0.000000000000000000e+00
0.000000000000000000e+00
0.000000000000000000e+00
1.000000000000000000e+00
1.000000000000000000e+00
1.000000000000000000e+00
1.000000000000000000e+00
1.000000000000000000e+00
0.000000000000000000e+00
0.000000000000000000e+00
0.000000000000000000e+00
0.000000000000000000e+00
0.000000000000000000e+00
0.000000000000000000e+00
1.000000000000000000e+00
1.000000000000000000e+00
1.000000000000000000e+00
1.000000000000000000e+00
1.000000000000000000e+00
0.000000000000000000e+00
0.000000000000000000e+00
0.000000000000000000e+00
0.000000000000000000e+00
0.000000000000000000e+00
0.000000000000000000e+00
1.000000000000000000e+00
1.000000000000000000e+00
1.000000000000000000e+00
1.000000000000000000e+00
8.251402871347280898e-01
0.000000000000000000e+00
0.000000000000000000e+00
0.000000000000000000e+00
0.000000000000000000e+00
0.000000000000000000e+00
0.000000000000000000e+00
1.000000000000000000e+00
1.000000000000000000e+00
1.000000000000000000e+00
1.000000000000000000e+00
5.233377524779422307e-01
0.000000000000000000e+00
0.000000000000000000e+00
0.000000000000000000e+00
0.000000000000000000e+00
0.000000000000000000e+00
0.000000000000000000e+00
1.000000000000000000e+00
1.000000000000000000e+00
1.000000000000000000e+00
1.000000000000000000e+00
2.709365243818960267e-01
0.000000000000000000e+00
0.000000000000000000e+00
0.000000000000000000e+00
0.000000000000000000e+00
0.000000000000000000e+00
0.000000000000000000e+00
1.000000000000000000e+00
1.000000000000000000e+00
1.000000000000000000e+00
1.000000000000000000e+00
0.000000000000000000e+00
0.000000000000000000e+00
0.000000000000000000e+00
0.000000000000000000e+00
0.000000000000000000e+00
0.000000000000000000e+00
0.000000000000000000e+00
1.000000000000000000e+00
1.000000000000000000e+00
1.000000000000000000e+00
9.119992705644112130e-01
0.000000000000000000e+00
0.000000000000000000e+00
0.000000000000000000e+00
0.000000000000000000e+00
0.000000000000000000e+00
0.000000000000000000e+00
0.000000000000000000e+00
1.000000000000000000e+00
1.000000000000000000e+00
1.000000000000000000e+00
6.526914010765687557e-01
0.000000000000000000e+00
0.000000000000000000e+00
9.663274058409117295e-02
0.000000000000000000e+00
0.000000000000000000e+00
0.000000000000000000e+00
1.918728685666523381e-01
1.000000000000000000e+00
1.000000000000000000e+00
1.000000000000000000e+00
3.910406874436115898e-01
0.000000000000000000e+00
0.000000000000000000e+00
2.792133342925611217e-01
0.000000000000000000e+00
0.000000000000000000e+00
6.367719323805925979e-02
4.921916679112663395e-01
1.000000000000000000e+00
1.000000000000000000e+00
5.771160764691276590e-01
6.244737848667092361e-02
0.000000000000000000e+00
0.000000000000000000e+00
4.122665813505470012e-01
2.938143277566805378e-01
3.176902625153031900e-01
4.247681612784166005e-01
5.436688188525361509e-01
6.525974315022929906e-01
5.228843460118964837e-01
3.270802991598481535e-01
0.000000000000000000e+00
0.000000000000000000e+00
0.000000000000000000e+00
5.067197192484070856e-01
5.102243619604169833e-01
5.094869756059957622e-01
5.216855745339445960e-01
4.950349809085750064e-01
4.147639128049337987e-01
1.963054851810302759e-01
0.000000000000000000e+00
0.000000000000000000e+00
0.000000000000000000e+00
0.000000000000000000e+00
6.072013843710769576e-01
7.475064999196180393e-01
8.984748287729875660e-01
6.675071489507857780e-01
3.856913736848497920e-01
9.436182026024264591e-02
0.000000000000000000e+00
0.000000000000000000e+00
0.000000000000000000e+00
0.000000000000000000e+00
0.000000000000000000e+00
7.305820409968283302e-01
1.000000000000000000e+00
1.000000000000000000e+00
6.945163064560734290e-01
1.403667908694749000e-01
0.000000000000000000e+00
0.000000000000000000e+00
0.000000000000000000e+00
0.000000000000000000e+00
0.000000000000000000e+00
0.000000000000000000e+00
1.000000000000000000e+00
1.000000000000000000e+00
1.000000000000000000e+00
7.025127401697487395e-01
0.000000000000000000e+00
0.000000000000000000e+00
0.000000000000000000e+00
0.000000000000000000e+00
0.000000000000000000e+00
0.000000000000000000e+00
0.000000000000000000e+00
1.000000000000000000e+00
1.000000000000000000e+00
1.000000000000000000e+00
6.399341581286102087e-01
0.000000000000000000e+00
0.000000000000000000e+00
0.000000000000000000e+00
0.000000000000000000e+00
0.000000000000000000e+00
0.000000000000000000e+00
0.000000000000000000e+00
1.000000000000000000e+00
1.000000000000000000e+00
1.000000000000000000e+00
6.359609740879955675e-01
0.000000000000000000e+00
0.000000000000000000e+00
0.000000000000000000e+00
0.000000000000000000e+00
0.000000000000000000e+00
0.000000000000000000e+00
0.000000000000000000e+00
1.000000000000000000e+00
1.000000000000000000e+00
1.000000000000000000e+00
6.362200213649334968e-01
0.000000000000000000e+00
0.000000000000000000e+00
0.000000000000000000e+00
0.000000000000000000e+00
0.000000000000000000e+00
0.000000000000000000e+00
0.000000000000000000e+00
9.319786751668966973e-01
1.000000000000000000e+00
1.000000000000000000e+00
6.944556721083924300e-01
0.000000000000000000e+00
0.000000000000000000e+00
0.000000000000000000e+00
0.000000000000000000e+00
0.000000000000000000e+00
0.000000000000000000e+00
0.000000000000000000e+00
6.712999227366613919e-01
9.276771558017286035e-01
1.000000000000000000e+00
6.894004260229293912e-01
1.626261040918764722e-01
0.000000000000000000e+00
0.000000000000000000e+00
0.000000000000000000e+00
0.000000000000000000e+00
0.000000000000000000e+00
0.000000000000000000e+00
5.691068919453381447e-01
6.754609891514505859e-01
8.281474653438299915e-01
6.235208844142248186e-01
3.254939400124288174e-01
0.000000000000000000e+00
0.000000000000000000e+00
0.000000000000000000e+00
0.000000000000000000e+00
0.000000000000000000e+00
0.000000000000000000e+00
5.116288673571643963e-01
5.189196744993793686e-01
5.181014147981641838e-01
5.295252222528182839e-01
4.979192658474750344e-01
4.020504242177298515e-01
2.186483868444077383e-01
0.000000000000000000e+00
0.000000000000000000e+00
0.000000000000000000e+00
0.000000000000000000e+00
4.189102562405289110e-01
3.085912697324985632e-01
3.558701178504033447e-01
4.230031320152729535e-01
5.178473749380801960e-01
6.409188550774669313e-01
5.391177835008214014e-01
3.072892261001061165e-01
0.000000000000000000e+00
0.000000000000000000e+00
0.000000000000000000e+00
3.241687340827342778e-01
0.000000000000000000e+00
0.000000000000000000e+00
0.000000000000000000e+00
4.191553180138618551e-01
9.993201630252953604e-01
8.740632682044591206e-01
5.836225658981171183e-01
6.082369062595853471e-02
0.000000000000000000e+00
0.000000000000000000e+00
1.167536717459607548e-01
0.000000000000000000e+00
0.000000000000000000e+00
0.000000000000000000e+00
1.867659843742707215e-01
1.000000000000000000e+00
1.000000000000000000e+00
9.649172961191505582e-01
3.548538848948685764e-01
0.000000000000000000e+00
0.000000000000000000e+00
0.000000000000000000e+00
0.000000000000000000e+00
0.000000000000000000e+00
0.000000000000000000e+00
0.000000000000000000e+00
1.000000000000000000e+00
1.000000000000000000e+00
1.000000000000000000e+00
6.149401221059622724e-01
0.000000000000000000e+00
0.000000000000000000e+00
0.000000000000000000e+00
0.000000000000000000e+00
0.000000000000000000e+00
0.000000000000000000e+00
0.000000000000000000e+00
1.000000000000000000e+00
1.000000000000000000e+00
1.000000000000000000e+00
9.070054935243146987e-01
0.000000000000000000e+00
0.000000000000000000e+00
0.000000000000000000e+00
0.000000000000000000e+00
0.000000000000000000e+00
0.000000000000000000e+00
0.000000000000000000e+00
1.000000000000000000e+00
1.000000000000000000e+00
1.000000000000000000e+00
1.000000000000000000e+00
0.000000000000000000e+00
0.000000000000000000e+00
0.000000000000000000e+00
0.000000000000000000e+00
0.000000000000000000e+00
0.000000000000000000e+00
0.000000000000000000e+00
1.000000000000000000e+00
1.000000000000000000e+00
1.000000000000000000e+00
1.000000000000000000e+00
2.645857774618035063e-01
0.000000000000000000e+00
0.000000000000000000e+00
0.000000000000000000e+00
0.000000000000000000e+00
0.000000000000000000e+00
0.000000000000000000e+00
1.000000000000000000e+00
1.000000000000000000e+00
1.000000000000000000e+00
1.000000000000000000e+00
5.049466621172492564e-01
0.000000000000000000e+00
0.000000000000000000e+00
0.000000000000000000e+00
0.000000000000000000e+00
0.000000000000000000e+00
0.000000000000000000e+00
1.000000000000000000e+00
1.000000000000000000e+00
1.000000000000000000e+00
1.000000000000000000e+00
9.394381266302229694e-01
0.000000000000000000e+00
0.000000000000000000e+00
0.000000000000000000e+00
0.000000000000000000e+00
0.000000000000000000e+00
0.000000000000000000e+00
1.000000000000000000e+00
1.000000000000000000e+00
1.000000000000000000e+00
1.000000000000000000e+00
1.000000000000000000e+00
0.000000000000000000e+00
0.000000000000000000e+00
0.000000000000000000e+00
0.000000000000000000e+00
0.000000000000000000e+00
0.000000000000000000e+00
1.000000000000000000e+00
1.000000000000000000e+00
1.000000000000000000e+00
1.000000000000000000e+00
1.000000000000000000e+00
0.000000000000000000e+00
0.000000000000000000e+00
0.000000000000000000e+00
0.000000000000000000e+00
0.000000000000000000e+00
0.000000000000000000e+00
1.000000000000000000e+00
1.000000000000000000e+00
1.000000000000000000e+00
1.000000000000000000e+00
1.000000000000000000e+00
0.000000000000000000e+00
0.000000000000000000e+00
0.000000000000000000e+00
0.000000000000000000e+00
0.000000000000000000e+00
0.000000000000000000e+00
1.000000000000000000e+00
1.000000000000000000e+00
1.000000000000000000e+00
1.000000000000000000e+00
1.000000000000000000e+00
0.000000000000000000e+00
0.000000000000000000e+00
0.000000000000000000e+00
0.000000000000000000e+00
0.000000000000000000e+00
0.000000000000000000e+00
1.000000000000000000e+00
1.000000000000000000e+00
1.000000000000000000e+00
1.000000000000000000e+00
3.626311733887520039e-01
0.000000000000000000e+00
0.000000000000000000e+00
0.000000000000000000e+00
0.000000000000000000e+00
0.000000000000000000e+00
0.000000000000000000e+00
1.000000000000000000e+00
1.000000000000000000e+00
1.000000000000000000e+00
1.000000000000000000e+00
1.164376965613437981e-01
0.000000000000000000e+00
1.400051769449382755e-01
0.000000000000000000e+00
0.000000000000000000e+00
0.000000000000000000e+00
0.000000000000000000e+00
1.000000000000000000e+00
1.000000000000000000e+00
1.000000000000000000e+00
1.000000000000000000e+00
0.000000000000000000e+00
0.000000000000000000e+00
2.387916966042096523e-01
0.000000000000000000e+00
0.000000000000000000e+00
0.000000000000000000e+00
0.000000000000000000e+00
1.000000000000000000e+00
1.000000000000000000e+00
1.000000000000000000e+00
4.716793016160784058e-01
0.000000000000000000e+00
0.000000000000000000e+00
3.522869253858291194e-01
8.269721636102501938e-02
0.000000000000000000e+00
0.000000000000000000e+00
3.476325869314742523e-01
1.000000000000000000e+00
1.000000000000000000e+00
8.050763488140832980e-01
2.705826564627595299e-01
0.000000000000000000e+00
0.000000000000000000e+00
3.853067371904620453e-01
2.426629712975952036e-01
1.240722834104366901e-01
2.041763041555340330e-01
5.305468364871444020e-01
9.136593898226311738e-01
8.948519383186448461e-01
4.587856990836917115e-01
2.521854257862407665e-03
0.000000000000000000e+00
0.000000000000000000e+00
4.010389413145970527e-01
2.671173308627757259e-01
2.509611371776274136e-01
3.592906570998606330e-01
5.623638010216883698e-01
7.482846090463346478e-01
5.437457748012486380e-01
2.941299982043801275e-01
0.000000000000000000e+00
0.000000000000000000e+00
0.000000000000000000e+00
3.805164355679566124e-01
2.618578896783341770e-01
3.096486021989039994e-01
3.916136327818258711e-01
4.999994952830204564e-01
5.096092337848223686e-01
3.582695753067358102e-01
2.292308272946311509e-01
0.000000000000000000e+00
0.000000000000000000e+00
0.000000000000000000e+00
3.006570753563722054e-01
2.083049373000750437e-01
2.877108925332784728e-01
3.972032914941338033e-01
4.157242507754046468e-01
3.066752672101949462e-01
1.129435669067841291e-01
0.000000000000000000e+00
0.000000000000000000e+00
0.000000000000000000e+00
0.000000000000000000e+00
2.526062495496316784e-01
8.451562942556473113e-02
1.854560816582858374e-01
2.694993080603600988e-01
2.146140750032854982e-01
9.954230041618086777e-02
0.000000000000000000e+00
0.000000000000000000e+00
0.000000000000000000e+00
0.000000000000000000e+00
0.000000000000000000e+00
2.485335766881146824e-01
0.000000000000000000e+00
0.000000000000000000e+00
0.000000000000000000e+00
1.291927631288935785e-01
0.000000000000000000e+00
0.000000000000000000e+00
0.000000000000000000e+00
0.000000000000000000e+00
0.000000000000000000e+00
0.000000000000000000e+00
1.547272387306832531e-01
0.000000000000000000e+00
0.000000000000000000e+00
0.000000000000000000e+00
1.126866828422171674e-01
0.000000000000000000e+00
0.000000000000000000e+00
0.000000000000000000e+00
0.000000000000000000e+00
0.000000000000000000e+00
0.000000000000000000e+00
1.258398522541797071e-01
0.000000000000000000e+00
0.000000000000000000e+00
0.000000000000000000e+00
9.586170740551541725e-02
0.000000000000000000e+00
0.000000000000000000e+00
0.000000000000000000e+00
0.000000000000000000e+00
0.000000000000000000e+00
0.000000000000000000e+00
1.794740992863630424e-01
0.000000000000000000e+00
0.000000000000000000e+00
1.515417436570278276e-01
1.475169152393166760e-01
0.000000000000000000e+00
0.000000000000000000e+00
0.000000000000000000e+00
0.000000000000000000e+00
0.000000000000000000e+00
0.000000000000000000e+00
2.493185275290416836e-01
4.005556446067987109e-02
8.200230435637512194e-02
2.469401096583719868e-01
2.361502817957063238e-01
0.000000000000000000e+00
0.000000000000000000e+00
0.000000000000000000e+00
0.000000000000000000e+00
0.000000000000000000e+00
0.000000000000000000e+00
2.841888580695844935e-01
1.297577029203376697e-01
3.246197722304271505e-01
4.050334254656415278e-01
3.906751190538448881e-01
1.282886154898410236e-01
0.000000000000000000e+00
0.000000000000000000e+00
0.000000000000000000e+00
0.000000000000000000e+00
0.000000000000000000e+00
3.842047572999929828e-01
2.914308764238980332e-01
3.827125978118636196e-01
4.376537633894032053e-01
4.668525446823611480e-01
3.026152887440662909e-01
6.392769395647462938e-02
0.000000000000000000e+00
0.000000000000000000e+00
0.000000000000000000e+00
0.000000000000000000e+00
4.202691866287731060e-01
3.329023372366566869e-01
3.352103151568759931e-01
4.318767854526709415e-01
5.176031012570989631e-01
4.896472981607863928e-01
3.457201268378697900e-01
0.000000000000000000e+00
0.000000000000000000e+00
0.000000000000000000e+00
0.000000000000000000e+00
4.221011126336302599e-01
3.037696290874370986e-01
1.526650757029117955e-01
2.863202520713468147e-01
4.793486483131920162e-01
6.359533006464348492e-01
5.540097630584971400e-01
2.472590634882016747e-01
0.000000000000000000e+00
0.000000000000000000e+00
0.000000000000000000e+00
4.029386691375382856e-01
2.425468391557234482e-01
0.000000000000000000e+00
0.000000000000000000e+00
3.764741838092801607e-01
7.909019440194764439e-01
8.153767406112133465e-01
6.324746881338318971e-01
1.348765600925925234e-01
0.000000000000000000e+00
0.000000000000000000e+00
3.766100403818598008e-01
6.169607602061552565e-02
0.000000000000000000e+00
0.000000000000000000e+00
0.000000000000000000e+00
1.000000000000000000e+00
1.000000000000000000e+00
9.385153549606127799e-01
4.816064704887192960e-01
0.000000000000000000e+00
0.000000000000000000e+00
2.949106524997893164e-01
0.000000000000000000e+00
0.000000000000000000e+00
0.000000000000000000e+00
0.000000000000000000e+00
1.000000000000000000e+00
1.000000000000000000e+00
1.000000000000000000e+00
7.302551182361577409e-01
5.200035864022240634e-02
0.000000000000000000e+00
1.717116557758860407e-01
0.000000000000000000e+00
0.000000000000000000e+00
0.000000000000000000e+00
0.000000000000000000e+00
1.000000000000000000e+00
1.000000000000000000e+00
1.000000000000000000e+00
1.000000000000000000e+00
2.961757503223474419e-01
0.000000000000000000e+00
8.977460756424279764e-02
0.000000000000000000e+00
0.000000000000000000e+00
0.000000000000000000e+00
0.000000000000000000e+00
1.000000000000000000e+00
1.000000000000000000e+00
1.000000000000000000e+00
1.000000000000000000e+00
4.233510166107329331e-01
0.000000000000000000e+00
0.000000000000000000e+00
0.000000000000000000e+00
0.000000000000000000e+00
0.000000000000000000e+00
0.000000000000000000e+00
1.000000000000000000e+00
1.000000000000000000e+00
1.000000000000000000e+00
1.000000000000000000e+00
4.635011705598413578e-01
0.000000000000000000e+00
0.000000000000000000e+00
0.000000000000000000e+00
0.000000000000000000e+00
0.000000000000000000e+00
0.000000000000000000e+00
1.000000000000000000e+00
1.000000000000000000e+00
1.000000000000000000e+00
1.000000000000000000e+00
5.027584810893779288e-01
0.000000000000000000e+00
0.000000000000000000e+00
0.000000000000000000e+00
0.000000000000000000e+00
0.000000000000000000e+00
0.000000000000000000e+00
1.000000000000000000e+00
1.000000000000000000e+00
1.000000000000000000e+00
1.000000000000000000e+00
6.026048445508683793e-01
0.000000000000000000e+00
0.000000000000000000e+00
0.000000000000000000e+00
0.000000000000000000e+00
0.000000000000000000e+00
0.000000000000000000e+00
1.000000000000000000e+00
1.000000000000000000e+00
1.000000000000000000e+00
1.000000000000000000e+00
7.300573042469898910e-01
0.000000000000000000e+00
0.000000000000000000e+00
0.000000000000000000e+00
0.000000000000000000e+00
0.000000000000000000e+00
0.000000000000000000e+00
1.000000000000000000e+00
1.000000000000000000e+00
1.000000000000000000e+00
1.000000000000000000e+00
8.394302046269442874e-01
0.000000000000000000e+00
0.000000000000000000e+00
0.000000000000000000e+00
0.000000000000000000e+00
0.000000000000000000e+00
0.000000000000000000e+00
1.000000000000000000e+00
1.000000000000000000e+00
1.000000000000000000e+00
1.000000000000000000e+00
8.433648511418671001e-01
0.000000000000000000e+00
0.000000000000000000e+00
0.000000000000000000e+00
0.000000000000000000e+00
0.000000000000000000e+00
0.000000000000000000e+00
1.000000000000000000e+00
1.000000000000000000e+00
1.000000000000000000e+00
1.000000000000000000e+00
6.996929169849862573e-01
0.000000000000000000e+00
0.000000000000000000e+00
0.000000000000000000e+00
0.000000000000000000e+00
0.000000000000000000e+00
0.000000000000000000e+00
1.000000000000000000e+00
1.000000000000000000e+00
1.000000000000000000e+00
1.000000000000000000e+00
4.688886191813407267e-01
0.000000000000000000e+00
0.000000000000000000e+00
0.000000000000000000e+00
0.000000000000000000e+00
0.000000000000000000e+00
0.000000000000000000e+00
1.000000000000000000e+00
1.000000000000000000e+00
1.000000000000000000e+00
1.000000000000000000e+00
1.626340090429626017e-01
0.000000000000000000e+00
0.000000000000000000e+00
0.000000000000000000e+00
0.000000000000000000e+00
0.000000000000000000e+00
0.000000000000000000e+00
1.000000000000000000e+00
1.000000000000000000e+00
1.000000000000000000e+00
8.977864301553782900e-01
0.000000000000000000e+00
0.000000000000000000e+00
4.390867190799647296e-02
0.000000000000000000e+00
0.000000000000000000e+00
0.000000000000000000e+00
0.000000000000000000e+00
1.000000000000000000e+00
1.000000000000000000e+00
1.000000000000000000e+00
2.662931512985322047e-01
0.000000000000000000e+00
0.000000000000000000e+00
4.664334178813629023e-02
0.000000000000000000e+00
0.000000000000000000e+00
0.000000000000000000e+00
0.000000000000000000e+00
1.000000000000000000e+00
1.000000000000000000e+00
4.566495217591963196e-01
0.000000000000000000e+00
0.000000000000000000e+00
0.000000000000000000e+00
0.000000000000000000e+00
0.000000000000000000e+00
0.000000000000000000e+00
0.000000000000000000e+00
1.515987464543329111e-01
7.639797083760300200e-01
5.965313069311950489e-01
2.319935974086771435e-01
0.000000000000000000e+00
0.000000000000000000e+00
0.000000000000000000e+00
0.000000000000000000e+00
0.000000000000000000e+00
0.000000000000000000e+00
0.000000000000000000e+00
1.780924457920784187e-01
5.403420304127375395e-01
3.568886818748775447e-01
0.000000000000000000e+00
0.000000000000000000e+00
0.000000000000000000e+00
0.000000000000000000e+00
0.000000000000000000e+00
0.000000000000000000e+00
0.000000000000000000e+00
0.000000000000000000e+00
1.158612338754457932e-01
3.977514889822353905e-01
1.010706890965900051e-01
0.000000000000000000e+00
0.000000000000000000e+00
0.000000000000000000e+00
0.000000000000000000e+00
0.000000000000000000e+00
0.000000000000000000e+00
0.000000000000000000e+00
0.000000000000000000e+00
0.000000000000000000e+00
1.855475381049744577e-01
0.000000000000000000e+00
0.000000000000000000e+00
0.000000000000000000e+00
0.000000000000000000e+00
0.000000000000000000e+00
0.000000000000000000e+00
0.000000000000000000e+00
0.000000000000000000e+00
0.000000000000000000e+00
0.000000000000000000e+00
0.000000000000000000e+00
0.000000000000000000e+00
0.000000000000000000e+00
0.000000000000000000e+00
0.000000000000000000e+00
0.000000000000000000e+00
0.000000000000000000e+00
0.000000000000000000e+00
0.000000000000000000e+00
0.000000000000000000e+00
0.000000000000000000e+00
0.000000000000000000e+00
0.000000000000000000e+00
0.000000000000000000e+00
0.000000000000000000e+00
0.000000000000000000e+00
0.000000000000000000e+00
0.000000000000000000e+00
0.000000000000000000e+00
0.000000000000000000e+00
0.000000000000000000e+00
0.000000000000000000e+00
0.000000000000000000e+00
0.000000000000000000e+00
0.000000000000000000e+00
0.000000000000000000e+00
0.000000000000000000e+00
0.000000000000000000e+00
0.000000000000000000e+00
0.000000000000000000e+00
0.000000000000000000e+00
0.000000000000000000e+00
0.000000000000000000e+00
0.000000000000000000e+00
0.000000000000000000e+00
0.000000000000000000e+00
0.000000000000000000e+00
0.000000000000000000e+00
0.000000000000000000e+00
0.000000000000000000e+00
0.000000000000000000e+00
0.000000000000000000e+00
0.000000000000000000e+00
0.000000000000000000e+00
0.000000000000000000e+00
0.000000000000000000e+00
0.000000000000000000e+00
0.000000000000000000e+00
0.000000000000000000e+00
0.000000000000000000e+00
0.000000000000000000e+00
0.000000000000000000e+00
0.000000000000000000e+00
0.000000000000000000e+00
0.000000000000000000e+00
0.000000000000000000e+00
0.000000000000000000e+00
0.000000000000000000e+00
0.000000000000000000e+00
0.000000000000000000e+00
0.000000000000000000e+00
1.664913126279243816e-01
0.000000000000000000e+00
0.000000000000000000e+00
0.000000000000000000e+00
0.000000000000000000e+00
0.000000000000000000e+00
0.000000000000000000e+00
0.000000000000000000e+00
0.000000000000000000e+00
0.000000000000000000e+00
0.000000000000000000e+00
3.904753556971751749e-01
3.136555020959024276e-01
3.554379297625728795e-01
3.350145535321238377e-01
2.171702419894133151e-01
0.000000000000000000e+00
0.000000000000000000e+00
0.000000000000000000e+00
0.000000000000000000e+00
0.000000000000000000e+00
0.000000000000000000e+00
5.768691476732927814e-01
6.451903742224447402e-01
5.901431737317218706e-01
5.215586281420480086e-01
4.194956909555851987e-01
1.961753770799243013e-01
0.000000000000000000e+00
0.000000000000000000e+00
0.000000000000000000e+00
0.000000000000000000e+00
0.000000000000000000e+00
6.441501647821911147e-01
7.571477211498858217e-01
6.474261459612546954e-01
5.720526113300006266e-01
5.016110615693871733e-01
4.361209448513690967e-01
3.151586518469414733e-01
7.214097210444139763e-02
0.000000000000000000e+00
0.000000000000000000e+00
0.000000000000000000e+00
6.648747319995602645e-01
7.739457530155763321e-01
6.249161297672242155e-01
5.485977353945014068e-01
5.652435433743435711e-01
6.815676701531795389e-01
6.336854640685787299e-01
5.408359440766460358e-01
3.781519689041233367e-01
2.985508585019622241e-01
0.000000000000000000e+00
6.315571655661645911e-01
6.908314839584076550e-01
5.143128348763738034e-01
4.134636692186945406e-01
5.106210433871528620e-01
1.000000000000000000e+00
1.000000000000000000e+00
9.998498390415528903e-01
6.949095067955599614e-01
3.729807481347142128e-01
4.128494917726796554e-02
5.758292027185044626e-01
5.402025517351832784e-01
2.226806101000085025e-01
1.543332611196396587e-01
5.015691008639386883e-01
1.000000000000000000e+00
1.000000000000000000e+00
1.000000000000000000e+00
9.815783061039525803e-01
6.246645073046172003e-01
1.808569145803337053e-01
4.920792409018527880e-01
2.002730608250949951e-01
0.000000000000000000e+00
0.000000000000000000e+00
3.549384756122682671e-01
1.000000000000000000e+00
1.000000000000000000e+00
1.000000000000000000e+00
1.000000000000000000e+00
6.660152268987887814e-01
1.565671574059293025e-01
2.649784469255387354e-01
0.000000000000000000e+00
0.000000000000000000e+00
0.000000000000000000e+00
2.330196974699880463e-01
1.000000000000000000e+00
1.000000000000000000e+00
1.000000000000000000e+00
1.000000000000000000e+00
6.587315545265732819e-01
0.000000000000000000e+00
5.660706762496833799e-02
0.000000000000000000e+00
0.000000000000000000e+00
0.000000000000000000e+00
1.466858626715850794e-03
1.000000000000000000e+00
1.000000000000000000e+00
1.000000000000000000e+00
1.000000000000000000e+00
6.162739988544715386e-01
0.000000000000000000e+00
0.000000000000000000e+00
0.000000000000000000e+00
0.000000000000000000e+00
0.000000000000000000e+00
0.000000000000000000e+00
1.000000000000000000e+00
1.000000000000000000e+00
1.000000000000000000e+00
1.000000000000000000e+00
4.950559427765223175e-01
0.000000000000000000e+00
0.000000000000000000e+00
0.000000000000000000e+00
0.000000000000000000e+00
0.000000000000000000e+00
0.000000000000000000e+00
1.000000000000000000e+00
1.000000000000000000e+00
1.000000000000000000e+00
1.000000000000000000e+00
3.306799543471712344e-01
0.000000000000000000e+00
0.000000000000000000e+00
0.000000000000000000e+00
0.000000000000000000e+00
0.000000000000000000e+00
0.000000000000000000e+00
1.000000000000000000e+00
1.000000000000000000e+00
1.000000000000000000e+00
1.000000000000000000e+00
4.461515878311861361e-02
0.000000000000000000e+00
0.000000000000000000e+00
0.000000000000000000e+00
0.000000000000000000e+00
0.000000000000000000e+00
0.000000000000000000e+00
1.000000000000000000e+00
1.000000000000000000e+00
1.000000000000000000e+00
9.700266524106514465e-01
0.000000000000000000e+00
0.000000000000000000e+00
0.000000000000000000e+00
0.000000000000000000e+00
0.000000000000000000e+00
0.000000000000000000e+00
0.000000000000000000e+00
1.000000000000000000e+00
1.000000000000000000e+00
1.000000000000000000e+00
1.000000000000000000e+00
0.000000000000000000e+00
0.000000000000000000e+00
0.000000000000000000e+00
0.000000000000000000e+00
0.000000000000000000e+00
0.000000000000000000e+00
1.578926441173282846e-01
1.000000000000000000e+00
1.000000000000000000e+00
1.000000000000000000e+00
8.484446056506133038e-01
0.000000000000000000e+00
0.000000000000000000e+00
0.000000000000000000e+00
0.000000000000000000e+00
0.000000000000000000e+00
0.000000000000000000e+00
6.177571851272926073e-01
1.000000000000000000e+00
1.000000000000000000e+00
1.000000000000000000e+00
5.471167328093031745e-01
0.000000000000000000e+00
0.000000000000000000e+00
0.000000000000000000e+00
0.000000000000000000e+00
0.000000000000000000e+00
0.000000000000000000e+00
8.587530406472951849e-01
1.000000000000000000e+00
1.000000000000000000e+00
1.000000000000000000e+00
3.851812998065024529e-01
0.000000000000000000e+00
0.000000000000000000e+00
0.000000000000000000e+00
0.000000000000000000e+00
0.000000000000000000e+00
0.000000000000000000e+00
9.982605953678740374e-01
1.000000000000000000e+00
1.000000000000000000e+00
1.000000000000000000e+00
2.587847678811872609e-01
0.000000000000000000e+00
0.000000000000000000e+00
0.000000000000000000e+00
0.000000000000000000e+00
0.000000000000000000e+00
0.000000000000000000e+00
1.000000000000000000e+00
1.000000000000000000e+00
1.000000000000000000e+00
1.000000000000000000e+00
0.000000000000000000e+00
0.000000000000000000e+00
0.000000000000000000e+00
0.000000000000000000e+00
0.000000000000000000e+00
0.000000000000000000e+00
0.000000000000000000e+00
1.000000000000000000e+00
1.000000000000000000e+00
1.000000000000000000e+00
6.398996383632643559e-01
0.000000000000000000e+00
0.000000000000000000e+00
0.000000000000000000e+00
0.000000000000000000e+00
0.000000000000000000e+00
0.000000000000000000e+00
0.000000000000000000e+00
1.000000000000000000e+00
1.000000000000000000e+00
1.000000000000000000e+00
3.669257020724888685e-01
0.000000000000000000e+00
0.000000000000000000e+00
0.000000000000000000e+00
0.000000000000000000e+00
0.000000000000000000e+00
0.000000000000000000e+00
0.000000000000000000e+00
1.000000000000000000e+00
1.000000000000000000e+00
8.340871875450976969e-01
3.069736588364174040e-02
0.000000000000000000e+00
0.000000000000000000e+00
0.000000000000000000e+00
0.000000000000000000e+00
0.000000000000000000e+00
0.000000000000000000e+00
0.000000000000000000e+00
7.984323858198838497e-01
1.000000000000000000e+00
5.539767348514577083e-01
0.000000000000000000e+00
0.000000000000000000e+00
0.000000000000000000e+00
0.000000000000000000e+00
0.000000000000000000e+00
0.000000000000000000e+00
0.000000000000000000e+00
0.000000000000000000e+00
5.879633636672396690e-01
9.229892337497723753e-01
3.856990101920230174e-01
0.000000000000000000e+00
0.000000000000000000e+00
0.000000000000000000e+00
0.000000000000000000e+00
0.000000000000000000e+00
0.000000000000000000e+00
0.000000000000000000e+00
0.000000000000000000e+00
5.146501701032653031e-01
5.783647782497385315e-01
3.227313640043260046e-01
0.000000000000000000e+00
0.000000000000000000e+00
0.000000000000000000e+00
0.000000000000000000e+00
9.524924429517397928e-02
0.000000000000000000e+00
0.000000000000000000e+00
9.226196602695665994e-02
4.895884850647964082e-01
5.703173244285869581e-01
3.757649300129510261e-01
0.000000000000000000e+00
0.000000000000000000e+00
0.000000000000000000e+00
0.000000000000000000e+00
3.479594068292736764e-01
2.019736045431198557e-01
3.372359486074144597e-01
3.788593516590758603e-01
4.848352749495819514e-01
5.475700592852643656e-01
4.767228881932059070e-01
2.943247577140362115e-01
9.535061597830453428e-02
0.000000000000000000e+00
0.000000000000000000e+00
5.238909867274581522e-01
5.449880352529800076e-01
5.038339045776782932e-01
4.851834503517208907e-01
4.906854785308404909e-01
5.466910934755072615e-01
5.565244101324278159e-01
5.275119535178304231e-01
4.865697843148503177e-01
4.621248907346731105e-01
3.347928645676197523e-01
7.970399332435201822e-01
1.000000000000000000e+00
8.417224350052953108e-01
5.456695552495095525e-01
4.879168592921183656e-01
5.458789345775799662e-01
6.425468993815547369e-01
7.172492902958503835e-01
7.102846376975953113e-01
6.835825360398608552e-01
8.251156512819717292e-01
1.000000000000000000e+00
1.000000000000000000e+00
1.000000000000000000e+00
5.912758601614852561e-01
4.785091897568127806e-01
5.496466909141537460e-01
8.241671728371464667e-01
1.000000000000000000e+00
1.000000000000000000e+00
1.000000000000000000e+00
1.000000000000000000e+00
1.000000000000000000e+00
1.000000000000000000e+00
1.000000000000000000e+00
6.084338768215959981e-01
4.124561585897980609e-01
6.059903862967862542e-01
9.871079660710898596e-01
1.000000000000000000e+00
1.000000000000000000e+00
1.000000000000000000e+00
1.000000000000000000e+00
1.000000000000000000e+00
1.000000000000000000e+00
1.000000000000000000e+00
6.162553549917879625e-01
3.199765731744474428e-01
5.977942620746596880e-01
1.000000000000000000e+00
1.000000000000000000e+00
1.000000000000000000e+00
1.000000000000000000e+00
1.000000000000000000e+00
1.000000000000000000e+00
1.000000000000000000e+00
1.000000000000000000e+00
5.628041673050967475e-01
2.174544932029747746e-01
5.687983580974228515e-01
1.000000000000000000e+00
1.000000000000000000e+00
1.000000000000000000e+00
1.000000000000000000e+00
1.000000000000000000e+00
1.000000000000000000e+00
1.000000000000000000e+00
1.000000000000000000e+00
5.098680941553818124e-01
6.393878076525443509e-03
5.560636256125210952e-01
1.000000000000000000e+00
1.000000000000000000e+00
1.000000000000000000e+00
1.000000000000000000e+00
1.000000000000000000e+00
1.000000000000000000e+00
1.000000000000000000e+00
9.599552824812649376e-01
3.124667817567984285e-01
0.000000000000000000e+00
6.047695357669170546e-01
1.000000000000000000e+00
1.000000000000000000e+00
1.000000000000000000e+00
1.000000000000000000e+00
7.968421433275491017e-01
1.000000000000000000e+00
1.000000000000000000e+00
6.767998975827691499e-01
1.648917827800394087e-01
0.000000000000000000e+00
6.253900786056764138e-01
1.000000000000000000e+00
1.000000000000000000e+00
1.000000000000000000e+00
1.000000000000000000e+00
7.065616843665882829e-01
1.000000000000000000e+00
1.000000000000000000e+00
5.354519121728944508e-01
4.220651707774440708e-02
0.000000000000000000e+00
7.320259517445373287e-01
1.000000000000000000e+00
1.000000000000000000e+00
1.000000000000000000e+00
1.000000000000000000e+00
6.444741144419645629e-01
1.000000000000000000e+00
1.000000000000000000e+00
4.262459188788731979e-01
0.000000000000000000e+00
0.000000000000000000e+00
8.448816244165021638e-01
1.000000000000000000e+00
1.000000000000000000e+00
1.000000000000000000e+00
1.000000000000000000e+00
5.399432468446153655e-01
7.247593844448890765e-01
6.204096405790379132e-01
3.431819871871576444e-01
0.000000000000000000e+00
0.000000000000000000e+00
9.992407943215358967e-01
1.000000000000000000e+00
1.000000000000000000e+00
1.000000000000000000e+00
1.000000000000000000e+00
5.000818591739588648e-01
5.727557090823125474e-01
5.509236627860784052e-01
3.004885243081343305e-01
0.000000000000000000e+00
0.000000000000000000e+00
1.000000000000000000e+00
1.000000000000000000e+00
1.000000000000000000e+00
1.000000000000000000e+00
1.000000000000000000e+00
4.152366656095241582e-01
5.341223619179016335e-01
4.967261996058085494e-01
2.647915212650995276e-01
0.000000000000000000e+00
0.000000000000000000e+00
1.000000000000000000e+00
1.000000000000000000e+00
1.000000000000000000e+00
1.000000000000000000e+00
1.000000000000000000e+00
3.152759015755032257e-01
5.192738945796407934e-01
4.533355400599450302e-01
1.832383443498063758e-01
0.000000000000000000e+00
0.000000000000000000e+00
1.000000000000000000e+00
1.000000000000000000e+00
1.000000000000000000e+00
1.000000000000000000e+00
8.797371234582628263e-01
2.526075821258531584e-01
4.866318442231171715e-01
3.837525299696046832e-01
0.000000000000000000e+00
0.000000000000000000e+00
1.954366162719086818e-03
1.000000000000000000e+00
1.000000000000000000e+00
1.000000000000000000e+00
1.000000000000000000e+00
7.088893814560595086e-01
9.146636640076140357e-02
4.263414526474486599e-01
1.800130538343950870e-01
0.000000000000000000e+00
0.000000000000000000e+00
2.804862468579721879e-03
1.000000000000000000e+00
1.000000000000000000e+00
1.000000000000000000e+00
1.000000000000000000e+00
6.236455634990254460e-01
1.642767404795086872e-02
1.441674842886348507e-01
0.000000000000000000e+00
0.000000000000000000e+00
0.000000000000000000e+00
0.000000000000000000e+00
1.000000000000000000e+00
1.000000000000000000e+00
1.000000000000000000e+00
1.000000000000000000e+00
5.479340424387103559e-01
0.000000000000000000e+00
0.000000000000000000e+00
0.000000000000000000e+00
0.000000000000000000e+00
0.000000000000000000e+00
0.000000000000000000e+00
8.879877123574292375e-01
1.000000000000000000e+00
1.000000000000000000e+00
1.000000000000000000e+00
4.899492873754867639e-01
0.000000000000000000e+00
0.000000000000000000e+00
0.000000000000000000e+00
0.000000000000000000e+00
0.000000000000000000e+00
0.000000000000000000e+00
7.368684204978858121e-01
1.000000000000000000e+00
1.000000000000000000e+00
7.551235372682194580e-01
2.897965891712777076e-01
0.000000000000000000e+00
0.000000000000000000e+00
0.000000000000000000e+00
0.000000000000000000e+00
0.000000000000000000e+00
0.000000000000000000e+00
5.630488755958593661e-01
9.998437683174546953e-01
9.041106636532464380e-01
5.156787654440253554e-01
8.733361135116447793e-03
0.000000000000000000e+00
0.000000000000000000e+00
0.000000000000000000e+00
0.000000000000000000e+00
0.000000000000000000e+00
0.000000000000000000e+00
4.379722199006091943e-01
8.150128793162251251e-01
6.359578093229864004e-01
2.996849467826126490e-01
0.000000000000000000e+00
0.000000000000000000e+00
0.000000000000000000e+00
0.000000000000000000e+00
0.000000000000000000e+00
0.000000000000000000e+00
0.000000000000000000e+00
3.464710588964909910e-01
6.195735526524872583e-01
4.295646740548423326e-01
0.000000000000000000e+00
0.000000000000000000e+00
0.000000000000000000e+00
0.000000000000000000e+00
0.000000000000000000e+00
0.000000000000000000e+00
0.000000000000000000e+00
0.000000000000000000e+00
2.513854784778520868e-01
4.326249848174209545e-01
2.369036881606844391e-01
0.000000000000000000e+00
0.000000000000000000e+00
0.000000000000000000e+00
0.000000000000000000e+00
0.000000000000000000e+00
0.000000000000000000e+00
0.000000000000000000e+00
0.000000000000000000e+00
2.033303016791400131e-01
2.236022824044788804e-01
0.000000000000000000e+00
0.000000000000000000e+00
0.000000000000000000e+00
0.000000000000000000e+00
0.000000000000000000e+00
0.000000000000000000e+00
0.000000000000000000e+00
0.000000000000000000e+00
0.000000000000000000e+00
9.988734525644292483e-02
0.000000000000000000e+00
0.000000000000000000e+00
0.000000000000000000e+00
0.000000000000000000e+00
0.000000000000000000e+00
0.000000000000000000e+00
0.000000000000000000e+00
0.000000000000000000e+00
0.000000000000000000e+00
0.000000000000000000e+00
0.000000000000000000e+00
0.000000000000000000e+00
0.000000000000000000e+00
0.000000000000000000e+00
0.000000000000000000e+00
0.000000000000000000e+00
0.000000000000000000e+00
0.000000000000000000e+00
0.000000000000000000e+00
0.000000000000000000e+00
0.000000000000000000e+00
0.000000000000000000e+00
0.000000000000000000e+00
0.000000000000000000e+00
0.000000000000000000e+00
0.000000000000000000e+00
0.000000000000000000e+00
0.000000000000000000e+00
0.000000000000000000e+00
0.000000000000000000e+00
0.000000000000000000e+00
0.000000000000000000e+00
0.000000000000000000e+00
0.000000000000000000e+00
0.000000000000000000e+00
0.000000000000000000e+00
0.000000000000000000e+00
0.000000000000000000e+00
0.000000000000000000e+00
0.000000000000000000e+00
0.000000000000000000e+00
0.000000000000000000e+00
0.000000000000000000e+00
0.000000000000000000e+00
0.000000000000000000e+00
0.000000000000000000e+00
0.000000000000000000e+00
0.000000000000000000e+00
0.000000000000000000e+00
0.000000000000000000e+00
0.000000000000000000e+00
0.000000000000000000e+00
0.000000000000000000e+00
0.000000000000000000e+00
0.000000000000000000e+00
0.000000000000000000e+00
0.000000000000000000e+00
0.000000000000000000e+00
0.000000000000000000e+00
0.000000000000000000e+00
1.372483649320634380e-01
0.000000000000000000e+00
0.000000000000000000e+00
0.000000000000000000e+00
0.000000000000000000e+00
0.000000000000000000e+00
0.000000000000000000e+00
0.000000000000000000e+00
0.000000000000000000e+00
0.000000000000000000e+00
0.000000000000000000e+00
9.421529557848096204e-02
0.000000000000000000e+00
0.000000000000000000e+00
0.000000000000000000e+00
0.000000000000000000e+00
0.000000000000000000e+00
0.000000000000000000e+00
0.000000000000000000e+00
0.000000000000000000e+00
0.000000000000000000e+00
0.000000000000000000e+00
