0.7, 0.00801668
0.699475, 0.00803165
0.698951, 0.00804665
0.698427, 0.0080617
0.697904, 0.0080768
0.697382, 0.00809194
0.697241, 0.00809605
0.696861, 0.00810712
0.696341, 0.00812235
0.695821, 0.00813763
0.695302, 0.00815294
0.694784, 0.00816831
0.694267, 0.00818371
0.69375, 0.00819917
0.693234, 0.00821466
0.692719, 0.00823021
0.692205, 0.00824579
0.691691, 0.00826143
0.691179, 0.00827711
0.690667, 0.00829283
0.690155, 0.0083086
0.689645, 0.00832442
0.689135, 0.00834028
0.688626, 0.00835619
0.688118, 0.00837214
0.687611, 0.00838814
0.687104, 0.00840419
0.686598, 0.00842028
0.686093, 0.00843642
0.685588, 0.00845261
0.685084, 0.00846884
0.684581, 0.00848512
0.684079, 0.00850145
0.683578, 0.00851782
0.683448, 0.00852207
0.683077, 0.00853424
0.682577, 0.00855071
0.682078, 0.00856723
0.681579, 0.0085838
0.681081, 0.00860041
0.680584, 0.00861707
0.680088, 0.00863378
0.679592, 0.00865053
0.679097, 0.00866734
0.678603, 0.00868419
0.678109, 0.00870109
0.677616, 0.00871804
0.677124, 0.00873504
0.676633, 0.00875209
0.676142, 0.00876919
0.675652, 0.00878634
0.675163, 0.00880353
0.674674, 0.00882078
0.674187, 0.00883807
0.673699, 0.00885542
0.673213, 0.00887281
0.672727, 0.00889026
0.672242, 0.00890775
0.671758, 0.0089253
0.671274, 0.00894289
0.670791, 0.00896054
0.670309, 0.00897824
0.669828, 0.00899598
0.669655, 0.00900236
0.669347, 0.00901378
0.668867, 0.00903163
0.668387, 0.00904954
0.667908, 0.00906749
0.66743, 0.00908549
0.666953, 0.00910355
0.666476, 0.00912166
0.666, 0.00913982
0.665525, 0.00915803
0.66505, 0.0091763
0.664576, 0.00919462
0.664103, 0.00921299
0.66363, 0.00923141
0.663158, 0.00924989
0.662687, 0.00926842
0.662216, 0.009287
0.661746, 0.00930564
0.661277, 0.00932433
0.660808, 0.00934307
0.66034, 0.00936187
0.659873, 0.00938073
0.659406, 0.00939963
0.65894, 0.00941859
0.658475, 0.00943761
0.65801, 0.00945668
0.657546, 0.00947581
0.657082, 0.00949499
0.65662, 0.00951422
0.656158, 0.00953352
0.655862, 0.0095459
0.655696, 0.00955286
0.655235, 0.00957227
0.654775, 0.00959173
0.654316, 0.00961124
0.653857, 0.00963082
0.653399, 0.00965045
0.652941, 0.00967013
0.652484, 0.00968987
0.652028, 0.00970968
0.651572, 0.00972953
0.651117, 0.00974945
0.650663, 0.00976942
0.650209, 0.00978945
0.649756, 0.00980954
0.649304, 0.00982969
0.648852, 0.00984989
0.648401, 0.00987016
0.64795, 0.00989048
0.6475, 0.00991086
0.647051, 0.0099313
0.646602, 0.0099518
0.646154, 0.00997236
0.645706, 0.00999298
0.64526, 0.0100137
0.644813, 0.0100344
0.644368, 0.0100552
0.643923, 0.0100761
0.643478, 0.010097
0.643034, 0.010118
0.642591, 0.010139
0.642149, 0.0101601
0.642069, 0.0101639
0.641707, 0.0101813
0.641265, 0.0102025
0.640825, 0.0102238
0.640385, 0.0102452
0.639945, 0.0102666
0.639506, 0.0102881
0.639068, 0.0103096
0.63863, 0.0103312
0.638193, 0.0103529
0.637756, 0.0103746
0.637321, 0.0103964
0.636885, 0.0104183
0.636451, 0.0104402
0.636016, 0.0104622
0.635583, 0.0104842
0.63515, 0.0105064
0.634717, 0.0105285
0.634286, 0.0105508
0.633855, 0.0105731
0.633424, 0.0105955
0.632994, 0.0106179
0.632564, 0.0106404
0.632136, 0.010663
0.631707, 0.0106857
0.63128, 0.0107084
0.630853, 0.0107312
0.630426, 0.010754
0.63, 0.0107769
0.629575, 0.0107999
0.62915, 0.010823
0.628726, 0.0108461
0.628302, 0.0108693
0.628276, 0.0108707
0.627879, 0.0108925
0.627456, 0.0109159
0.627034, 0.0109393
0.626613, 0.0109627
0.626192, 0.0109863
0.625772, 0.0110099
0.625352, 0.0110336
0.624933, 0.0110573
0.624514, 0.0110811
0.624096, 0.011105
0.623679, 0.011129
0.623262, 0.011153
0.622846, 0.0111771
0.62243, 0.0112013
0.622015, 0.0112256
0.6216, 0.0112499
0.621186, 0.0112743
0.620772, 0.0112988
0.620359, 0.0113233
0.619947, 0.0113479
0.619535, 0.0113726
0.619124, 0.0113974
0.618713, 0.0114223
0.618302, 0.0114472
0.617893, 0.0114722
0.617483, 0.0114972
0.617075, 0.0115224
0.616667, 0.0115476
0.616259, 0.0115729
0.615852, 0.0115983
0.615446, 0.0116238
0.61504, 0.0116493
0.614634, 0.0116749
0.614483, 0.0116845
0.614229, 0.0117006
0.613825, 0.0117263
0.613421, 0.0117522
0.613018, 0.0117781
0.612615, 0.0118041
0.612213, 0.0118302
0.611811, 0.0118564
0.61141, 0.0118826
0.611009, 0.0119089
0.610609, 0.0119353
0.610209, 0.0119618
0.60981, 0.0119884
0.609412, 0.0120151
0.609014, 0.0120418
0.608616, 0.0120686
0.608219, 0.0120955
0.607823, 0.0121225
0.607427, 0.0121495
0.607031, 0.0121767
0.606636, 0.0122039
0.606242, 0.0122312
0.605848, 0.0122586
0.605455, 0.0122861
0.605062, 0.0123137
0.604669, 0.0123414
0.604277, 0.0123691
0.603886, 0.0123969
0.603495, 0.0124248
0.603105, 0.0124529
0.602715, 0.0124809
0.602326, 0.0125091
0.601937, 0.0125374
0.601548, 0.0125658
0.601161, 0.0125942
0.600773, 0.0126227
0.60069, 0.0126289
0.600386, 0.0126514
0.6, 0.0126801
0.599614, 0.0127089
0.599229, 0.0127378
0.598844, 0.0127668
0.59846, 0.0127959
0.598076, 0.012825
0.597692, 0.0128543
0.597309, 0.0128836
0.596927, 0.0129131
0.596545, 0.0129426
0.596164, 0.0129723
0.595783, 0.013002
0.595402, 0.0130318
0.595022, 0.0130618
0.594643, 0.0130918
0.594264, 0.0131219
0.593885, 0.0131521
0.593507, 0.0131824
0.59313, 0.0132128
0.592753, 0.0132433
0.592376, 0.0132739
0.592, 0.0133046
0.591624, 0.0133354
0.591249, 0.0133663
0.590875, 0.0133973
0.5905, 0.0134284
0.590127, 0.0134596
0.589753, 0.0134909
0.589381, 0.0135223
0.589008, 0.0135538
0.588636, 0.0135854
0.588265, 0.0136171
0.587894, 0.0136489
0.587524, 0.0136808
0.587154, 0.0137128
0.586897, 0.0137351
0.586784, 0.0137449
0.586415, 0.0137771
0.586047, 0.0138095
0.585678, 0.0138419
0.585311, 0.0138744
0.584944, 0.0139071
0.584577, 0.0139398
0.584211, 0.0139727
0.583845, 0.0140057
0.583479, 0.0140387
0.583114, 0.0140719
0.58275, 0.0141052
0.582386, 0.0141386
0.582022, 0.0141721
0.581659, 0.0142058
0.581297, 0.0142395
0.580935, 0.0142734
0.580573, 0.0143073
0.580212, 0.0143414
0.579851, 0.0143756
0.57949, 0.0144099
0.57913, 0.0144443
0.578771, 0.0144788
0.578412, 0.0145135
0.578053, 0.0145482
0.577695, 0.0145831
0.577337, 0.0146181
0.57698, 0.0146532
0.576623, 0.0146884
0.576267, 0.0147238
0.575911, 0.0147592
0.575556, 0.0147948
0.5752, 0.0148305
0.574846, 0.0148664
0.574492, 0.0149023
0.574138, 0.0149384
0.573785, 0.0149746
0.573432, 0.0150109
0.573103, 0.0150449
0.573079, 0.0150473
0.572727, 0.0150839
0.572376, 0.0151206
0.572025, 0.0151574
0.571674, 0.0151943
0.571324, 0.0152314
0.570974, 0.0152686
0.570624, 0.0153059
0.570275, 0.0153433
0.569927, 0.0153809
0.569578, 0.0154186
0.569231, 0.0154564
0.568883, 0.0154944
0.568537, 0.0155325
0.56819, 0.0155707
0.567844, 0.015609
0.567498, 0.0156475
0.567153, 0.0156861
0.566809, 0.0157249
0.566464, 0.0157638
0.56612, 0.0158028
0.565777, 0.015842
0.565434, 0.0158812
0.565091, 0.0159207
0.564749, 0.0159602
0.564407, 0.0159999
0.564065, 0.0160398
0.563724, 0.0160798
0.563384, 0.0161199
0.563043, 0.0161602
0.562704, 0.0162006
0.562364, 0.0162411
0.562025, 0.0162818
0.561687, 0.0163226
0.561349, 0.0163636
0.561011, 0.0164047
0.560673, 0.016446
0.560337, 0.0164874
0.56, 0.016529
0.559664, 0.0165707
0.559328, 0.0166125
0.55931, 0.0166148
0.558993, 0.0166545
0.558658, 0.0166967
0.558323, 0.016739
0.557989, 0.0167815
0.557656, 0.0168241
0.557322, 0.0168668
0.556989, 0.0169097
0.556657, 0.0169528
0.556325, 0.016996
0.555993, 0.0170394
0.555662, 0.0170829
0.555331, 0.0171266
0.555, 0.0171705
0.55467, 0.0172145
0.55434, 0.0172586
0.554011, 0.017303
0.553682, 0.0173475
0.553353, 0.0173921
0.553025, 0.0174369
0.552697, 0.0174819
0.55237, 0.017527
0.552043, 0.0175723
0.551716, 0.0176178
0.55139, 0.0176634
0.551064, 0.0177092
0.550738, 0.0177552
0.550413, 0.0178013
0.550088, 0.0178476
0.549764, 0.0178941
0.54944, 0.0179407
0.549117, 0.0179876
0.548793, 0.0180345
0.548471, 0.0180817
0.548148, 0.018129
0.547826, 0.0181766
0.547504, 0.0182243
0.547183, 0.0182721
0.546862, 0.0183202
0.546542, 0.0183684
0.546221, 0.0184168
0.545902, 0.0184654
0.545582, 0.0185142
0.545517, 0.0185241
0.545263, 0.0185631
0.544944, 0.0186122
0.544626, 0.0186616
0.544308, 0.0187111
0.543991, 0.0187607
0.543673, 0.0188106
0.543357, 0.0188607
0.54304, 0.0189109
0.542724, 0.0189614
0.542408, 0.019012
0.542093, 0.0190628
0.541778, 0.0191139
0.541463, 0.0191651
0.541149, 0.0192165
0.540835, 0.0192681
0.540522, 0.0193199
0.540209, 0.0193719
0.539896, 0.0194241
0.539583, 0.0194765
0.539271, 0.0195291
0.53896, 0.0195819
0.538648, 0.0196349
0.538337, 0.0196881
0.538027, 0.0197415
0.537716, 0.0197951
0.537406, 0.0198489
0.537097, 0.019903
0.536788, 0.0199572
0.536479, 0.0200117
0.53617, 0.0200663
0.535862, 0.0201212
0.535554, 0.0201763
0.535247, 0.0202316
0.53494, 0.0202871
0.534633, 0.0203429
0.534327, 0.0203988
0.534021, 0.020455
0.533715, 0.0205114
0.53341, 0.020568
0.533105, 0.0206249
0.5328, 0.0206819
0.532496, 0.0207392
0.532192, 0.0207968
0.531888, 0.0208545
0.531724, 0.0208859
0.531585, 0.0209125
0.531282, 0.0209707
0.530979, 0.0210291
0.530677, 0.0210878
0.530375, 0.0211467
0.530074, 0.0212058
0.529773, 0.0212652
0.529472, 0.0213248
0.529171, 0.0213846
0.528871, 0.0214447
0.528571, 0.0215051
0.528272, 0.0215656
0.527973, 0.0216265
0.527674, 0.0216875
0.527376, 0.0217488
0.527077, 0.0218104
0.52678, 0.0218722
0.526482, 0.0219342
0.526185, 0.0219966
0.525888, 0.0220591
0.525592, 0.0221219
0.525296, 0.022185
0.525, 0.0222483
0.524705, 0.0223119
0.524409, 0.0223758
0.524115, 0.0224399
0.52382, 0.0225043
0.523526, 0.0225689
0.523232, 0.0226338
0.522939, 0.022699
0.522646, 0.0227644
0.522353, 0.0228301
0.52206, 0.0228961
0.521768, 0.0229624
0.521477, 0.0230289
0.521185, 0.0230957
0.520894, 0.0231628
0.520603, 0.0232301
0.520313, 0.0232978
0.520022, 0.0233657
0.519732, 0.0234339
0.519443, 0.0235024
0.519154, 0.0235712
0.518865, 0.0236403
0.518576, 0.0237097
0.518288, 0.0237793
0.518, 0.0238493
0.517931, 0.0238661
0.517712, 0.0239195
0.517425, 0.0239901
0.517138, 0.0240609
0.516851, 0.024132
0.516565, 0.0242035
0.516279, 0.0242752
0.515993, 0.0243473
0.515708, 0.0244197
0.515423, 0.0244923
0.515138, 0.0245653
0.514854, 0.0246386
0.51457, 0.0247122
0.514286, 0.0247862
0.514002, 0.0248604
0.513719, 0.024935
0.513436, 0.0250099
0.513154, 0.0250851
0.512871, 0.0251606
0.512589, 0.0252365
0.512308, 0.0253127
0.512026, 0.0253892
0.511745, 0.0254661
0.511465, 0.0255432
0.511184, 0.0256208
0.510904, 0.0256986
0.510624, 0.0257769
0.510345, 0.0258554
0.510066, 0.0259343
0.509787, 0.0260136
0.509508, 0.0260932
0.50923, 0.0261731
0.508952, 0.0262534
0.508674, 0.0263341
0.508397, 0.0264151
0.50812, 0.0264964
0.507843, 0.0265782
0.507567, 0.0266603
0.507291, 0.0267427
0.507015, 0.0268256
0.506739, 0.0269088
0.506464, 0.0269924
0.506189, 0.0270763
0.505914, 0.0271606
0.50564, 0.0272453
0.505366, 0.0273304
0.505092, 0.0274159
0.504819, 0.0275018
0.504545, 0.027588
0.504273, 0.0276746
0.504138, 0.0277175
0.504, 0.0277617
0.503728, 0.0278491
0.503456, 0.0279369
0.503184, 0.0280251
0.502913, 0.0281138
0.502642, 0.0282028
0.502371, 0.0282922
0.5021, 0.0283821
0.50183, 0.0284724
0.50156, 0.028563
0.50129, 0.0286541
0.501021, 0.0287457
0.500752, 0.0288376
0.500483, 0.02893
0.500215, 0.0290228
0.499946, 0.029116
0.499678, 0.0292096
0.499411, 0.0293037
0.499143, 0.0293983
0.498876, 0.0294932
0.49861, 0.0295887
0.498343, 0.0296845
0.498077, 0.0297808
0.497811, 0.0298776
0.497545, 0.0299748
0.49728, 0.0300725
0.497015, 0.0301707
0.49675, 0.0302693
0.496486, 0.0303683
0.496221, 0.0304679
0.495957, 0.0305679
0.495694, 0.0306684
0.49543, 0.0307694
0.495167, 0.0308708
0.494904, 0.0309728
0.494642, 0.0310752
0.49438, 0.0311781
0.494118, 0.0312815
0.493856, 0.0313854
0.493594, 0.0314899
0.493333, 0.0315948
0.493072, 0.0317002
0.492812, 0.0318061
0.492552, 0.0319126
0.492291, 0.0320195
0.492032, 0.032127
0.491772, 0.032235
0.491513, 0.0323436
0.491254, 0.0324527
0.490995, 0.0325623
0.490737, 0.0326724
0.490479, 0.0327831
0.490345, 0.0328407
0.490221, 0.0328943
0.489963, 0.0330061
0.489706, 0.0331184
0.489449, 0.0332313
0.489192, 0.0333447
0.488936, 0.0334587
0.488679, 0.0335733
0.488423, 0.0336884
0.488168, 0.0338042
0.487912, 0.0339204
0.487657, 0.0340373
0.487402, 0.0341548
0.487147, 0.0342728
0.486893, 0.0343915
0.486639, 0.0345107
0.486385, 0.0346305
0.486131, 0.034751
0.485878, 0.034872
0.485625, 0.0349937
0.485372, 0.035116
0.48512, 0.0352389
0.484867, 0.0353624
0.484615, 0.0354866
0.484364, 0.0356114
0.484112, 0.0357368
0.483861, 0.0358629
0.48361, 0.0359897
0.483359, 0.036117
0.483109, 0.0362451
0.482859, 0.0363738
0.482609, 0.0365031
0.482359, 0.0366332
0.48211, 0.0367639
0.48186, 0.0368953
0.481612, 0.0370273
0.481363, 0.0371601
0.481115, 0.0372935
0.480866, 0.0374277
0.480619, 0.0375625
0.480371, 0.0376981
0.480124, 0.0378344
0.479876, 0.0379714
0.47963, 0.0381091
0.479383, 0.0382475
0.479137, 0.0383867
0.478891, 0.0385266
0.478645, 0.0386673
0.478399, 0.0388087
0.478154, 0.0389508
0.477909, 0.0390938
0.477664, 0.0392374
0.477419, 0.0393819
0.477175, 0.0395271
0.476931, 0.0396731
0.476687, 0.0398199
0.476552, 0.0399017
0.476444, 0.0399675
0.4762, 0.0401159
0.475957, 0.0402651
0.475714, 0.0404151
0.475472, 0.0405659
0.475229, 0.0407175
0.474987, 0.04087
0.474745, 0.0410233
0.474504, 0.0411774
0.474262, 0.0413324
0.474021, 0.0414882
0.47378, 0.0416449
0.47354, 0.0418025
0.473299, 0.0419609
0.473059, 0.0421202
0.472819, 0.0422804
0.47258, 0.0424414
0.47234, 0.0426034
0.472101, 0.0427663
0.471862, 0.0429301
0.471624, 0.0430947
0.471385, 0.0432604
0.471147, 0.0434269
0.470909, 0.0435944
0.470671, 0.0437628
0.470434, 0.0439322
0.470197, 0.0441025
0.46996, 0.0442738
0.469723, 0.0444461
0.469486, 0.0446193
0.46925, 0.0447935
0.469014, 0.0449688
0.468778, 0.045145
0.468543, 0.0453222
0.468307, 0.0455005
0.468072, 0.0456798
0.467837, 0.0458601
0.467603, 0.0460414
0.467368, 0.0462238
0.467134, 0.0464073
0.4669, 0.0465918
0.466667, 0.0467774
0.466433, 0.046964
0.4662, 0.0471518
0.465967, 0.0473406
0.465734, 0.0475306
0.465502, 0.0477217
0.465269, 0.0479139
0.465037, 0.0481072
0.464806, 0.0483017
0.464574, 0.0484973
0.464343, 0.048694
0.464111, 0.048892
0.463881, 0.0490911
0.46365, 0.0492914
0.463419, 0.0494929
0.463189, 0.0496956
0.462959, 0.0498995
0.462759, 0.0500782
0.46273, 0.0501046
0.4625, 0.050311
0.462271, 0.0505186
0.462042, 0.0507275
0.461813, 0.0509376
0.461584, 0.051149
0.461356, 0.0513617
0.461128, 0.0515757
0.4609, 0.0517909
0.460672, 0.0520075
0.460444, 0.0522254
0.460217, 0.0524447
0.45999, 0.0526653
0.459763, 0.0528872
0.459537, 0.0531106
0.45931, 0.0533353
0.459084, 0.0535614
0.458858, 0.0537889
0.458633, 0.0540178
0.458407, 0.0542481
0.458182, 0.0544798
0.457957, 0.0547131
0.457732, 0.0549477
0.457507, 0.0551839
0.457283, 0.0554215
0.457059, 0.0556606
0.456835, 0.0559013
0.456611, 0.0561434
0.456388, 0.0563871
0.456164, 0.0566324
0.455941, 0.0568792
0.455718, 0.0571275
0.455496, 0.0573775
0.455273, 0.057629
0.455051, 0.0578822
0.454829, 0.058137
0.454608, 0.0583934
0.454386, 0.0586515
0.454165, 0.0589113
0.453944, 0.0591727
0.453723, 0.0594359
0.453502, 0.0597007
0.453281, 0.0599673
0.453061, 0.0602356
0.452841, 0.0605057
0.452621, 0.0607775
0.452402, 0.0610511
0.452182, 0.0613265
0.451963, 0.0616038
0.451744, 0.0618829
0.451525, 0.0621638
0.451307, 0.0624466
0.451089, 0.0627313
0.45087, 0.0630178
0.450652, 0.0633063
0.450435, 0.0635967
0.450217, 0.0638891
0.45, 0.0641834
0.449783, 0.0644797
0.449566, 0.064778
0.449349, 0.0650784
0.449133, 0.0653807
0.448966, 0.0656155
0.448917, 0.0656851
0.448701, 0.0659916
0.448485, 0.0663002
0.448269, 0.0666109
0.448054, 0.0669237
0.447839, 0.0672387
0.447624, 0.0675558
0.447409, 0.0678751
0.447194, 0.0681967
0.44698, 0.0685204
0.446766, 0.0688464
0.446552, 0.0691747
0.446338, 0.0695052
0.446124, 0.0698381
0.445911, 0.0701733
0.445698, 0.0705108
0.445485, 0.0708507
0.445272, 0.071193
0.44506, 0.0715377
0.444847, 0.0718849
0.444635, 0.0722345
0.444423, 0.0725866
0.444212, 0.0729412
0.444, 0.0732984
0.443789, 0.0736581
0.443578, 0.0740204
0.443367, 0.0743852
0.443156, 0.0747528
0.442945, 0.0751229
0.442735, 0.0754958
0.442525, 0.0758713
0.442315, 0.0762496
0.442105, 0.0766306
0.441896, 0.0770144
0.441686, 0.077401
0.441477, 0.0777904
0.441268, 0.0781827
0.44106, 0.0785779
0.440851, 0.078976
0.440643, 0.0793771
0.440435, 0.0797811
0.440227, 0.0801881
0.440019, 0.0805981
0.439811, 0.0810113
0.439604, 0.0814275
0.439397, 0.0818468
0.43919, 0.0822692
0.438983, 0.0826949
0.438776, 0.0831238
0.43857, 0.0835559
0.438364, 0.0839912
0.438158, 0.0844299
0.437952, 0.084872
0.437746, 0.0853174
0.437541, 0.0857662
0.437336, 0.0862184
0.437131, 0.0866742
0.436926, 0.0871334
0.436721, 0.0875962
0.436517, 0.0880626
0.436313, 0.0885326
0.436109, 0.0890062
0.435905, 0.0894836
0.435701, 0.0899646
0.435497, 0.0904495
0.435294, 0.0909381
0.435172, 0.0912337
0.435091, 0.0914306
0.434888, 0.091927
0.434685, 0.0924273
0.434483, 0.0929315
0.43428, 0.0934398
0.434078, 0.0939521
0.433876, 0.0944685
0.433674, 0.094989
0.433473, 0.0955137
0.433271, 0.0960427
0.43307, 0.0965758
0.432869, 0.0971133
0.432668, 0.0976552
0.432468, 0.0982014
0.432267, 0.0987521
0.432067, 0.0993073
0.431867, 0.099867
0.431667, 0.100431
0.431467, 0.101
0.431267, 0.101574
0.431068, 0.102152
0.430869, 0.102735
0.43067, 0.103323
0.430471, 0.103916
0.430272, 0.104514
0.430074, 0.105117
0.429876, 0.105725
0.429677, 0.106337
0.42948, 0.106956
0.429282, 0.107579
0.429084, 0.108207
0.428887, 0.108841
0.42869, 0.109481
0.428493, 0.110125
0.428296, 0.110776
0.428099, 0.111431
0.427903, 0.112093
0.427706, 0.11276
0.42751, 0.113433
0.427314, 0.114112
0.427119, 0.114796
0.426923, 0.115487
0.426728, 0.116183
0.426532, 0.116886
0.426337, 0.117595
0.426143, 0.11831
0.425948, 0.119031
0.425753, 0.119759
0.425559, 0.120493
0.425365, 0.121234
0.425171, 0.121981
0.424977, 0.122735
0.424784, 0.123495
0.42459, 0.124263
0.424397, 0.125037
0.424204, 0.125818
0.424011, 0.126606
0.423818, 0.127402
0.423626, 0.128205
0.423433, 0.129015
0.423241, 0.129832
0.423049, 0.130657
0.422857, 0.131489
0.422665, 0.132329
0.422474, 0.133177
0.422283, 0.134032
0.422091, 0.134896
0.4219, 0.135767
0.42171, 0.136647
0.421519, 0.137535
0.421379, 0.138193
0.421329, 0.138431
0.421138, 0.139336
0.420948, 0.140249
0.420758, 0.14117
0.420568, 0.142101
0.420379, 0.14304
0.420189, 0.143988
0.42, 0.144945
0.419811, 0.145911
0.419622, 0.146887
0.419433, 0.147872
0.419245, 0.148866
0.419056, 0.14987
0.418868, 0.150884
0.41868, 0.151907
0.418492, 0.152941
0.418304, 0.153984
0.418117, 0.155038
0.417929, 0.156102
0.417742, 0.157177
0.417555, 0.158262
0.417368, 0.159358
0.417181, 0.160464
0.416995, 0.161582
0.416808, 0.162711
0.416622, 0.163851
0.416436, 0.165002
0.41625, 0.166165
0.416064, 0.16734
0.415879, 0.168527
0.415693, 0.169725
0.415508, 0.170936
0.415323, 0.172159
0.415138, 0.173394
0.414953, 0.174642
0.414769, 0.175903
0.414584, 0.177177
0.4144, 0.178464
0.414216, 0.179764
0.414032, 0.181078
0.413848, 0.182406
0.413665, 0.183747
0.413481, 0.185102
0.413298, 0.186471
0.413115, 0.187855
0.412932, 0.189253
0.412749, 0.190666
0.412566, 0.192094
0.412384, 0.193537
0.412202, 0.194995
0.412019, 0.196469
0.411837, 0.197959
0.411656, 0.199464
0.411474, 0.200986
0.411292, 0.202524
0.411111, 0.204079
0.41093, 0.205651
0.410749, 0.207239
0.410568, 0.208845
0.410387, 0.210468
0.410207, 0.212109
0.410026, 0.213768
0.409846, 0.215446
0.409666, 0.217141
0.409486, 0.218856
0.409306, 0.220589
0.409127, 0.222342
0.408947, 0.224114
0.408768, 0.225906
0.408589, 0.227718
0.40841, 0.22955
0.408231, 0.231403
0.408053, 0.233276
0.407874, 0.235171
0.407696, 0.237087
0.407586, 0.238277
0.407517, 0.239025
0.407339, 0.240985
0.407162, 0.242967
0.406984, 0.244972
0.406806, 0.247
0.406629, 0.249051
0.406452, 0.251126
0.406275, 0.253225
0.406098, 0.255347
0.405921, 0.257495
0.405744, 0.259667
0.405568, 0.261865
0.405391, 0.264088
0.405215, 0.266337
0.405039, 0.268613
0.404863, 0.270915
0.404688, 0.273244
0.404512, 0.275601
0.404337, 0.277986
0.404161, 0.280399
0.403986, 0.28284
0.403811, 0.285311
0.403636, 0.287811
0.403462, 0.29034
0.403287, 0.2929
0.403113, 0.295491
0.402939, 0.298113
0.402765, 0.300766
0.402591, 0.303452
0.402417, 0.306169
0.402243, 0.30892
0.40207, 0.311704
0.401897, 0.314522
0.401723, 0.317374
0.40155, 0.32026
0.401378, 0.323182
0.401205, 0.32614
0.401032, 0.329134
0.40086, 0.332164
0.400688, 0.335232
0.400515, 0.338338
0.400343, 0.341481
0.400172, 0.344664
0.4, 0.347886

aNPD_PFA (380-780nm)

wavelength (microns), Im(eps)
0.78, 0.00617217
0.766207, 0.00642125
0.752414, 0.00669233
0.738621, 0.0069884
0.724828, 0.00731299
0.711034, 0.0076703
0.697241, 0.00806547
0.683448, 0.00850461
0.669655, 0.00899527
0.655862, 0.00954665
0.642069, 0.0101703
0.628276, 0.0108807
0.614483, 0.0116965
0.60069, 0.0126415
0.586897, 0.0137472
0.573103, 0.0150553
0.55931, 0.0166231
0.545517, 0.0185299
0.531724, 0.020889
0.517931, 0.0238667
0.504138, 0.027716
0.490345, 0.0328378
0.476552, 0.0398987
0.462759, 0.0500766
0.448966, 0.0656166
0.435172, 0.0912367
0.421379, 0.138195
0.407586, 0.238255
0.393793, 0.498572
0.38, 1.1564



