9.460423233040951008e-01
8.011226161450453187e-01
8.997404887390819672e-01
9.212843629814536639e-01
9.406210116845644675e-01
9.089376969244890025e-01
7.963005102268532198e-01
3.424298596976296100e-02
5.635180914909344863e-02
7.444347256006211833e-01
9.935325108936069460e-01
9.944166761250035069e-01
1.000000000000000000e+00
1.000000000000000000e+00
9.375561858851618746e-01
6.479794097663876817e-01
5.603384188316234971e-02
4.583068527028364980e-01
3.585694667874989028e-01
1.940215675704016485e-01
2.054876908178177107e-04
0.000000000000000000e+00
0.000000000000000000e+00
0.000000000000000000e+00
0.000000000000000000e+00
1.760936002126696010e-03
2.696997356251669073e-02
2.082395656209363663e-02
3.733982494348992986e-01
9.548319904110168510e-01
9.642071131500342673e-01
9.796027420626628457e-01
9.513455847218462713e-01
8.586054947268083604e-01
6.443678917526197703e-01
1.794299755322802392e-01
9.309523029095891078e-02
1.346405778325871494e-01
5.276039047150582473e-01
2.434449210527126206e-01
4.149672875439295444e-02
2.488727470330930891e-01
4.390868728753781203e-01
7.909145697649547779e-01
9.386400719557811412e-01
9.662747933616886442e-01
9.834829552898417537e-01
9.870208921223450060e-01
9.878579762008737886e-01
9.842395740763129064e-01
9.383875100874269348e-01
4.602314252772145980e-02
4.820274159004286213e-02
7.456329947402554059e-02
8.239203271174156962e-01
8.879658016570233237e-01
8.262636444028349514e-01
4.764311926046062573e-01
7.946998374938519794e-01
7.893654689855422735e-01
9.562027820159881841e-01
9.088276950326708015e-01
9.531138265701516454e-01
9.885470031442230576e-01
1.000000000000000000e+00
1.000000000000000000e+00
1.916671963736208129e-01
7.394432658132484482e-05
7.924949067385950478e-04
0.000000000000000000e+00
1.090336094549575717e-02
2.172818823104473995e-01
6.393296213435892827e-01
5.458972764363579921e-01
1.815924331020983273e-01
8.097873439930498574e-01
8.935225747236017479e-01
9.631413623145025360e-01
9.608563332157585846e-01
1.884328501685524626e-01
2.595167956027540079e-02
3.161317334270863366e-02
4.886926522339881673e-01
9.080429464460878508e-01
9.401708622590171371e-01
9.563986637849599681e-01
7.029410161927021061e-01
2.712061522078115794e-01
5.647921507351890691e-01
9.759117429307645475e-01
9.856977106119902965e-01
9.825580334861341303e-01
9.506827079537314429e-01
5.625547158378024770e-02
0.000000000000000000e+00
0.000000000000000000e+00
0.000000000000000000e+00
0.000000000000000000e+00
2.183276039595088425e-01
7.728877984825321956e-01
1.665785407090027625e-03
9.034049463873153156e-04
1.060798915286996665e-02
5.252634395843514686e-02
2.553375178259269518e-01
7.567887716389464225e-01
6.700208299117432764e-01
9.214908985193325242e-01
9.430312036082892924e-01
9.531103518858483614e-01
7.695077986957592486e-01
1.268937242417073619e-01
1.166304312910239338e-01
7.462184969168310367e-02
8.079597664446991345e-01
9.284205930190073675e-01
9.454208715114139627e-01
9.815227478079491252e-01
2.314069393940758612e-01
5.565335789214017614e-01
9.096864584632966544e-01
