7e-07, 0.96302
6.98249e-07, 0.965228
6.96506e-07, 0.980333
6.94772e-07, 1.00681
6.93046e-07, 1.04241
6.91329e-07, 1.08432
6.89621e-07, 1.12944
6.87921e-07, 1.17451
6.8623e-07, 1.21642
6.84546e-07, 1.2524
6.82871e-07, 1.28017
6.81204e-07, 1.29811
6.79545e-07, 1.30532
6.77895e-07, 1.3017
6.76252e-07, 1.28786
6.74617e-07, 1.26513
6.7299e-07, 1.23538
6.71371e-07, 1.2009
6.6976e-07, 1.16424
6.68156e-07, 1.12799
6.66561e-07, 1.09465
6.64972e-07, 1.06641
6.63391e-07, 1.04504
6.61818e-07, 1.03178
6.60252e-07, 1.02728
6.58694e-07, 1.03156
6.57143e-07, 1.04404
6.55599e-07, 1.06359
6.54063e-07, 1.08864
6.52533e-07, 1.11731
6.51011e-07, 1.14751
6.49496e-07, 1.17713
6.47988e-07, 1.20416
6.46486e-07, 1.22685
6.44992e-07, 1.24378
6.43505e-07, 1.254
6.42025e-07, 1.25702
6.40551e-07, 1.25288
6.39084e-07, 1.2421
6.37624e-07, 1.22564
6.3617e-07, 1.2048
6.34723e-07, 1.18117
6.33283e-07, 1.15646
6.31849e-07, 1.13241
6.30422e-07, 1.11064
6.29001e-07, 1.09259
6.27586e-07, 1.0794
6.26178e-07, 1.07183
6.24776e-07, 1.07024
6.2338e-07, 1.07458
6.21991e-07, 1.08438
6.20608e-07, 1.09884
6.19231e-07, 1.11685
6.1786e-07, 1.13709
6.16495e-07, 1.15814
6.15136e-07, 1.17855
6.13783e-07, 1.19698
6.12436e-07, 1.21225
6.11095e-07, 1.22342
6.0976e-07, 1.22988
6.0843e-07, 1.23134
6.07107e-07, 1.22785
6.05789e-07, 1.21983
6.04477e-07, 1.20795
6.0317e-07, 1.19315
6.01869e-07, 1.17654
6.00574e-07, 1.15932
5.99284e-07, 1.14269
5.98e-07, 1.12778
5.96721e-07, 1.11558
5.95448e-07, 1.10687
5.9418e-07, 1.10217
5.92918e-07, 1.10171
5.91661e-07, 1.10543
5.90409e-07, 1.113
5.89163e-07, 1.12383
5.87921e-07, 1.13714
5.86685e-07, 1.15198
5.85455e-07, 1.16734
5.84229e-07, 1.18221
5.83008e-07, 1.19561
5.81793e-07, 1.20672
5.80583e-07, 1.21487
5.79377e-07, 1.21962
5.78177e-07, 1.22076
5.76981e-07, 1.21834
5.75791e-07, 1.21264
5.74605e-07, 1.20415
5.73425e-07, 1.19355
5.72249e-07, 1.18163
5.71078e-07, 1.16926
5.69912e-07, 1.1573
5.6875e-07, 1.1466
5.67593e-07, 1.13787
5.66441e-07, 1.13167
5.65294e-07, 1.12842
5.64151e-07, 1.12828
5.63013e-07, 1.13124
5.61879e-07, 1.13706
5.6075e-07, 1.14532
5.59626e-07, 1.15545
5.58506e-07, 1.16678
5.5739e-07, 1.17856
5.56279e-07, 1.19003
5.55172e-07, 1.20048
5.5407e-07, 1.20926
5.52972e-07, 1.21588
5.51879e-07, 1.21999
5.50789e-07, 1.2214
5.49705e-07, 1.22012
5.48624e-07, 1.21634
5.47547e-07, 1.21041
5.46475e-07, 1.20282
5.45407e-07, 1.19415
5.44343e-07, 1.18504
5.43284e-07, 1.17616
5.42228e-07, 1.16814
5.41176e-07, 1.16154
5.40129e-07, 1.15682
5.39086e-07, 1.1543
5.38046e-07, 1.15417
5.37011e-07, 1.15643
5.3598e-07, 1.16093
5.34952e-07, 1.1674
5.33929e-07, 1.17541
5.32909e-07, 1.18447
5.31893e-07, 1.194
5.30881e-07, 1.20344
5.29873e-07, 1.2122
5.28869e-07, 1.21979
5.27869e-07, 1.22579
5.26872e-07, 1.22989
5.25879e-07, 1.23191
5.2489e-07, 1.23182
5.23905e-07, 1.22972
5.22923e-07, 1.22586
5.21945e-07, 1.22058
5.20971e-07, 1.21432
5.2e-07, 1.20756
5.19033e-07, 1.20084
5.18069e-07, 1.19466
5.17109e-07, 1.18947
5.16153e-07, 1.18568
5.152e-07, 1.18358
5.14251e-07, 1.18335
5.13305e-07, 1.18504
5.12362e-07, 1.18859
5.11423e-07, 1.19381
5.10488e-07, 1.20039
5.09556e-07, 1.20798
5.08627e-07, 1.21613
5.07702e-07, 1.22438
5.0678e-07, 1.23227
5.05861e-07, 1.23938
5.04946e-07, 1.24532
5.04034e-07, 1.24982
5.03125e-07, 1.25269
5.0222e-07, 1.25385
5.01317e-07, 1.25333
5.00418e-07, 1.25129
4.99523e-07, 1.24797
4.9863e-07, 1.24368
4.97741e-07, 1.23883
4.96855e-07, 1.23381
4.95972e-07, 1.22906
4.95092e-07, 1.22497
4.94215e-07, 1.2219
4.93341e-07, 1.22013
4.92471e-07, 1.21987
4.91603e-07, 1.2212
4.90739e-07, 1.22412
4.89877e-07, 1.22854
4.89019e-07, 1.23425
4.88163e-07, 1.24098
4.87311e-07, 1.24838
4.86461e-07, 1.25608
4.85615e-07, 1.26371
4.84771e-07, 1.27087
4.83931e-07, 1.27723
4.83093e-07, 1.28251
4.82258e-07, 1.28651
4.81426e-07, 1.2891
4.80597e-07, 1.29025
4.79771e-07, 1.29004
4.78947e-07, 1.28862
4.78127e-07, 1.28623
4.77309e-07, 1.28316
4.76494e-07, 1.27976
4.75682e-07, 1.27637
4.74872e-07, 1.27337
4.74066e-07, 1.27107
4.73262e-07, 1.26976
4.7246e-07, 1.26967
4.71662e-07, 1.27093
4.70866e-07, 1.2736
4.70073e-07, 1.27765
4.69283e-07, 1.28296
4.68495e-07, 1.28934
4.67709e-07, 1.29654
4.66927e-07, 1.30424
4.66147e-07, 1.31213
4.6537e-07, 1.31987
4.64595e-07, 1.32713
4.63823e-07, 1.33364
4.63053e-07, 1.33916
4.62286e-07, 1.34354
4.61521e-07, 1.34669
4.60759e-07, 1.3486
4.6e-07, 1.34937
4.59243e-07, 1.34914
4.58488e-07, 1.34814
4.57736e-07, 1.34664
4.56987e-07, 1.34495
4.5624e-07, 1.34338
4.55495e-07, 1.34226
4.54753e-07, 1.34186
4.54013e-07, 1.34243
4.53276e-07, 1.34415
4.52541e-07, 1.34714
4.51808e-07, 1.35144
4.51078e-07, 1.35701
4.5035e-07, 1.36373
4.49624e-07, 1.37142
4.48901e-07, 1.37984
4.4818e-07, 1.38872
4.47461e-07, 1.39775
4.46745e-07, 1.40664
4.46031e-07, 1.41511
4.45319e-07, 1.42289
4.4461e-07, 1.4298
4.43902e-07, 1.43569
4.43197e-07, 1.4405
4.42495e-07, 1.44424
4.41794e-07, 1.44698
4.41096e-07, 1.44889
4.404e-07, 1.45016
4.39706e-07, 1.45106
4.39014e-07, 1.45188
4.38325e-07, 1.4529
4.37637e-07, 1.45442
4.36952e-07, 1.45671
4.36269e-07, 1.45998
4.35588e-07, 1.46442
4.34909e-07, 1.47013
4.34232e-07, 1.47714
4.33558e-07, 1.48541
4.32885e-07, 1.49484
4.32215e-07, 1.50526
4.31546e-07, 1.51645
4.3088e-07, 1.52816
4.30216e-07, 1.5401
4.29554e-07, 1.55199
4.28893e-07, 1.56358
4.28235e-07, 1.57462
4.27579e-07, 1.58494
4.26925e-07, 1.5944
4.26273e-07, 1.60295
4.25623e-07, 1.6106
4.24975e-07, 1.61742
4.24328e-07, 1.62357
4.23684e-07, 1.62925
4.23042e-07, 1.63471
4.22402e-07, 1.64023
4.21763e-07, 1.64609
4.21127e-07, 1.65258
4.20492e-07, 1.65997
4.1986e-07, 1.66849
4.19229e-07, 1.6783
4.186e-07, 1.68953
4.17973e-07, 1.70222
4.17348e-07, 1.71635
4.16725e-07, 1.73182
4.16103e-07, 1.74849
4.15484e-07, 1.76616
4.14866e-07, 1.78459
4.1425e-07, 1.80352
4.13636e-07, 1.82268
4.13024e-07, 1.84183
4.12414e-07, 1.86075
4.11805e-07, 1.87926
4.11198e-07, 1.89724
4.10593e-07, 1.91464
4.0999e-07, 1.93148
4.09389e-07, 1.94784
4.08789e-07, 1.96388
4.08191e-07, 1.97981
4.07595e-07, 1.99589
4.07e-07, 2.01242
4.06408e-07, 2.02969
4.05817e-07, 2.04802
4.05227e-07, 2.0677
4.0464e-07, 2.08898
4.04054e-07, 2.11207
4.0347e-07, 2.13712
4.02887e-07, 2.16421
4.02307e-07, 2.19336
4.01727e-07, 2.22451
4.0115e-07, 2.25756
4.00574e-07, 2.29234
4e-07, 2.32866



